"ticker","name","date","open","high","low","close","adjusted close","volume"
"ISRG","Intuitive Surgical, Inc. - Common Stock","2021-01-04 09:30:00-05:00",824.135009765625,824.135009765625,814.2319946289062,819.4000244140625,819.4000244140625,0
"ISRG","Intuitive Surgical, Inc. - Common Stock","2021-01-04 10:30:00-05:00",819.7150268554688,819.8400268554688,800.510009765625,801.3800048828125,801.3800048828125,76488
"ISRG","Intuitive Surgical, Inc. - Common Stock","2021-01-04 11:30:00-05:00",800.8900146484375,801.125,790.0,792.0399780273438,792.0399780273438,63865
"ISRG","Intuitive Surgical, Inc. - Common Stock","2021-01-04 12:30:00-05:00",792.5999755859375,798.3200073242188,789.0,798.3200073242188,798.3200073242188,75656
"ISRG","Intuitive Surgical, Inc. - Common Stock","2021-01-04 13:30:00-05:00",797.8400268554688,802.1799926757812,795.8200073242188,797.5999755859375,797.5999755859375,56882
"ISRG","Intuitive Surgical, Inc. - Common Stock","2021-01-04 14:30:00-05:00",796.330078125,798.02001953125,793.239990234375,795.7899780273438,795.7899780273438,62364
"ISRG","Intuitive Surgical, Inc. - Common Stock","2021-01-04 15:30:00-05:00",795.2650146484375,802.3099975585938,795.1199951171875,800.1199951171875,800.1199951171875,87172
"ISRG","Intuitive Surgical, Inc. - Common Stock","2021-01-04 16:00:00-05:00",800.0,800.0,800.0,800.0,800.0,0
"ISRG","Intuitive Surgical, Inc. - Common Stock","2021-01-04 17:00:00-05:00",800.0,800.0,800.0,800.0,800.0,0
"ISRG","Intuitive Surgical, Inc. - Common Stock","2021-01-05 09:30:00-05:00",793.8900146484375,804.969970703125,789.3900146484375,803.6199951171875,803.6199951171875,86589
"ISRG","Intuitive Surgical, Inc. - Common Stock","2021-01-05 10:30:00-05:00",803.1500244140625,805.8099975585938,798.4600219726562,799.489990234375,799.489990234375,40169
"ISRG","Intuitive Surgical, Inc. - Common Stock","2021-01-05 11:30:00-05:00",800.0,802.97998046875,798.75,800.030029296875,800.030029296875,31688
"ISRG","Intuitive Surgical, Inc. - Common Stock","2021-01-05 12:30:00-05:00",800.030029296875,803.6599731445312,800.030029296875,802.2999877929688,802.2999877929688,29252
"ISRG","Intuitive Surgical, Inc. - Common Stock","2021-01-05 13:30:00-05:00",802.2999877929688,809.0900268554688,802.0900268554688,807.7949829101562,807.7949829101562,39053
"ISRG","Intuitive Surgical, Inc. - Common Stock","2021-01-05 14:30:00-05:00",808.1900024414062,811.3900146484375,807.27001953125,807.5700073242188,807.5700073242188,41519
"ISRG","Intuitive Surgical, Inc. - Common Stock","2021-01-05 15:30:00-05:00",808.1199951171875,808.1500244140625,803.3800048828125,804.8900146484375,804.8900146484375,77041
"ISRG","Intuitive Surgical, Inc. - Common Stock","2021-01-05 16:00:00-05:00",805.05,805.05,805.049,805.05,805.05,0
"ISRG","Intuitive Surgical, Inc. - Common Stock","2021-01-05 17:00:00-05:00",805.05,805.05,805.05,805.05,805.05,0
"ISRG","Intuitive Surgical, Inc. - Common Stock","2021-01-06 09:00:00-05:00",795.87,795.87,793.1579,793.1579,793.1579,0
"ISRG","Intuitive Surgical, Inc. - Common Stock","2021-01-06 09:30:00-05:00",793.3300170898438,795.47998046875,786.8599853515625,794.114990234375,794.114990234375,125742
"ISRG","Intuitive Surgical, Inc. - Common Stock","2021-01-06 10:30:00-05:00",794.10498046875,799.5798950195312,793.8200073242188,797.760009765625,797.760009765625,51193
"ISRG","Intuitive Surgical, Inc. - Common Stock","2021-01-06 11:30:00-05:00",797.77001953125,798.3099975585938,790.2100830078125,790.5,790.5,65256
"ISRG","Intuitive Surgical, Inc. - Common Stock","2021-01-06 12:30:00-05:00",790.97998046875,796.3200073242188,790.97998046875,794.3699951171875,794.3699951171875,55312
"ISRG","Intuitive Surgical, Inc. - Common Stock","2021-01-06 13:30:00-05:00",794.0599975585938,799.6500244140625,790.239990234375,792.56201171875,792.56201171875,48943
"ISRG","Intuitive Surgical, Inc. - Common Stock","2021-01-06 14:30:00-05:00",791.77001953125,796.155029296875,789.8900146484375,792.97998046875,792.97998046875,85527
"ISRG","Intuitive Surgical, Inc. - Common Stock","2021-01-06 15:30:00-05:00",793.260009765625,793.969970703125,788.4600219726562,792.7100219726562,792.7100219726562,111514
"ISRG","Intuitive Surgical, Inc. - Common Stock","2021-01-06 16:00:00-05:00",792.79,792.79,792.7741,792.79,792.79,0
"ISRG","Intuitive Surgical, Inc. - Common Stock","2021-01-06 17:00:00-05:00",793.0292,793.0292,793.0292,793.0292,793.0292,0
"ISRG","Intuitive Surgical, Inc. - Common Stock","2021-01-07 09:30:00-05:00",798.8699951171875,801.0999755859375,790.0,795.1699829101562,795.1699829101562,80701
"ISRG","Intuitive Surgical, Inc. - Common Stock","2021-01-07 10:30:00-05:00",795.5700073242188,799.5599975585938,793.6300048828125,797.3150024414062,797.3150024414062,49155
"ISRG","Intuitive Surgical, Inc. - Common Stock","2021-01-07 11:30:00-05:00",797.030029296875,803.0700073242188,796.260009765625,800.3148193359375,800.3148193359375,35111
"ISRG","Intuitive Surgical, Inc. - Common Stock","2021-01-07 12:30:00-05:00",800.510009765625,806.2769165039062,800.510009765625,801.8099975585938,801.8099975585938,26716
"ISRG","Intuitive Surgical, Inc. - Common Stock","2021-01-07 13:30:00-05:00",802.4400024414062,804.4000244140625,802.114990234375,803.02001953125,803.02001953125,27393
"ISRG","Intuitive Surgical, Inc. - Common Stock","2021-01-07 14:30:00-05:00",803.5999755859375,805.9299926757812,803.260009765625,805.5800170898438,805.5800170898438,35323
"ISRG","Intuitive Surgical, Inc. - Common Stock","2021-01-07 15:30:00-05:00",805.6799926757812,810.405029296875,805.1599731445312,808.2100219726562,808.2100219726562,71301
"ISRG","Intuitive Surgical, Inc. - Common Stock","2021-01-07 16:00:00-05:00",808.21,808.21,808.21,808.21,808.21,0
"ISRG","Intuitive Surgical, Inc. - Common Stock","2021-01-07 17:00:00-05:00",808.21,808.21,808.21,808.21,808.21,0
"ISRG","Intuitive Surgical, Inc. - Common Stock","2021-01-08 09:30:00-05:00",804.219970703125,825.394775390625,804.0599975585938,817.25,817.25,85847
"ISRG","Intuitive Surgical, Inc. - Common Stock","2021-01-08 10:30:00-05:00",818.614990234375,822.2550048828125,817.030029296875,818.0800170898438,818.0800170898438,39101
"ISRG","Intuitive Surgical, Inc. - Common Stock","2021-01-08 11:30:00-05:00",819.0900268554688,819.0900268554688,813.9600219726562,815.510009765625,815.510009765625,25132
"ISRG","Intuitive Surgical, Inc. - Common Stock","2021-01-08 12:30:00-05:00",815.9500122070312,817.2949829101562,810.1400146484375,813.1500244140625,813.1500244140625,36795
"ISRG","Intuitive Surgical, Inc. - Common Stock","2021-01-08 13:30:00-05:00",812.739990234375,817.9949951171875,809.9473876953125,817.5999755859375,817.5999755859375,31177
"ISRG","Intuitive Surgical, Inc. - Common Stock","2021-01-08 14:30:00-05:00",816.719970703125,819.0599975585938,814.2100219726562,816.9600219726562,816.9600219726562,40799
"ISRG","Intuitive Surgical, Inc. - Common Stock","2021-01-08 15:30:00-05:00",817.1099853515625,819.0599975585938,811.0,818.75,818.75,148551
"ISRG","Intuitive Surgical, Inc. - Common Stock","2021-01-08 16:00:00-05:00",818.75,818.7502,818.75,818.75,818.75,0
"ISRG","Intuitive Surgical, Inc. - Common Stock","2021-01-11 08:00:00-05:00",815.69,815.69,815.69,815.69,815.69,0
"ISRG","Intuitive Surgical, Inc. - Common Stock","2021-01-11 09:30:00-05:00",818.4299926757812,818.4299926757812,803.840087890625,809.7849731445312,809.7849731445312,97871
"ISRG","Intuitive Surgical, Inc. - Common Stock","2021-01-11 10:30:00-05:00",810.47998046875,811.75,807.030029296875,811.75,811.75,49995
"ISRG","Intuitive Surgical, Inc. - Common Stock","2021-01-11 11:30:00-05:00",811.60498046875,811.8536987304688,808.010009765625,809.030029296875,809.030029296875,27728
"ISRG","Intuitive Surgical, Inc. - Common Stock","2021-01-11 12:30:00-05:00",809.4600219726562,812.135009765625,809.25,810.1599731445312,810.1599731445312,33230
"ISRG","Intuitive Surgical, Inc. - Common Stock","2021-01-11 13:30:00-05:00",810.280029296875,811.1500244140625,807.280029296875,809.0800170898438,809.0800170898438,26229
"ISRG","Intuitive Surgical, Inc. - Common Stock","2021-01-11 14:30:00-05:00",809.135009765625,812.8699951171875,807.969970703125,810.0250244140625,810.0250244140625,37745
"ISRG","Intuitive Surgical, Inc. - Common Stock","2021-01-11 15:30:00-05:00",810.3599853515625,815.1900024414062,809.4299926757812,813.739990234375,813.739990234375,58106
"ISRG","Intuitive Surgical, Inc. - Common Stock","2021-01-11 16:00:00-05:00",813.65,813.65,813.65,813.65,813.65,0
"ISRG","Intuitive Surgical, Inc. - Common Stock","2021-01-11 17:00:00-05:00",813.65,813.65,813.65,813.65,813.65,0
"ISRG","Intuitive Surgical, Inc. - Common Stock","2021-01-12 09:30:00-05:00",811.3400268554688,813.030029296875,804.5999755859375,804.8400268554688,804.8400268554688,56402
"ISRG","Intuitive Surgical, Inc. - Common Stock","2021-01-12 10:30:00-05:00",804.8400268554688,805.6500244140625,793.4650268554688,796.0800170898438,796.0800170898438,100465
"ISRG","Intuitive Surgical, Inc. - Common Stock","2021-01-12 11:30:00-05:00",796.4000244140625,798.8099975585938,792.4299926757812,794.8400268554688,794.8400268554688,55967
"ISRG","Intuitive Surgical, Inc. - Common Stock","2021-01-12 12:30:00-05:00",794.875,797.8699951171875,793.8699951171875,795.4199829101562,795.4199829101562,48008
"ISRG","Intuitive Surgical, Inc. - Common Stock","2021-01-12 13:30:00-05:00",794.9500122070312,797.676025390625,791.0,791.0,791.0,56051
"ISRG","Intuitive Surgical, Inc. - Common Stock","2021-01-12 14:30:00-05:00",791.5599975585938,795.1959838867188,789.3200073242188,793.1240844726562,793.1240844726562,57055
"ISRG","Intuitive Surgical, Inc. - Common Stock","2021-01-12 15:30:00-05:00",792.9470825195312,793.969970703125,788.2999877929688,788.3099975585938,788.3099975585938,148155
"ISRG","Intuitive Surgical, Inc. - Common Stock","2021-01-12 16:00:00-05:00",788.43,788.43,788.43,788.43,788.43,0
"ISRG","Intuitive Surgical, Inc. - Common Stock","2021-01-12 17:00:00-05:00",788.43,788.43,788.43,788.43,788.43,0
"ISRG","Intuitive Surgical, Inc. - Common Stock","2021-01-12 18:00:00-05:00",788.43,790.5,788.43,790.0,790.0,0
"ISRG","Intuitive Surgical, Inc. - Common Stock","2021-01-13 06:00:00-05:00",793.33,793.33,793.33,793.33,793.33,0
"ISRG","Intuitive Surgical, Inc. - Common Stock","2021-01-13 09:00:00-05:00",792.9,795.0,790.0,790.0,790.0,0
"ISRG","Intuitive Surgical, Inc. - Common Stock","2021-01-13 09:30:00-05:00",787.3699951171875,799.989990234375,786.0,798.7449951171875,798.7449951171875,200639
"ISRG","Intuitive Surgical, Inc. - Common Stock","2021-01-13 10:30:00-05:00",798.875,816.489990234375,798.875,815.010009765625,815.010009765625,142197
"ISRG","Intuitive Surgical, Inc. - Common Stock","2021-01-13 11:30:00-05:00",815.1950073242188,824.0,814.0601196289062,823.0850219726562,823.0850219726562,99982
"ISRG","Intuitive Surgical, Inc. - Common Stock","2021-01-13 12:30:00-05:00",823.1748046875,823.2150268554688,810.0599975585938,811.2100219726562,811.2100219726562,76453
"ISRG","Intuitive Surgical, Inc. - Common Stock","2021-01-13 13:30:00-05:00",811.4199829101562,813.5399780273438,807.7150268554688,811.0,811.0,53423
"ISRG","Intuitive Surgical, Inc. - Common Stock","2021-01-13 14:30:00-05:00",810.7999877929688,811.8800048828125,808.7000122070312,811.030029296875,811.030029296875,83198
"ISRG","Intuitive Surgical, Inc. - Common Stock","2021-01-13 15:30:00-05:00",811.010009765625,812.530029296875,809.47998046875,812.3400268554688,812.3400268554688,81752
"ISRG","Intuitive Surgical, Inc. - Common Stock","2021-01-13 16:00:00-05:00",811.45,811.45,809.9372,811.45,811.45,0
"ISRG","Intuitive Surgical, Inc. - Common Stock","2021-01-13 17:00:00-05:00",811.45,811.45,811.45,811.45,811.45,0
"ISRG","Intuitive Surgical, Inc. - Common Stock","2021-01-14 09:30:00-05:00",814.2899780273438,815.77001953125,801.5629272460938,804.64501953125,804.64501953125,80794
"ISRG","Intuitive Surgical, Inc. - Common Stock","2021-01-14 10:30:00-05:00",804.6580200195312,806.5250244140625,802.510009765625,802.8200073242188,802.8200073242188,57482
"ISRG","Intuitive Surgical, Inc. - Common Stock","2021-01-14 11:30:00-05:00",802.8300170898438,803.2000122070312,798.764892578125,799.530029296875,799.530029296875,49405
"ISRG","Intuitive Surgical, Inc. - Common Stock","2021-01-14 12:30:00-05:00",800.0599975585938,800.0599975585938,795.0700073242188,796.1400146484375,796.1400146484375,38604
"ISRG","Intuitive Surgical, Inc. - Common Stock","2021-01-14 13:30:00-05:00",795.9099731445312,803.0900268554688,795.0499877929688,802.9500122070312,802.9500122070312,39883
"ISRG","Intuitive Surgical, Inc. - Common Stock","2021-01-14 14:30:00-05:00",802.8599853515625,803.2100219726562,798.655029296875,799.5399780273438,799.5399780273438,79693
"ISRG","Intuitive Surgical, Inc. - Common Stock","2021-01-14 15:30:00-05:00",799.6500244140625,800.3400268554688,796.0,797.3200073242188,797.3200073242188,80851
"ISRG","Intuitive Surgical, Inc. - Common Stock","2021-01-14 16:00:00-05:00",797.14,797.14,797.139,797.14,797.14,0
"ISRG","Intuitive Surgical, Inc. - Common Stock","2021-01-14 17:00:00-05:00",797.14,797.14,797.14,797.14,797.14,0
"ISRG","Intuitive Surgical, Inc. - Common Stock","2021-01-15 09:00:00-05:00",807.81,808.35,807.81,808.35,808.35,0
"ISRG","Intuitive Surgical, Inc. - Common Stock","2021-01-15 09:30:00-05:00",800.0599975585938,802.0599975585938,782.2849731445312,782.4249877929688,782.4249877929688,156240
"ISRG","Intuitive Surgical, Inc. - Common Stock","2021-01-15 10:30:00-05:00",783.2249755859375,789.3900146484375,782.8350219726562,786.9500122070312,786.9500122070312,53524
"ISRG","Intuitive Surgical, Inc. - Common Stock","2021-01-15 11:30:00-05:00",787.5203857421875,787.905029296875,779.510009765625,779.510009765625,779.510009765625,86900
"ISRG","Intuitive Surgical, Inc. - Common Stock","2021-01-15 12:30:00-05:00",779.385009765625,781.5999755859375,777.0,779.8674926757812,779.8674926757812,73927
"ISRG","Intuitive Surgical, Inc. - Common Stock","2021-01-15 13:30:00-05:00",780.4299926757812,785.1900024414062,779.0700073242188,783.5,783.5,51620
"ISRG","Intuitive Surgical, Inc. - Common Stock","2021-01-15 14:30:00-05:00",783.2849731445312,785.5700073242188,781.64501953125,783.114990234375,783.114990234375,69739
"ISRG","Intuitive Surgical, Inc. - Common Stock","2021-01-15 15:30:00-05:00",783.4400024414062,784.8474731445312,777.010009765625,778.2899780273438,778.2899780273438,162910
"ISRG","Intuitive Surgical, Inc. - Common Stock","2021-01-15 16:00:00-05:00",778.42,778.66,777.0,778.42,778.42,0
"ISRG","Intuitive Surgical, Inc. - Common Stock","2021-01-15 17:00:00-05:00",777.01,783.14,777.01,780.0,780.0,0
"ISRG","Intuitive Surgical, Inc. - Common Stock","2021-01-15 18:00:00-05:00",778.42,780.0,778.42,779.0,779.0,0
"ISRG","Intuitive Surgical, Inc. - Common Stock","2021-01-19 08:00:00-05:00",780.0,780.0,780.0,780.0,780.0,0
"ISRG","Intuitive Surgical, Inc. - Common Stock","2021-01-19 09:30:00-05:00",785.0900268554688,792.0,777.6500244140625,783.5900268554688,783.5900268554688,114627
"ISRG","Intuitive Surgical, Inc. - Common Stock","2021-01-19 10:30:00-05:00",783.03857421875,784.1599731445312,776.1900024414062,777.3499755859375,777.3499755859375,58652
"ISRG","Intuitive Surgical, Inc. - Common Stock","2021-01-19 11:30:00-05:00",776.9600219726562,782.864990234375,775.4212036132812,781.1099853515625,781.1099853515625,60124
"ISRG","Intuitive Surgical, Inc. - Common Stock","2021-01-19 12:30:00-05:00",781.0599975585938,784.64501953125,780.7050170898438,783.4199829101562,783.4199829101562,49062
"ISRG","Intuitive Surgical, Inc. - Common Stock","2021-01-19 13:30:00-05:00",783.6749877929688,786.3300170898438,780.0,780.7899780273438,780.7899780273438,59699
"ISRG","Intuitive Surgical, Inc. - Common Stock","2021-01-19 14:30:00-05:00",780.8300170898438,783.155029296875,779.6799926757812,781.6300048828125,781.6300048828125,64712
"ISRG","Intuitive Surgical, Inc. - Common Stock","2021-01-19 15:30:00-05:00",781.9199829101562,784.25,778.27001953125,778.27001953125,778.27001953125,128971
"ISRG","Intuitive Surgical, Inc. - Common Stock","2021-01-19 16:00:00-05:00",778.41,778.41,778.41,778.41,778.41,0
"ISRG","Intuitive Surgical, Inc. - Common Stock","2021-01-19 17:00:00-05:00",778.41,780.0,778.41,780.0,780.0,0
"ISRG","Intuitive Surgical, Inc. - Common Stock","2021-01-20 07:00:00-05:00",784.0,784.0,784.0,784.0,784.0,0
"ISRG","Intuitive Surgical, Inc. - Common Stock","2021-01-20 09:00:00-05:00",784.0,784.0,784.0,784.0,784.0,0
"ISRG","Intuitive Surgical, Inc. - Common Stock","2021-01-20 09:30:00-05:00",785.5499877929688,798.0,781.6300048828125,795.4299926757812,795.4299926757812,124518
"ISRG","Intuitive Surgical, Inc. - Common Stock","2021-01-20 10:30:00-05:00",795.0250244140625,796.8770141601562,788.7100219726562,791.6799926757812,791.6799926757812,45707
"ISRG","Intuitive Surgical, Inc. - Common Stock","2021-01-20 11:30:00-05:00",791.7000122070312,796.010009765625,789.8300170898438,795.0700073242188,795.0700073242188,46331
"ISRG","Intuitive Surgical, Inc. - Common Stock","2021-01-20 12:30:00-05:00",794.5599975585938,800.4500122070312,794.3400268554688,799.1199951171875,799.1199951171875,68452
"ISRG","Intuitive Surgical, Inc. - Common Stock","2021-01-20 13:30:00-05:00",798.8099975585938,800.8150024414062,798.1699829101562,798.5800170898438,798.5800170898438,38912
"ISRG","Intuitive Surgical, Inc. - Common Stock","2021-01-20 14:30:00-05:00",799.030029296875,800.135009765625,796.2200927734375,798.75,798.75,51411
"ISRG","Intuitive Surgical, Inc. - Common Stock","2021-01-20 15:30:00-05:00",798.7100219726562,801.6699829101562,798.02001953125,798.8800048828125,798.8800048828125,95748
"ISRG","Intuitive Surgical, Inc. - Common Stock","2021-01-20 16:00:00-05:00",798.57,803.0,795.2287,799.0,799.0,0
"ISRG","Intuitive Surgical, Inc. - Common Stock","2021-01-20 17:00:00-05:00",801.02,801.02,800.0,801.0,801.0,0
"ISRG","Intuitive Surgical, Inc. - Common Stock","2021-01-20 18:00:00-05:00",801.49,801.49,799.0,800.99,800.99,0
"ISRG","Intuitive Surgical, Inc. - Common Stock","2021-01-21 04:00:00-05:00",804.55,805.0,804.55,805.0,805.0,0
"ISRG","Intuitive Surgical, Inc. - Common Stock","2021-01-21 06:00:00-05:00",800.18,800.18,800.18,800.18,800.18,0
"ISRG","Intuitive Surgical, Inc. - Common Stock","2021-01-21 07:00:00-05:00",805.0,805.0,801.11,801.56,801.56,0
"ISRG","Intuitive Surgical, Inc. - Common Stock","2021-01-21 08:00:00-05:00",809.991,810.0,804.79,805.0,805.0,0
"ISRG","Intuitive Surgical, Inc. - Common Stock","2021-01-21 09:00:00-05:00",804.98,805.0,797.6,797.6,797.6,0
"ISRG","Intuitive Surgical, Inc. - Common Stock","2021-01-21 09:30:00-05:00",796.3300170898438,800.25,782.9299926757812,789.0700073242188,789.0700073242188,105069
"ISRG","Intuitive Surgical, Inc. - Common Stock","2021-01-21 10:30:00-05:00",788.9099731445312,794.5,787.530029296875,790.47998046875,790.47998046875,61880
"ISRG","Intuitive Surgical, Inc. - Common Stock","2021-01-21 11:30:00-05:00",790.0510864257812,791.8400268554688,789.030029296875,791.8400268554688,791.8400268554688,35436
"ISRG","Intuitive Surgical, Inc. - Common Stock","2021-01-21 12:30:00-05:00",791.5,800.5800170898438,789.969970703125,799.781982421875,799.781982421875,66396
"ISRG","Intuitive Surgical, Inc. - Common Stock","2021-01-21 13:30:00-05:00",800.4600219726562,802.0,799.2999877929688,799.969970703125,799.969970703125,53444
"ISRG","Intuitive Surgical, Inc. - Common Stock","2021-01-21 14:30:00-05:00",799.75,799.8535766601562,797.1699829101562,798.4600219726562,798.4600219726562,68051
"ISRG","Intuitive Surgical, Inc. - Common Stock","2021-01-21 15:30:00-05:00",798.5399780273438,800.344970703125,796.3800048828125,799.4299926757812,799.4299926757812,140376
"ISRG","Intuitive Surgical, Inc. - Common Stock","2021-01-21 16:00:00-05:00",798.67,804.85,776.0,790.0,790.0,0
"ISRG","Intuitive Surgical, Inc. - Common Stock","2021-01-21 17:00:00-05:00",790.0,790.0,785.0,789.7,789.7,0
"ISRG","Intuitive Surgical, Inc. - Common Stock","2021-01-21 18:00:00-05:00",788.0,790.0,786.0,788.5,788.5,0
"ISRG","Intuitive Surgical, Inc. - Common Stock","2021-01-22 04:00:00-05:00",791.13,791.13,791.13,791.13,791.13,0
"ISRG","Intuitive Surgical, Inc. - Common Stock","2021-01-22 05:00:00-05:00",789.57,789.57,785.0,785.0,785.0,0
"ISRG","Intuitive Surgical, Inc. - Common Stock","2021-01-22 07:00:00-05:00",785.0,795.58,780.0,788.0,788.0,0
"ISRG","Intuitive Surgical, Inc. - Common Stock","2021-01-22 08:00:00-05:00",788.0,795.0,780.0,784.5,784.5,0
"ISRG","Intuitive Surgical, Inc. - Common Stock","2021-01-22 09:00:00-05:00",783.69,785.0,780.01,782.7,782.7,0
"ISRG","Intuitive Surgical, Inc. - Common Stock","2021-01-22 09:30:00-05:00",783.0399780273438,789.219970703125,756.9099731445312,757.4500122070312,757.4500122070312,395603
"ISRG","Intuitive Surgical, Inc. - Common Stock","2021-01-22 10:30:00-05:00",757.6199951171875,758.9398803710938,753.6199951171875,756.1500244140625,756.1500244140625,260965
"ISRG","Intuitive Surgical, Inc. - Common Stock","2021-01-22 11:30:00-05:00",756.3400268554688,758.280029296875,752.2899780273438,753.4000244140625,753.4000244140625,163916
"ISRG","Intuitive Surgical, Inc. - Common Stock","2021-01-22 12:30:00-05:00",753.3300170898438,755.7999877929688,748.8300170898438,755.6599731445312,755.6599731445312,178402
"ISRG","Intuitive Surgical, Inc. - Common Stock","2021-01-22 13:30:00-05:00",755.3350219726562,756.8699951171875,750.5900268554688,750.5900268554688,750.5900268554688,149495
"ISRG","Intuitive Surgical, Inc. - Common Stock","2021-01-22 14:30:00-05:00",750.5999755859375,756.4099731445312,749.6099853515625,755.89501953125,755.89501953125,166317
"ISRG","Intuitive Surgical, Inc. - Common Stock","2021-01-22 15:30:00-05:00",755.885009765625,755.885009765625,743.530029296875,744.0800170898438,744.0800170898438,346720
"ISRG","Intuitive Surgical, Inc. - Common Stock","2021-01-22 16:00:00-05:00",744.08,749.3,743.5,745.0,745.0,0
"ISRG","Intuitive Surgical, Inc. - Common Stock","2021-01-22 17:00:00-05:00",744.5,745.0,743.5,744.02,744.02,0
"ISRG","Intuitive Surgical, Inc. - Common Stock","2021-01-22 18:00:00-05:00",744.02,744.45,743.6,744.44,744.44,0
"ISRG","Intuitive Surgical, Inc. - Common Stock","2021-01-25 04:00:00-05:00",745.0,749.3,745.0,749.3,749.3,0
"ISRG","Intuitive Surgical, Inc. - Common Stock","2021-01-25 05:00:00-05:00",749.0,749.0,749.0,749.0,749.0,0
"ISRG","Intuitive Surgical, Inc. - Common Stock","2021-01-25 06:00:00-05:00",749.0,751.0,745.37,745.37,745.37,0
"ISRG","Intuitive Surgical, Inc. - Common Stock","2021-01-25 07:00:00-05:00",746.23,755.75,745.0,745.0,745.0,0
"ISRG","Intuitive Surgical, Inc. - Common Stock","2021-01-25 08:00:00-05:00",746.0,750.13,743.62,744.2,744.2,0
"ISRG","Intuitive Surgical, Inc. - Common Stock","2021-01-25 09:00:00-05:00",745.0,749.0,743.85,748.28,748.28,0
"ISRG","Intuitive Surgical, Inc. - Common Stock","2021-01-25 09:30:00-05:00",747.4099731445312,753.4299926757812,741.02001953125,744.6400146484375,744.6400146484375,283151
"ISRG","Intuitive Surgical, Inc. - Common Stock","2021-01-25 10:30:00-05:00",744.6300048828125,746.7100219726562,735.6400146484375,739.75,739.75,139833
"ISRG","Intuitive Surgical, Inc. - Common Stock","2021-01-25 11:30:00-05:00",739.8200073242188,746.9299926757812,738.77001953125,742.969970703125,742.969970703125,132205
"ISRG","Intuitive Surgical, Inc. - Common Stock","2021-01-25 12:30:00-05:00",743.3900146484375,745.5499877929688,742.0800170898438,744.8900146484375,744.8900146484375,85662
"ISRG","Intuitive Surgical, Inc. - Common Stock","2021-01-25 13:30:00-05:00",745.1900024414062,749.989990234375,743.97998046875,747.739990234375,747.739990234375,93414
"ISRG","Intuitive Surgical, Inc. - Common Stock","2021-01-25 14:30:00-05:00",747.5250244140625,748.6500244140625,743.989990234375,747.0800170898438,747.0800170898438,83075
"ISRG","Intuitive Surgical, Inc. - Common Stock","2021-01-25 15:30:00-05:00",746.8099975585938,753.719970703125,746.0499877929688,752.239990234375,752.239990234375,182161
"ISRG","Intuitive Surgical, Inc. - Common Stock","2021-01-25 16:00:00-05:00",752.01,752.01,751.0,751.0,751.0,0
"ISRG","Intuitive Surgical, Inc. - Common Stock","2021-01-25 17:00:00-05:00",751.0,752.0,750.0,752.0,752.0,0
"ISRG","Intuitive Surgical, Inc. - Common Stock","2021-01-25 18:00:00-05:00",751.0,754.4,751.0,754.4,754.4,0
"ISRG","Intuitive Surgical, Inc. - Common Stock","2021-01-26 04:00:00-05:00",752.0,755.0,749.37,755.0,755.0,0
"ISRG","Intuitive Surgical, Inc. - Common Stock","2021-01-26 05:00:00-05:00",755.0,764.21,754.5,764.21,764.21,0
"ISRG","Intuitive Surgical, Inc. - Common Stock","2021-01-26 07:00:00-05:00",755.0,763.0,752.0,755.0,755.0,0
"ISRG","Intuitive Surgical, Inc. - Common Stock","2021-01-26 08:00:00-05:00",752.92,760.0,752.34,759.4,759.4,0
"ISRG","Intuitive Surgical, Inc. - Common Stock","2021-01-26 09:00:00-05:00",757.9944,759.0,752.01,755.0,755.0,0
"ISRG","Intuitive Surgical, Inc. - Common Stock","2021-01-26 09:30:00-05:00",754.47998046875,766.0,753.0150146484375,763.9299926757812,763.9299926757812,261180
"ISRG","Intuitive Surgical, Inc. - Common Stock","2021-01-26 10:30:00-05:00",764.4799194335938,768.469970703125,761.489990234375,767.1500244140625,767.1500244140625,104644
"ISRG","Intuitive Surgical, Inc. - Common Stock","2021-01-26 11:30:00-05:00",766.9199829101562,768.3800048828125,761.9600219726562,767.5399780273438,767.5399780273438,63734
"ISRG","Intuitive Surgical, Inc. - Common Stock","2021-01-26 12:30:00-05:00",767.3699951171875,768.1900024414062,764.5399780273438,767.760009765625,767.760009765625,88579
"ISRG","Intuitive Surgical, Inc. - Common Stock","2021-01-26 13:30:00-05:00",768.1699829101562,772.6300048828125,767.6900024414062,768.8599853515625,768.8599853515625,112266
"ISRG","Intuitive Surgical, Inc. - Common Stock","2021-01-26 14:30:00-05:00",768.7899780273438,772.4199829101562,767.5700073242188,770.4600219726562,770.4600219726562,130420
"ISRG","Intuitive Surgical, Inc. - Common Stock","2021-01-26 15:30:00-05:00",770.39501953125,770.6900024414062,766.9199829101562,769.8599853515625,769.8599853515625,161306
"ISRG","Intuitive Surgical, Inc. - Common Stock","2021-01-26 16:00:00-05:00",769.81,773.85,766.0,770.0,770.0,0
"ISRG","Intuitive Surgical, Inc. - Common Stock","2021-01-26 17:00:00-05:00",768.22,775.3,768.03,769.75,769.75,0
"ISRG","Intuitive Surgical, Inc. - Common Stock","2021-01-26 18:00:00-05:00",769.75,771.29,767.0,768.03,768.03,0
"ISRG","Intuitive Surgical, Inc. - Common Stock","2021-01-27 04:00:00-05:00",765.0,765.0,765.0,765.0,765.0,0
"ISRG","Intuitive Surgical, Inc. - Common Stock","2021-01-27 05:00:00-05:00",765.0,768.0,765.0,765.0,765.0,0
"ISRG","Intuitive Surgical, Inc. - Common Stock","2021-01-27 06:00:00-05:00",769.63,770.0,765.0,766.0,766.0,0
"ISRG","Intuitive Surgical, Inc. - Common Stock","2021-01-27 07:00:00-05:00",769.0,769.0,760.01,760.51,760.51,0
"ISRG","Intuitive Surgical, Inc. - Common Stock","2021-01-27 08:00:00-05:00",760.99,769.64,760.49,762.5,762.5,0
"ISRG","Intuitive Surgical, Inc. - Common Stock","2021-01-27 09:00:00-05:00",761.5,766.8,760.49,761.01,761.01,0
"ISRG","Intuitive Surgical, Inc. - Common Stock","2021-01-27 09:30:00-05:00",760.4000244140625,764.7899780273438,746.9600830078125,758.469970703125,758.469970703125,173570
"ISRG","Intuitive Surgical, Inc. - Common Stock","2021-01-27 10:30:00-05:00",756.969970703125,764.1099853515625,755.9249877929688,759.7100219726562,759.7100219726562,59809
"ISRG","Intuitive Surgical, Inc. - Common Stock","2021-01-27 11:30:00-05:00",759.9299926757812,761.4400024414062,750.8699951171875,758.8049926757812,758.8049926757812,75664
"ISRG","Intuitive Surgical, Inc. - Common Stock","2021-01-27 12:30:00-05:00",758.0601196289062,766.1900024414062,756.5549926757812,765.5549926757812,765.5549926757812,60019
"ISRG","Intuitive Surgical, Inc. - Common Stock","2021-01-27 13:30:00-05:00",764.8900146484375,769.3900146484375,762.5,763.280029296875,763.280029296875,87690
"ISRG","Intuitive Surgical, Inc. - Common Stock","2021-01-27 14:30:00-05:00",763.1900024414062,766.5,758.0,758.9000244140625,758.9000244140625,96790
"ISRG","Intuitive Surgical, Inc. - Common Stock","2021-01-27 15:30:00-05:00",758.8250122070312,761.5999755859375,756.0599975585938,758.72998046875,758.72998046875,126797
"ISRG","Intuitive Surgical, Inc. - Common Stock","2021-01-27 16:00:00-05:00",758.73,758.73,746.35,758.7,758.7,0
"ISRG","Intuitive Surgical, Inc. - Common Stock","2021-01-27 17:00:00-05:00",758.7,760.8471,751.0,760.8471,760.8471,0
"ISRG","Intuitive Surgical, Inc. - Common Stock","2021-01-27 18:00:00-05:00",757.5,758.68,748.6,748.6,748.6,0
"ISRG","Intuitive Surgical, Inc. - Common Stock","2021-01-28 04:00:00-05:00",751.98,751.98,751.98,751.98,751.98,0
"ISRG","Intuitive Surgical, Inc. - Common Stock","2021-01-28 05:00:00-05:00",752.0,757.0,752.0,757.0,757.0,0
"ISRG","Intuitive Surgical, Inc. - Common Stock","2021-01-28 06:00:00-05:00",757.06,758.0,757.06,758.0,758.0,0
"ISRG","Intuitive Surgical, Inc. - Common Stock","2021-01-28 07:00:00-05:00",758.7,760.0,745.0,759.68,759.68,0
"ISRG","Intuitive Surgical, Inc. - Common Stock","2021-01-28 08:00:00-05:00",759.33,759.33,736.0,753.3,753.3,0
"ISRG","Intuitive Surgical, Inc. - Common Stock","2021-01-28 09:00:00-05:00",748.0,765.0,747.19,765.0,765.0,0
"ISRG","Intuitive Surgical, Inc. - Common Stock","2021-01-28 09:30:00-05:00",767.9849853515625,776.27001953125,766.5449829101562,773.760009765625,773.760009765625,116553
"ISRG","Intuitive Surgical, Inc. - Common Stock","2021-01-28 10:30:00-05:00",774.1300048828125,776.6300048828125,771.3250122070312,772.8643798828125,772.8643798828125,64386
"ISRG","Intuitive Surgical, Inc. - Common Stock","2021-01-28 11:30:00-05:00",773.0900268554688,777.5,771.7999877929688,775.8599853515625,775.8599853515625,44429
"ISRG","Intuitive Surgical, Inc. - Common Stock","2021-01-28 12:30:00-05:00",776.0,778.239990234375,775.1300048828125,775.3927001953125,775.3927001953125,49670
"ISRG","Intuitive Surgical, Inc. - Common Stock","2021-01-28 13:30:00-05:00",776.0,777.7000122070312,769.5,771.4500122070312,771.4500122070312,54282
"ISRG","Intuitive Surgical, Inc. - Common Stock","2021-01-28 14:30:00-05:00",771.5900268554688,776.0999755859375,769.6699829101562,773.030029296875,773.030029296875,52629
"ISRG","Intuitive Surgical, Inc. - Common Stock","2021-01-28 15:30:00-05:00",773.75,775.0399780273438,764.9299926757812,765.2999877929688,765.2999877929688,84381
"ISRG","Intuitive Surgical, Inc. - Common Stock","2021-01-28 16:00:00-05:00",765.36,767.0,763.72,763.72,763.72,0
"ISRG","Intuitive Surgical, Inc. - Common Stock","2021-01-28 17:00:00-05:00",763.72,765.5,762.75,765.5,765.5,0
"ISRG","Intuitive Surgical, Inc. - Common Stock","2021-01-28 18:00:00-05:00",760.93,763.19,760.0,761.0,761.0,0
"ISRG","Intuitive Surgical, Inc. - Common Stock","2021-01-29 04:00:00-05:00",757.0,760.0,757.0,760.0,760.0,0
"ISRG","Intuitive Surgical, Inc. - Common Stock","2021-01-29 05:00:00-05:00",744.36,744.36,744.36,744.36,744.36,0
"ISRG","Intuitive Surgical, Inc. - Common Stock","2021-01-29 06:00:00-05:00",755.0,761.7,748.0,748.0,748.0,0
"ISRG","Intuitive Surgical, Inc. - Common Stock","2021-01-29 07:00:00-05:00",756.0,759.48,755.0,759.48,759.48,0
"ISRG","Intuitive Surgical, Inc. - Common Stock","2021-01-29 08:00:00-05:00",759.48,765.0,752.01,753.0,753.0,0
"ISRG","Intuitive Surgical, Inc. - Common Stock","2021-01-29 09:00:00-05:00",753.125,772.98,753.0,753.0,753.0,0
"ISRG","Intuitive Surgical, Inc. - Common Stock","2021-01-29 09:30:00-05:00",754.364013671875,761.169921875,747.780029296875,758.9199829101562,758.9199829101562,82545
"ISRG","Intuitive Surgical, Inc. - Common Stock","2021-01-29 10:30:00-05:00",757.6099853515625,757.6099853515625,748.4530029296875,750.219970703125,750.219970703125,52921
"ISRG","Intuitive Surgical, Inc. - Common Stock","2021-01-29 11:30:00-05:00",750.1199951171875,750.85498046875,743.6555786132812,745.47998046875,745.47998046875,80030
"ISRG","Intuitive Surgical, Inc. - Common Stock","2021-01-29 12:30:00-05:00",745.25,748.4238891601562,741.5,748.048583984375,748.048583984375,49616
"ISRG","Intuitive Surgical, Inc. - Common Stock","2021-01-29 13:30:00-05:00",748.3900146484375,752.5399780273438,745.5150146484375,751.2999877929688,751.2999877929688,39460
"ISRG","Intuitive Surgical, Inc. - Common Stock","2021-01-29 14:30:00-05:00",750.7000122070312,756.239990234375,748.260009765625,752.8099975585938,752.8099975585938,48757
"ISRG","Intuitive Surgical, Inc. - Common Stock","2021-01-29 15:30:00-05:00",753.239990234375,755.1900024414062,745.780029296875,747.4400024414062,747.4400024414062,149588
"ISRG","Intuitive Surgical, Inc. - Common Stock","2021-01-29 16:00:00-05:00",747.64,749.2633,741.0,744.12,744.12,0
"ISRG","Intuitive Surgical, Inc. - Common Stock","2021-01-29 17:00:00-05:00",740.4,747.63,740.4,746.51,746.51,0
"ISRG","Intuitive Surgical, Inc. - Common Stock","2021-01-29 18:00:00-05:00",746.51,748.0,746.51,748.0,748.0,0
"ISRG","Intuitive Surgical, Inc. - Common Stock","2021-02-01 04:00:00-05:00",749.73,753.47,749.58,753.47,753.47,0
"ISRG","Intuitive Surgical, Inc. - Common Stock","2021-02-01 05:00:00-05:00",753.47,753.97,749.58,753.97,753.97,0
"ISRG","Intuitive Surgical, Inc. - Common Stock","2021-02-01 06:00:00-05:00",753.15,753.15,750.71,750.71,750.71,0
"ISRG","Intuitive Surgical, Inc. - Common Stock","2021-02-01 07:00:00-05:00",750.45,754.49,750.21,750.21,750.21,0
"ISRG","Intuitive Surgical, Inc. - Common Stock","2021-02-01 08:00:00-05:00",754.0,764.12,748.21,754.5,754.5,0
"ISRG","Intuitive Surgical, Inc. - Common Stock","2021-02-01 09:00:00-05:00",753.15,754.19,747.04,753.06,753.06,0
"ISRG","Intuitive Surgical, Inc. - Common Stock","2021-02-01 09:30:00-05:00",752.0,760.8699951171875,743.780029296875,747.6300048828125,747.6300048828125,107399
"ISRG","Intuitive Surgical, Inc. - Common Stock","2021-02-01 10:30:00-05:00",748.8599853515625,751.6900024414062,740.0,746.9199829101562,746.9199829101562,82227
"ISRG","Intuitive Surgical, Inc. - Common Stock","2021-02-01 11:30:00-05:00",746.8400268554688,754.7999877929688,746.0172119140625,751.7899780273438,751.7899780273438,57474
"ISRG","Intuitive Surgical, Inc. - Common Stock","2021-02-01 12:30:00-05:00",751.8900146484375,753.9500122070312,748.760009765625,750.010009765625,750.010009765625,55933
"ISRG","Intuitive Surgical, Inc. - Common Stock","2021-02-01 13:30:00-05:00",750.2000122070312,752.0,749.3572998046875,751.3200073242188,751.3200073242188,38740
"ISRG","Intuitive Surgical, Inc. - Common Stock","2021-02-01 14:30:00-05:00",750.489990234375,751.989990234375,747.010009765625,747.02001953125,747.02001953125,62679
"ISRG","Intuitive Surgical, Inc. - Common Stock","2021-02-01 15:30:00-05:00",746.8499755859375,749.1199951171875,745.52001953125,745.9000244140625,745.9000244140625,154322
"ISRG","Intuitive Surgical, Inc. - Common Stock","2021-02-01 16:00:00-05:00",746.11,756.0,742.53,746.11,746.11,0
"ISRG","Intuitive Surgical, Inc. - Common Stock","2021-02-01 17:00:00-05:00",746.11,750.25,746.11,748.46,748.46,0
"ISRG","Intuitive Surgical, Inc. - Common Stock","2021-02-01 18:00:00-05:00",749.64,749.64,746.25,747.75,747.75,0
"ISRG","Intuitive Surgical, Inc. - Common Stock","2021-02-02 04:00:00-05:00",748.42,748.42,748.05,748.05,748.05,0
"ISRG","Intuitive Surgical, Inc. - Common Stock","2021-02-02 05:00:00-05:00",749.47,749.47,749.47,749.47,749.47,0
"ISRG","Intuitive Surgical, Inc. - Common Stock","2021-02-02 07:00:00-05:00",750.0,752.99,749.0,751.0,751.0,0
"ISRG","Intuitive Surgical, Inc. - Common Stock","2021-02-02 08:00:00-05:00",752.0,756.48,750.0,751.33,751.33,0
"ISRG","Intuitive Surgical, Inc. - Common Stock","2021-02-02 09:00:00-05:00",751.33,753.12,745.0,753.0,753.0,0
"ISRG","Intuitive Surgical, Inc. - Common Stock","2021-02-02 09:30:00-05:00",753.6599731445312,766.4349975585938,753.6599731445312,763.1099853515625,763.1099853515625,119384
"ISRG","Intuitive Surgical, Inc. - Common Stock","2021-02-02 10:30:00-05:00",762.7100219726562,764.97998046875,757.9249877929688,763.219970703125,763.219970703125,65999
"ISRG","Intuitive Surgical, Inc. - Common Stock","2021-02-02 11:30:00-05:00",763.3499755859375,768.489990234375,762.3400268554688,763.6400146484375,763.6400146484375,48284
"ISRG","Intuitive Surgical, Inc. - Common Stock","2021-02-02 12:30:00-05:00",763.77001953125,765.9299926757812,762.8499755859375,763.0599975585938,763.0599975585938,32227
"ISRG","Intuitive Surgical, Inc. - Common Stock","2021-02-02 13:30:00-05:00",763.2000122070312,763.9102172851562,761.0800170898438,761.7999877929688,761.7999877929688,48268
"ISRG","Intuitive Surgical, Inc. - Common Stock","2021-02-02 14:30:00-05:00",761.52001953125,762.9500122070312,759.0700073242188,762.0399780273438,762.0399780273438,41789
"ISRG","Intuitive Surgical, Inc. - Common Stock","2021-02-02 15:30:00-05:00",761.6599731445312,762.780029296875,757.1400146484375,759.0499877929688,759.0499877929688,92588
"ISRG","Intuitive Surgical, Inc. - Common Stock","2021-02-02 16:00:00-05:00",757.84,765.0,755.0,757.84,757.84,0
"ISRG","Intuitive Surgical, Inc. - Common Stock","2021-02-02 17:00:00-05:00",757.0,758.08,750.0,757.84,757.84,0
"ISRG","Intuitive Surgical, Inc. - Common Stock","2021-02-02 18:00:00-05:00",765.0,765.0,758.0,758.0,758.0,0
"ISRG","Intuitive Surgical, Inc. - Common Stock","2021-02-03 06:00:00-05:00",757.84,757.84,757.84,757.84,757.84,0
"ISRG","Intuitive Surgical, Inc. - Common Stock","2021-02-03 07:00:00-05:00",765.0,765.0,759.0,759.42,759.42,0
"ISRG","Intuitive Surgical, Inc. - Common Stock","2021-02-03 08:00:00-05:00",759.03,762.83,758.0,758.8,758.8,0
"ISRG","Intuitive Surgical, Inc. - Common Stock","2021-02-03 09:00:00-05:00",758.0,758.9,751.03,757.0,757.0,0
"ISRG","Intuitive Surgical, Inc. - Common Stock","2021-02-03 09:30:00-05:00",754.989990234375,757.760009765625,747.27001953125,751.239990234375,751.239990234375,94635
"ISRG","Intuitive Surgical, Inc. - Common Stock","2021-02-03 10:30:00-05:00",751.4500122070312,755.106689453125,749.7537231445312,753.75,753.75,50817
"ISRG","Intuitive Surgical, Inc. - Common Stock","2021-02-03 11:30:00-05:00",753.7899780273438,753.7899780273438,747.8900146484375,747.9400024414062,747.9400024414062,32157
"ISRG","Intuitive Surgical, Inc. - Common Stock","2021-02-03 12:30:00-05:00",747.8599853515625,749.6430053710938,746.010009765625,747.6900024414062,747.6900024414062,46888
"ISRG","Intuitive Surgical, Inc. - Common Stock","2021-02-03 13:30:00-05:00",747.6400146484375,749.8699951171875,746.969970703125,748.47998046875,748.47998046875,50103
"ISRG","Intuitive Surgical, Inc. - Common Stock","2021-02-03 14:30:00-05:00",748.4400024414062,749.25,745.5800170898438,745.8900146484375,745.8900146484375,64360
"ISRG","Intuitive Surgical, Inc. - Common Stock","2021-02-03 15:30:00-05:00",746.2650146484375,746.8599853515625,744.6099853515625,744.8300170898438,744.8300170898438,100588
"ISRG","Intuitive Surgical, Inc. - Common Stock","2021-02-03 16:00:00-05:00",745.4,750.0,745.4,746.9,746.9,0
"ISRG","Intuitive Surgical, Inc. - Common Stock","2021-02-03 17:00:00-05:00",742.2,749.99,742.2,745.09,745.09,0
"ISRG","Intuitive Surgical, Inc. - Common Stock","2021-02-03 18:00:00-05:00",747.01,747.01,745.77,745.77,745.77,0
"ISRG","Intuitive Surgical, Inc. - Common Stock","2021-02-04 04:00:00-05:00",745.4,745.4,743.2,743.2,743.2,0
"ISRG","Intuitive Surgical, Inc. - Common Stock","2021-02-04 07:00:00-05:00",746.12,747.99,745.52,745.92,745.92,0
"ISRG","Intuitive Surgical, Inc. - Common Stock","2021-02-04 08:00:00-05:00",745.35,752.14,745.0,746.93,746.93,0
"ISRG","Intuitive Surgical, Inc. - Common Stock","2021-02-04 09:00:00-05:00",747.0,754.53,745.4,749.8,749.8,0
"ISRG","Intuitive Surgical, Inc. - Common Stock","2021-02-04 09:30:00-05:00",750.0,758.864990234375,745.260009765625,757.6199951171875,757.6199951171875,139014
"ISRG","Intuitive Surgical, Inc. - Common Stock","2021-02-04 10:30:00-05:00",757.8599853515625,764.6400146484375,757.4810791015625,758.2949829101562,758.2949829101562,89331
"ISRG","Intuitive Surgical, Inc. - Common Stock","2021-02-04 11:30:00-05:00",758.8900146484375,761.1099853515625,758.0399780273438,758.4299926757812,758.4299926757812,52247
"ISRG","Intuitive Surgical, Inc. - Common Stock","2021-02-04 12:30:00-05:00",758.280029296875,761.469970703125,757.5999755859375,760.5650024414062,760.5650024414062,81103
"ISRG","Intuitive Surgical, Inc. - Common Stock","2021-02-04 13:30:00-05:00",760.719970703125,761.739990234375,756.280029296875,756.7249755859375,756.7249755859375,74446
"ISRG","Intuitive Surgical, Inc. - Common Stock","2021-02-04 14:30:00-05:00",756.5050048828125,758.3499755859375,755.0,757.0499877929688,757.0499877929688,67232
"ISRG","Intuitive Surgical, Inc. - Common Stock","2021-02-04 15:30:00-05:00",756.780029296875,759.7899780273438,755.0700073242188,756.8300170898438,756.8300170898438,159807
"ISRG","Intuitive Surgical, Inc. - Common Stock","2021-02-04 16:00:00-05:00",757.05,771.585,755.16,757.05,757.05,0
"ISRG","Intuitive Surgical, Inc. - Common Stock","2021-02-04 17:00:00-05:00",759.89,759.89,757.05,757.05,757.05,0
"ISRG","Intuitive Surgical, Inc. - Common Stock","2021-02-04 18:00:00-05:00",751.005,759.99,751.005,757.06,757.06,0
"ISRG","Intuitive Surgical, Inc. - Common Stock","2021-02-05 04:00:00-05:00",760.0,760.0,760.0,760.0,760.0,0
"ISRG","Intuitive Surgical, Inc. - Common Stock","2021-02-05 07:00:00-05:00",760.0,765.0,758.36,764.0,764.0,0
"ISRG","Intuitive Surgical, Inc. - Common Stock","2021-02-05 08:00:00-05:00",762.0,764.0,762.0,764.0,764.0,0
"ISRG","Intuitive Surgical, Inc. - Common Stock","2021-02-05 09:00:00-05:00",761.0,767.009,757.05,764.24,764.24,0
"ISRG","Intuitive Surgical, Inc. - Common Stock","2021-02-05 09:30:00-05:00",764.5999755859375,766.1699829101562,761.780029296875,764.25,764.25,68937
"ISRG","Intuitive Surgical, Inc. - Common Stock","2021-02-05 10:30:00-05:00",764.4600219726562,766.3300170898438,763.02001953125,763.1799926757812,763.1799926757812,54741
"ISRG","Intuitive Surgical, Inc. - Common Stock","2021-02-05 11:30:00-05:00",763.6900024414062,766.0,762.1600952148438,762.5599975585938,762.5599975585938,47124
"ISRG","Intuitive Surgical, Inc. - Common Stock","2021-02-05 12:30:00-05:00",762.3800048828125,764.176025390625,761.989990234375,762.6929931640625,762.6929931640625,49968
"ISRG","Intuitive Surgical, Inc. - Common Stock","2021-02-05 13:30:00-05:00",763.27001953125,764.0499877929688,760.6799926757812,762.5150146484375,762.5150146484375,37960
"ISRG","Intuitive Surgical, Inc. - Common Stock","2021-02-05 14:30:00-05:00",762.77001953125,763.0900268554688,760.5800170898438,762.0700073242188,762.0700073242188,41177
"ISRG","Intuitive Surgical, Inc. - Common Stock","2021-02-05 15:30:00-05:00",761.9199829101562,763.239990234375,760.5,761.7000122070312,761.7000122070312,61514
"ISRG","Intuitive Surgical, Inc. - Common Stock","2021-02-05 16:00:00-05:00",762.25,765.65,761.3,762.25,762.25,0
"ISRG","Intuitive Surgical, Inc. - Common Stock","2021-02-05 17:00:00-05:00",762.24,762.25,762.0,762.25,762.25,0
"ISRG","Intuitive Surgical, Inc. - Common Stock","2021-02-05 18:00:00-05:00",762.24,762.5,762.0,762.0,762.0,0
"ISRG","Intuitive Surgical, Inc. - Common Stock","2021-02-08 04:00:00-05:00",762.24,762.24,762.24,762.24,762.24,0
"ISRG","Intuitive Surgical, Inc. - Common Stock","2021-02-08 07:00:00-05:00",765.0,765.0,763.09,763.09,763.09,0
"ISRG","Intuitive Surgical, Inc. - Common Stock","2021-02-08 08:00:00-05:00",762.25,765.0,757.04,763.47,763.47,0
"ISRG","Intuitive Surgical, Inc. - Common Stock","2021-02-08 09:00:00-05:00",765.0,770.66,764.0,770.66,770.66,0
"ISRG","Intuitive Surgical, Inc. - Common Stock","2021-02-08 09:30:00-05:00",768.260009765625,775.0399780273438,761.8599853515625,767.6099853515625,767.6099853515625,73118
"ISRG","Intuitive Surgical, Inc. - Common Stock","2021-02-08 10:30:00-05:00",766.6043701171875,773.22998046875,766.5999755859375,773.030029296875,773.030029296875,58841
"ISRG","Intuitive Surgical, Inc. - Common Stock","2021-02-08 11:30:00-05:00",773.2899780273438,773.8862915039062,766.6300048828125,768.8599853515625,768.8599853515625,34165
"ISRG","Intuitive Surgical, Inc. - Common Stock","2021-02-08 12:30:00-05:00",768.6400146484375,770.6500244140625,767.47998046875,768.3049926757812,768.3049926757812,43632
"ISRG","Intuitive Surgical, Inc. - Common Stock","2021-02-08 13:30:00-05:00",768.5999755859375,771.1900024414062,768.5999755859375,769.6599731445312,769.6599731445312,36623
"ISRG","Intuitive Surgical, Inc. - Common Stock","2021-02-08 14:30:00-05:00",769.6599731445312,769.8599853515625,766.8800048828125,768.4500122070312,768.4500122070312,52443
"ISRG","Intuitive Surgical, Inc. - Common Stock","2021-02-08 15:30:00-05:00",768.3599853515625,770.2000122070312,766.4450073242188,770.2000122070312,770.2000122070312,71989
"ISRG","Intuitive Surgical, Inc. - Common Stock","2021-02-08 16:00:00-05:00",770.0,771.0,768.0,768.0,768.0,0
"ISRG","Intuitive Surgical, Inc. - Common Stock","2021-02-08 17:00:00-05:00",769.99,770.0,769.0,770.0,770.0,0
"ISRG","Intuitive Surgical, Inc. - Common Stock","2021-02-08 18:00:00-05:00",767.52,770.0,767.0,770.0,770.0,0
"ISRG","Intuitive Surgical, Inc. - Common Stock","2021-02-09 07:00:00-05:00",769.99,774.89,769.98,774.89,774.89,0
"ISRG","Intuitive Surgical, Inc. - Common Stock","2021-02-09 08:00:00-05:00",774.89,774.89,769.0,773.61,773.61,0
"ISRG","Intuitive Surgical, Inc. - Common Stock","2021-02-09 09:00:00-05:00",769.99,772.36,767.76,772.36,772.36,0
"ISRG","Intuitive Surgical, Inc. - Common Stock","2021-02-09 09:30:00-05:00",772.989990234375,788.9099731445312,770.780029296875,785.5700073242188,785.5700073242188,124137
"ISRG","Intuitive Surgical, Inc. - Common Stock","2021-02-09 10:30:00-05:00",785.530029296875,785.530029296875,778.0,782.0349731445312,782.0349731445312,52843
"ISRG","Intuitive Surgical, Inc. - Common Stock","2021-02-09 11:30:00-05:00",782.4849853515625,784.989990234375,781.4099731445312,781.4099731445312,781.4099731445312,40585
"ISRG","Intuitive Surgical, Inc. - Common Stock","2021-02-09 12:30:00-05:00",781.6500244140625,784.489990234375,779.7000122070312,780.8800048828125,780.8800048828125,33306
"ISRG","Intuitive Surgical, Inc. - Common Stock","2021-02-09 13:30:00-05:00",780.8599853515625,781.4299926757812,777.3499755859375,778.10498046875,778.10498046875,36561
"ISRG","Intuitive Surgical, Inc. - Common Stock","2021-02-09 14:30:00-05:00",777.9249877929688,781.4400024414062,777.5499877929688,780.1500244140625,780.1500244140625,33820
"ISRG","Intuitive Surgical, Inc. - Common Stock","2021-02-09 15:30:00-05:00",780.2949829101562,781.7000122070312,778.8300170898438,778.8300170898438,778.8300170898438,103011
"ISRG","Intuitive Surgical, Inc. - Common Stock","2021-02-09 16:00:00-05:00",779.35,781.59,779.35,781.59,781.59,0
"ISRG","Intuitive Surgical, Inc. - Common Stock","2021-02-09 17:00:00-05:00",780.35,783.0,779.35,780.4,780.4,0
"ISRG","Intuitive Surgical, Inc. - Common Stock","2021-02-09 18:00:00-05:00",781.29,781.29,779.35,780.39,780.39,0
"ISRG","Intuitive Surgical, Inc. - Common Stock","2021-02-10 04:00:00-05:00",782.98,782.98,782.98,782.98,782.98,0
"ISRG","Intuitive Surgical, Inc. - Common Stock","2021-02-10 07:00:00-05:00",780.0,780.0,780.0,780.0,780.0,0
"ISRG","Intuitive Surgical, Inc. - Common Stock","2021-02-10 08:00:00-05:00",780.0,782.0,779.15,780.05,780.05,0
"ISRG","Intuitive Surgical, Inc. - Common Stock","2021-02-10 09:00:00-05:00",780.05,788.98,779.35,788.98,788.98,0
"ISRG","Intuitive Surgical, Inc. - Common Stock","2021-02-10 09:30:00-05:00",787.0,794.510009765625,784.969970703125,787.5,787.5,100640
"ISRG","Intuitive Surgical, Inc. - Common Stock","2021-02-10 10:30:00-05:00",786.2698974609375,786.5700073242188,778.91552734375,785.239990234375,785.239990234375,43706
"ISRG","Intuitive Surgical, Inc. - Common Stock","2021-02-10 11:30:00-05:00",784.6900024414062,787.1400146484375,782.0,786.0599975585938,786.0599975585938,32819
"ISRG","Intuitive Surgical, Inc. - Common Stock","2021-02-10 12:30:00-05:00",785.9249877929688,788.6400146484375,784.4199829101562,788.6400146484375,788.6400146484375,44638
"ISRG","Intuitive Surgical, Inc. - Common Stock","2021-02-10 13:30:00-05:00",788.27001953125,791.4099731445312,786.97998046875,791.4099731445312,791.4099731445312,39390
"ISRG","Intuitive Surgical, Inc. - Common Stock","2021-02-10 14:30:00-05:00",791.52001953125,793.1099853515625,789.2899780273438,790.0599975585938,790.0599975585938,46988
"ISRG","Intuitive Surgical, Inc. - Common Stock","2021-02-10 15:30:00-05:00",790.2100219726562,790.5800170898438,785.7999877929688,788.0800170898438,788.0800170898438,89417
"ISRG","Intuitive Surgical, Inc. - Common Stock","2021-02-10 16:00:00-05:00",788.09,789.03,786.0,788.0,788.0,0
"ISRG","Intuitive Surgical, Inc. - Common Stock","2021-02-10 17:00:00-05:00",788.09,788.61,786.66,788.09,788.09,0
"ISRG","Intuitive Surgical, Inc. - Common Stock","2021-02-10 18:00:00-05:00",784.08,788.09,779.05,779.05,779.05,0
"ISRG","Intuitive Surgical, Inc. - Common Stock","2021-02-11 04:00:00-05:00",785.83,785.83,785.83,785.83,785.83,0
"ISRG","Intuitive Surgical, Inc. - Common Stock","2021-02-11 05:00:00-05:00",785.65,785.65,785.65,785.65,785.65,0
"ISRG","Intuitive Surgical, Inc. - Common Stock","2021-02-11 07:00:00-05:00",785.5,788.09,785.5,788.09,788.09,0
"ISRG","Intuitive Surgical, Inc. - Common Stock","2021-02-11 08:00:00-05:00",796.249,796.249,775.0,790.5,790.5,0
"ISRG","Intuitive Surgical, Inc. - Common Stock","2021-02-11 09:00:00-05:00",789.0,796.71,788.09,793.14,793.14,0
"ISRG","Intuitive Surgical, Inc. - Common Stock","2021-02-11 09:30:00-05:00",794.0,797.2999877929688,788.219970703125,797.2999877929688,797.2999877929688,69103
"ISRG","Intuitive Surgical, Inc. - Common Stock","2021-02-11 10:30:00-05:00",797.6799926757812,799.4400024414062,795.9000244140625,797.0999755859375,797.0999755859375,39616
"ISRG","Intuitive Surgical, Inc. - Common Stock","2021-02-11 11:30:00-05:00",797.4600219726562,800.0,794.1400146484375,794.1500244140625,794.1500244140625,69843
"ISRG","Intuitive Surgical, Inc. - Common Stock","2021-02-11 12:30:00-05:00",794.6400146484375,797.3200073242188,791.52001953125,796.844970703125,796.844970703125,35678
"ISRG","Intuitive Surgical, Inc. - Common Stock","2021-02-11 13:30:00-05:00",796.625,796.969970703125,794.280029296875,796.5399780273438,796.5399780273438,31084
"ISRG","Intuitive Surgical, Inc. - Common Stock","2021-02-11 14:30:00-05:00",796.5399780273438,798.989990234375,794.3300170898438,798.85498046875,798.85498046875,43723
"ISRG","Intuitive Surgical, Inc. - Common Stock","2021-02-11 15:30:00-05:00",798.719970703125,800.4000244140625,797.3099975585938,798.7899780273438,798.7899780273438,101589
"ISRG","Intuitive Surgical, Inc. - Common Stock","2021-02-11 16:00:00-05:00",798.83,800.03,798.0,798.83,798.83,0
"ISRG","Intuitive Surgical, Inc. - Common Stock","2021-02-11 17:00:00-05:00",798.83,800.0,788.0,800.0,800.0,0
"ISRG","Intuitive Surgical, Inc. - Common Stock","2021-02-11 18:00:00-05:00",799.0,800.0,799.0,800.0,800.0,0
"ISRG","Intuitive Surgical, Inc. - Common Stock","2021-02-12 05:00:00-05:00",799.15,801.0,799.15,801.0,801.0,0
"ISRG","Intuitive Surgical, Inc. - Common Stock","2021-02-12 07:00:00-05:00",795.0,801.98,795.0,801.98,801.98,0
"ISRG","Intuitive Surgical, Inc. - Common Stock","2021-02-12 08:00:00-05:00",802.56,805.0,799.0,799.0,799.0,0
"ISRG","Intuitive Surgical, Inc. - Common Stock","2021-02-12 09:00:00-05:00",799.0,803.0,796.53,799.08,799.08,0
"ISRG","Intuitive Surgical, Inc. - Common Stock","2021-02-12 09:30:00-05:00",799.260009765625,802.0900268554688,795.3900146484375,796.0700073242188,796.0700073242188,55374
"ISRG","Intuitive Surgical, Inc. - Common Stock","2021-02-12 10:30:00-05:00",795.8300170898438,799.2100219726562,793.7916259765625,799.1400146484375,799.1400146484375,46701
"ISRG","Intuitive Surgical, Inc. - Common Stock","2021-02-12 11:30:00-05:00",799.0499877929688,801.6099853515625,798.9299926757812,800.3099975585938,800.3099975585938,36945
"ISRG","Intuitive Surgical, Inc. - Common Stock","2021-02-12 12:30:00-05:00",799.8099975585938,802.0,798.5800170898438,799.14501953125,799.14501953125,33816
"ISRG","Intuitive Surgical, Inc. - Common Stock","2021-02-12 13:30:00-05:00",799.030029296875,800.2999877929688,798.22998046875,800.2999877929688,800.2999877929688,40139
"ISRG","Intuitive Surgical, Inc. - Common Stock","2021-02-12 14:30:00-05:00",800.1300048828125,805.0,800.0499877929688,803.6500244140625,803.6500244140625,57165
"ISRG","Intuitive Surgical, Inc. - Common Stock","2021-02-12 15:30:00-05:00",803.530029296875,808.4199829101562,803.530029296875,808.1099853515625,808.1099853515625,96131
"ISRG","Intuitive Surgical, Inc. - Common Stock","2021-02-12 16:00:00-05:00",808.1,808.1,806.51,807.81,807.81,0
"ISRG","Intuitive Surgical, Inc. - Common Stock","2021-02-12 17:00:00-05:00",807.81,807.81,806.35,807.8,807.8,0
"ISRG","Intuitive Surgical, Inc. - Common Stock","2021-02-12 18:00:00-05:00",806.35,807.8,806.35,807.8,807.8,0
"ISRG","Intuitive Surgical, Inc. - Common Stock","2021-02-16 04:00:00-05:00",809.99,815.0,809.99,810.0,810.0,0
"ISRG","Intuitive Surgical, Inc. - Common Stock","2021-02-16 06:00:00-05:00",810.0,810.0,810.0,810.0,810.0,0
"ISRG","Intuitive Surgical, Inc. - Common Stock","2021-02-16 07:00:00-05:00",814.0,817.0,809.64,812.32,812.32,0
"ISRG","Intuitive Surgical, Inc. - Common Stock","2021-02-16 08:00:00-05:00",812.2,819.99,810.0,816.1,816.1,0
"ISRG","Intuitive Surgical, Inc. - Common Stock","2021-02-16 09:00:00-05:00",816.13,818.498,810.03,810.03,810.03,0
"ISRG","Intuitive Surgical, Inc. - Common Stock","2021-02-16 09:30:00-05:00",810.0,812.7899780273438,792.7000122070312,794.739990234375,794.739990234375,161543
"ISRG","Intuitive Surgical, Inc. - Common Stock","2021-02-16 10:30:00-05:00",794.7050170898438,798.4400024414062,791.3099975585938,791.9255981445312,791.9255981445312,65704
"ISRG","Intuitive Surgical, Inc. - Common Stock","2021-02-16 11:30:00-05:00",792.0499877929688,793.1799926757812,788.8900146484375,793.1799926757812,793.1799926757812,36661
"ISRG","Intuitive Surgical, Inc. - Common Stock","2021-02-16 12:30:00-05:00",793.719970703125,793.719970703125,789.7000122070312,792.59130859375,792.59130859375,39632
"ISRG","Intuitive Surgical, Inc. - Common Stock","2021-02-16 13:30:00-05:00",792.1900024414062,792.25,789.3300170898438,790.8200073242188,790.8200073242188,30948
"ISRG","Intuitive Surgical, Inc. - Common Stock","2021-02-16 14:30:00-05:00",790.3300170898438,792.239990234375,789.469970703125,791.5900268554688,791.5900268554688,28487
"ISRG","Intuitive Surgical, Inc. - Common Stock","2021-02-16 15:30:00-05:00",791.7550048828125,792.155029296875,789.5900268554688,791.9400024414062,791.9400024414062,61987
"ISRG","Intuitive Surgical, Inc. - Common Stock","2021-02-16 16:00:00-05:00",791.95,791.96,791.95,791.95,791.95,0
"ISRG","Intuitive Surgical, Inc. - Common Stock","2021-02-16 17:00:00-05:00",791.95,791.95,787.0,787.0,787.0,0
"ISRG","Intuitive Surgical, Inc. - Common Stock","2021-02-16 18:00:00-05:00",802.16,802.16,788.01,788.88,788.88,0
"ISRG","Intuitive Surgical, Inc. - Common Stock","2021-02-17 04:00:00-05:00",790.61,790.61,790.0,790.0,790.0,0
"ISRG","Intuitive Surgical, Inc. - Common Stock","2021-02-17 05:00:00-05:00",795.43,796.0,790.01,790.01,790.01,0
"ISRG","Intuitive Surgical, Inc. - Common Stock","2021-02-17 06:00:00-05:00",791.95,791.95,791.95,791.95,791.95,0
"ISRG","Intuitive Surgical, Inc. - Common Stock","2021-02-17 07:00:00-05:00",791.95,803.0,791.0,799.02,799.02,0
"ISRG","Intuitive Surgical, Inc. - Common Stock","2021-02-17 08:00:00-05:00",799.5,808.99,790.0,791.39,791.39,0
"ISRG","Intuitive Surgical, Inc. - Common Stock","2021-02-17 09:00:00-05:00",790.91,808.0,780.0,780.31,780.31,0
"ISRG","Intuitive Surgical, Inc. - Common Stock","2021-02-17 09:30:00-05:00",782.0,788.4000244140625,780.3200073242188,781.5999755859375,781.5999755859375,72173
"ISRG","Intuitive Surgical, Inc. - Common Stock","2021-02-17 10:30:00-05:00",781.3499755859375,781.3499755859375,775.7999877929688,777.7000122070312,777.7000122070312,58242
"ISRG","Intuitive Surgical, Inc. - Common Stock","2021-02-17 11:30:00-05:00",776.1400146484375,777.97998046875,774.4199829101562,777.9400024414062,777.9400024414062,34964
"ISRG","Intuitive Surgical, Inc. - Common Stock","2021-02-17 12:30:00-05:00",776.9450073242188,777.9299926757812,775.6799926757812,777.9299926757812,777.9299926757812,32675
"ISRG","Intuitive Surgical, Inc. - Common Stock","2021-02-17 13:30:00-05:00",777.739990234375,780.9149780273438,777.739990234375,778.9398193359375,778.9398193359375,32033
"ISRG","Intuitive Surgical, Inc. - Common Stock","2021-02-17 14:30:00-05:00",779.0700073242188,781.0650024414062,778.0521240234375,780.4400024414062,780.4400024414062,29048
"ISRG","Intuitive Surgical, Inc. - Common Stock","2021-02-17 15:30:00-05:00",780.3699951171875,781.6900024414062,779.1199951171875,779.219970703125,779.219970703125,71840
"ISRG","Intuitive Surgical, Inc. - Common Stock","2021-02-17 16:00:00-05:00",780.06,790.0,780.0,780.06,780.06,0
"ISRG","Intuitive Surgical, Inc. - Common Stock","2021-02-17 17:00:00-05:00",780.06,780.1,775.1,780.1,780.1,0
"ISRG","Intuitive Surgical, Inc. - Common Stock","2021-02-17 18:00:00-05:00",781.0,781.0,780.06,780.1,780.1,0
"ISRG","Intuitive Surgical, Inc. - Common Stock","2021-02-18 04:00:00-05:00",780.06,780.06,780.06,780.06,780.06,0
"ISRG","Intuitive Surgical, Inc. - Common Stock","2021-02-18 07:00:00-05:00",777.24,785.0,775.62,775.62,775.62,0
"ISRG","Intuitive Surgical, Inc. - Common Stock","2021-02-18 08:00:00-05:00",775.62,780.06,775.62,778.0,778.0,0
"ISRG","Intuitive Surgical, Inc. - Common Stock","2021-02-18 09:00:00-05:00",777.75,777.75,770.0,777.75,777.75,0
"ISRG","Intuitive Surgical, Inc. - Common Stock","2021-02-18 09:30:00-05:00",774.5700073242188,776.4199829101562,757.7899780273438,761.1199951171875,761.1199951171875,115883
"ISRG","Intuitive Surgical, Inc. - Common Stock","2021-02-18 10:30:00-05:00",761.3699951171875,770.75,759.35498046875,767.280029296875,767.280029296875,60269
"ISRG","Intuitive Surgical, Inc. - Common Stock","2021-02-18 11:30:00-05:00",767.1400146484375,767.9099731445312,763.7780151367188,767.9099731445312,767.9099731445312,39863
"ISRG","Intuitive Surgical, Inc. - Common Stock","2021-02-18 12:30:00-05:00",768.030029296875,768.510009765625,765.85498046875,768.47998046875,768.47998046875,36245
"ISRG","Intuitive Surgical, Inc. - Common Stock","2021-02-18 13:30:00-05:00",768.989990234375,771.8699951171875,768.989990234375,771.4990234375,771.4990234375,43565
"ISRG","Intuitive Surgical, Inc. - Common Stock","2021-02-18 14:30:00-05:00",770.8699951171875,773.530029296875,769.1799926757812,772.739990234375,772.739990234375,68169
"ISRG","Intuitive Surgical, Inc. - Common Stock","2021-02-18 15:30:00-05:00",772.4500122070312,773.8900146484375,766.4600219726562,767.3699951171875,767.3699951171875,93552
"ISRG","Intuitive Surgical, Inc. - Common Stock","2021-02-18 16:00:00-05:00",767.53,770.0,766.0,767.53,767.53,0
"ISRG","Intuitive Surgical, Inc. - Common Stock","2021-02-18 17:00:00-05:00",770.0,770.03,770.0,770.03,770.03,0
"ISRG","Intuitive Surgical, Inc. - Common Stock","2021-02-18 18:00:00-05:00",767.53,773.6,767.53,772.0,772.0,0
"ISRG","Intuitive Surgical, Inc. - Common Stock","2021-02-19 04:00:00-05:00",770.91,774.74,767.53,767.53,767.53,0
"ISRG","Intuitive Surgical, Inc. - Common Stock","2021-02-19 07:00:00-05:00",773.6,773.6,770.0,770.0,770.0,0
"ISRG","Intuitive Surgical, Inc. - Common Stock","2021-02-19 08:00:00-05:00",771.7,773.6,767.53,773.59,773.59,0
"ISRG","Intuitive Surgical, Inc. - Common Stock","2021-02-19 09:00:00-05:00",779.65,779.65,770.01,773.41,773.41,0
"ISRG","Intuitive Surgical, Inc. - Common Stock","2021-02-19 09:30:00-05:00",773.25,773.25,758.8800048828125,765.635009765625,765.635009765625,131478
"ISRG","Intuitive Surgical, Inc. - Common Stock","2021-02-19 10:30:00-05:00",765.780029296875,766.4949951171875,760.0,761.4450073242188,761.4450073242188,77284
"ISRG","Intuitive Surgical, Inc. - Common Stock","2021-02-19 11:30:00-05:00",761.5800170898438,762.260009765625,757.5399780273438,759.7625122070312,759.7625122070312,66155
"ISRG","Intuitive Surgical, Inc. - Common Stock","2021-02-19 12:30:00-05:00",759.2750244140625,759.9600219726562,753.9600219726562,755.989990234375,755.989990234375,72975
"ISRG","Intuitive Surgical, Inc. - Common Stock","2021-02-19 13:30:00-05:00",755.739990234375,756.9500122070312,751.5399780273438,752.0250244140625,752.0250244140625,54791
"ISRG","Intuitive Surgical, Inc. - Common Stock","2021-02-19 14:30:00-05:00",752.030029296875,754.2150268554688,750.5499877929688,753.010009765625,753.010009765625,63098
"ISRG","Intuitive Surgical, Inc. - Common Stock","2021-02-19 15:30:00-05:00",753.3599853515625,753.969970703125,749.6799926757812,749.6900024414062,749.6900024414062,150185
"ISRG","Intuitive Surgical, Inc. - Common Stock","2021-02-19 16:00:00-05:00",750.15,754.19,748.6,750.15,750.15,0
"ISRG","Intuitive Surgical, Inc. - Common Stock","2021-02-19 17:00:00-05:00",750.2,752.0,750.0,750.14,750.14,0
"ISRG","Intuitive Surgical, Inc. - Common Stock","2021-02-19 18:00:00-05:00",752.0,754.005,752.0,752.31,752.31,0
"ISRG","Intuitive Surgical, Inc. - Common Stock","2021-02-22 04:00:00-05:00",744.9,744.9,743.0,743.0,743.0,0
"ISRG","Intuitive Surgical, Inc. - Common Stock","2021-02-22 05:00:00-05:00",747.01,747.01,744.9,744.9,744.9,0
"ISRG","Intuitive Surgical, Inc. - Common Stock","2021-02-22 07:00:00-05:00",743.0,752.12,742.0,746.99,746.99,0
"ISRG","Intuitive Surgical, Inc. - Common Stock","2021-02-22 08:00:00-05:00",745.0,765.11,743.2,745.0,745.0,0
"ISRG","Intuitive Surgical, Inc. - Common Stock","2021-02-22 09:00:00-05:00",749.15,752.5,742.0,748.14,748.14,0
"ISRG","Intuitive Surgical, Inc. - Common Stock","2021-02-22 09:30:00-05:00",751.7899780273438,752.7899780273438,738.0,740.9550170898438,740.9550170898438,119204
"ISRG","Intuitive Surgical, Inc. - Common Stock","2021-02-22 10:30:00-05:00",740.8800048828125,741.1749877929688,737.0,738.3400268554688,738.3400268554688,58982
"ISRG","Intuitive Surgical, Inc. - Common Stock","2021-02-22 11:30:00-05:00",737.9400024414062,743.989990234375,737.5599975585938,741.9600219726562,741.9600219726562,46859
"ISRG","Intuitive Surgical, Inc. - Common Stock","2021-02-22 12:30:00-05:00",742.0900268554688,744.6898803710938,741.9600219726562,743.9000244140625,743.9000244140625,39329
"ISRG","Intuitive Surgical, Inc. - Common Stock","2021-02-22 13:30:00-05:00",743.9014282226562,749.5700073242188,743.8400268554688,749.1199951171875,749.1199951171875,38949
"ISRG","Intuitive Surgical, Inc. - Common Stock","2021-02-22 14:30:00-05:00",749.27001953125,749.989990234375,743.0599975585938,743.4349975585938,743.4349975585938,74053
"ISRG","Intuitive Surgical, Inc. - Common Stock","2021-02-22 15:30:00-05:00",743.5349731445312,744.5457153320312,741.4249877929688,741.6199951171875,741.6199951171875,109505
"ISRG","Intuitive Surgical, Inc. - Common Stock","2021-02-22 16:00:00-05:00",741.4,743.0,741.0,741.4,741.4,0
"ISRG","Intuitive Surgical, Inc. - Common Stock","2021-02-22 17:00:00-05:00",741.4,765.0,740.17,765.0,765.0,0
"ISRG","Intuitive Surgical, Inc. - Common Stock","2021-02-22 18:00:00-05:00",748.34,748.34,748.34,748.34,748.34,0
"ISRG","Intuitive Surgical, Inc. - Common Stock","2021-02-23 04:00:00-05:00",743.94,743.94,743.94,743.94,743.94,0
"ISRG","Intuitive Surgical, Inc. - Common Stock","2021-02-23 05:00:00-05:00",738.73,738.73,723.0,725.0,725.0,0
"ISRG","Intuitive Surgical, Inc. - Common Stock","2021-02-23 06:00:00-05:00",725.0,736.69,725.0,735.93,735.93,0
"ISRG","Intuitive Surgical, Inc. - Common Stock","2021-02-23 07:00:00-05:00",737.5,743.33,734.0,740.52,740.52,0
"ISRG","Intuitive Surgical, Inc. - Common Stock","2021-02-23 08:00:00-05:00",740.99,755.0,733.0,735.0028,735.0028,0
"ISRG","Intuitive Surgical, Inc. - Common Stock","2021-02-23 09:00:00-05:00",736.09,737.7,733.0,736.09,736.09,0
"ISRG","Intuitive Surgical, Inc. - Common Stock","2021-02-23 09:30:00-05:00",742.0,745.22998046875,733.1599731445312,742.47998046875,742.47998046875,125329
"ISRG","Intuitive Surgical, Inc. - Common Stock","2021-02-23 10:30:00-05:00",742.0399780273438,747.7113037109375,738.0599975585938,739.5900268554688,739.5900268554688,64322
"ISRG","Intuitive Surgical, Inc. - Common Stock","2021-02-23 11:30:00-05:00",740.1799926757812,740.1799926757812,733.5900268554688,737.6199951171875,737.6199951171875,43018
"ISRG","Intuitive Surgical, Inc. - Common Stock","2021-02-23 12:30:00-05:00",737.5599975585938,739.6099853515625,732.0999755859375,738.6699829101562,738.6699829101562,58065
"ISRG","Intuitive Surgical, Inc. - Common Stock","2021-02-23 13:30:00-05:00",738.6124877929688,739.5625,735.4600219726562,739.0650024414062,739.0650024414062,62975
"ISRG","Intuitive Surgical, Inc. - Common Stock","2021-02-23 14:30:00-05:00",739.1599731445312,747.7999877929688,736.6849975585938,747.7999877929688,747.7999877929688,50007
"ISRG","Intuitive Surgical, Inc. - Common Stock","2021-02-23 15:30:00-05:00",746.8800048828125,748.6300048828125,744.719970703125,744.8800048828125,744.8800048828125,99696
"ISRG","Intuitive Surgical, Inc. - Common Stock","2021-02-23 16:00:00-05:00",744.71,745.58,741.13,743.71,743.71,0
"ISRG","Intuitive Surgical, Inc. - Common Stock","2021-02-23 17:00:00-05:00",744.71,744.71,741.13,741.13,741.13,0
"ISRG","Intuitive Surgical, Inc. - Common Stock","2021-02-23 18:00:00-05:00",741.13,741.13,741.0,741.0,741.0,0
"ISRG","Intuitive Surgical, Inc. - Common Stock","2021-02-24 04:00:00-05:00",747.54,750.0,747.54,750.0,750.0,0
"ISRG","Intuitive Surgical, Inc. - Common Stock","2021-02-24 05:00:00-05:00",750.0,750.0,750.0,750.0,750.0,0
"ISRG","Intuitive Surgical, Inc. - Common Stock","2021-02-24 06:00:00-05:00",750.0,750.0,744.9,744.9,744.9,0
"ISRG","Intuitive Surgical, Inc. - Common Stock","2021-02-24 07:00:00-05:00",744.71,750.0,742.0,749.7,749.7,0
"ISRG","Intuitive Surgical, Inc. - Common Stock","2021-02-24 08:00:00-05:00",749.7,753.959,744.71,746.0,746.0,0
"ISRG","Intuitive Surgical, Inc. - Common Stock","2021-02-24 09:00:00-05:00",744.71,745.88,734.19,742.03,742.03,0
"ISRG","Intuitive Surgical, Inc. - Common Stock","2021-02-24 09:30:00-05:00",748.0900268554688,749.1699829101562,738.2849731445312,748.1900024414062,748.1900024414062,80581
"ISRG","Intuitive Surgical, Inc. - Common Stock","2021-02-24 10:30:00-05:00",747.6799926757812,752.219970703125,744.1707763671875,752.219970703125,752.219970703125,41113
"ISRG","Intuitive Surgical, Inc. - Common Stock","2021-02-24 11:30:00-05:00",752.0499877929688,753.8790893554688,750.8200073242188,752.4824829101562,752.4824829101562,30244
"ISRG","Intuitive Surgical, Inc. - Common Stock","2021-02-24 12:30:00-05:00",753.02001953125,756.6400146484375,752.0449829101562,756.6400146484375,756.6400146484375,38508
"ISRG","Intuitive Surgical, Inc. - Common Stock","2021-02-24 13:30:00-05:00",756.97998046875,758.3699951171875,756.3200073242188,758.1500244140625,758.1500244140625,31615
"ISRG","Intuitive Surgical, Inc. - Common Stock","2021-02-24 14:30:00-05:00",757.9000244140625,758.010009765625,755.0,756.1699829101562,756.1699829101562,28512
"ISRG","Intuitive Surgical, Inc. - Common Stock","2021-02-24 15:30:00-05:00",756.655029296875,759.6699829101562,754.780029296875,759.3300170898438,759.3300170898438,96772
"ISRG","Intuitive Surgical, Inc. - Common Stock","2021-02-24 16:00:00-05:00",758.71,765.76,741.0,758.71,758.71,0
"ISRG","Intuitive Surgical, Inc. - Common Stock","2021-02-24 17:00:00-05:00",758.7,758.71,758.0,758.0,758.0,0
"ISRG","Intuitive Surgical, Inc. - Common Stock","2021-02-24 18:00:00-05:00",756.43,771.24,755.0,764.76,764.76,0
"ISRG","Intuitive Surgical, Inc. - Common Stock","2021-02-25 04:00:00-05:00",767.72,767.72,767.72,767.72,767.72,0
"ISRG","Intuitive Surgical, Inc. - Common Stock","2021-02-25 05:00:00-05:00",758.71,759.17,758.71,758.8,758.8,0
"ISRG","Intuitive Surgical, Inc. - Common Stock","2021-02-25 07:00:00-05:00",757.26,764.17,755.21,759.6,759.6,0
"ISRG","Intuitive Surgical, Inc. - Common Stock","2021-02-25 08:00:00-05:00",757.0,771.24,756.0,758.8,758.8,0
"ISRG","Intuitive Surgical, Inc. - Common Stock","2021-02-25 09:00:00-05:00",758.8,761.78,752.02,755.8,755.8,0
"ISRG","Intuitive Surgical, Inc. - Common Stock","2021-02-25 09:30:00-05:00",754.8599853515625,758.8900146484375,750.0,753.47998046875,753.47998046875,62172
"ISRG","Intuitive Surgical, Inc. - Common Stock","2021-02-25 10:30:00-05:00",754.0399780273438,754.9199829101562,746.219970703125,747.5900268554688,747.5900268554688,39159
"ISRG","Intuitive Surgical, Inc. - Common Stock","2021-02-25 11:30:00-05:00",746.7999877929688,747.844970703125,741.52001953125,743.719970703125,743.719970703125,35480
"ISRG","Intuitive Surgical, Inc. - Common Stock","2021-02-25 12:30:00-05:00",743.5150146484375,743.5150146484375,731.9000244140625,739.9500122070312,739.9500122070312,58930
"ISRG","Intuitive Surgical, Inc. - Common Stock","2021-02-25 13:30:00-05:00",739.0599975585938,745.0800170898438,736.3800048828125,743.6699829101562,743.6699829101562,42805
"ISRG","Intuitive Surgical, Inc. - Common Stock","2021-02-25 14:30:00-05:00",742.4550170898438,742.978515625,735.3200073242188,736.0700073242188,736.0700073242188,49509
"ISRG","Intuitive Surgical, Inc. - Common Stock","2021-02-25 15:30:00-05:00",736.22998046875,744.135009765625,734.7949829101562,741.8300170898438,741.8300170898438,74800
"ISRG","Intuitive Surgical, Inc. - Common Stock","2021-02-25 16:00:00-05:00",741.79,743.0,733.66,738.97,738.97,0
"ISRG","Intuitive Surgical, Inc. - Common Stock","2021-02-25 17:00:00-05:00",738.97,741.79,730.0,738.97,738.97,0
"ISRG","Intuitive Surgical, Inc. - Common Stock","2021-02-25 18:00:00-05:00",738.97,742.25,738.97,742.25,742.25,0
"ISRG","Intuitive Surgical, Inc. - Common Stock","2021-02-26 04:00:00-05:00",739.42,739.42,732.0,732.0,732.0,0
"ISRG","Intuitive Surgical, Inc. - Common Stock","2021-02-26 05:00:00-05:00",732.0,740.0,732.0,740.0,740.0,0
"ISRG","Intuitive Surgical, Inc. - Common Stock","2021-02-26 07:00:00-05:00",738.97,743.13,734.27,740.95,740.95,0
"ISRG","Intuitive Surgical, Inc. - Common Stock","2021-02-26 08:00:00-05:00",739.0,742.07,735.0,741.72,741.72,0
"ISRG","Intuitive Surgical, Inc. - Common Stock","2021-02-26 09:00:00-05:00",741.78,749.05,741.78,745.1,745.1,0
"ISRG","Intuitive Surgical, Inc. - Common Stock","2021-02-26 09:30:00-05:00",743.9000244140625,746.0,726.3099975585938,726.3099975585938,726.3099975585938,84755
"ISRG","Intuitive Surgical, Inc. - Common Stock","2021-02-26 10:30:00-05:00",729.4299926757812,743.1799926757812,729.4299926757812,735.530029296875,735.530029296875,42644
"ISRG","Intuitive Surgical, Inc. - Common Stock","2021-02-26 11:30:00-05:00",735.7750244140625,745.6300048828125,735.7750244140625,744.3699951171875,744.3699951171875,48258
"ISRG","Intuitive Surgical, Inc. - Common Stock","2021-02-26 12:30:00-05:00",745.1099853515625,747.7042236328125,742.8400268554688,746.6699829101562,746.6699829101562,27304
"ISRG","Intuitive Surgical, Inc. - Common Stock","2021-02-26 13:30:00-05:00",744.719970703125,744.9299926757812,737.0,738.0399780273438,738.0399780273438,32569
"ISRG","Intuitive Surgical, Inc. - Common Stock","2021-02-26 14:30:00-05:00",738.1199951171875,745.47998046875,738.1199951171875,739.8800048828125,739.8800048828125,45324
"ISRG","Intuitive Surgical, Inc. - Common Stock","2021-02-26 15:30:00-05:00",739.6849975585938,743.8900146484375,736.3699951171875,736.9199829101562,736.9199829101562,122207
"ISRG","Intuitive Surgical, Inc. - Common Stock","2021-02-26 16:00:00-05:00",736.23,739.38,732.63,735.95,735.95,0
"ISRG","Intuitive Surgical, Inc. - Common Stock","2021-02-26 17:00:00-05:00",734.02,736.0,734.0,735.0,735.0,0
"ISRG","Intuitive Surgical, Inc. - Common Stock","2021-02-26 18:00:00-05:00",736.0,736.0,735.0,736.0,736.0,0
"ISRG","Intuitive Surgical, Inc. - Common Stock","2021-03-01 04:00:00-05:00",749.18,758.0,749.18,758.0,758.0,0
"ISRG","Intuitive Surgical, Inc. - Common Stock","2021-03-01 06:00:00-05:00",757.33,757.33,744.0,745.49,745.49,0
"ISRG","Intuitive Surgical, Inc. - Common Stock","2021-03-01 07:00:00-05:00",760.0,760.0,738.63,743.0,743.0,0
"ISRG","Intuitive Surgical, Inc. - Common Stock","2021-03-01 08:00:00-05:00",743.46,752.0,743.05,745.0,745.0,0
"ISRG","Intuitive Surgical, Inc. - Common Stock","2021-03-01 09:00:00-05:00",743.06,755.18,736.8,744.0,744.0,0
"ISRG","Intuitive Surgical, Inc. - Common Stock","2021-03-01 09:30:00-05:00",749.0399780273438,756.155029296875,745.6649780273438,751.5499877929688,751.5499877929688,81933
"ISRG","Intuitive Surgical, Inc. - Common Stock","2021-03-01 10:30:00-05:00",752.3400268554688,752.8599853515625,750.4425048828125,751.655029296875,751.655029296875,36061
"ISRG","Intuitive Surgical, Inc. - Common Stock","2021-03-01 11:30:00-05:00",751.0800170898438,756.0,751.0800170898438,755.1599731445312,755.1599731445312,32432
"ISRG","Intuitive Surgical, Inc. - Common Stock","2021-03-01 12:30:00-05:00",754.6799926757812,757.5474853515625,752.509521484375,757.5474853515625,757.5474853515625,32342
"ISRG","Intuitive Surgical, Inc. - Common Stock","2021-03-01 13:30:00-05:00",757.77001953125,759.135009765625,755.0999755859375,758.6099853515625,758.6099853515625,58472
"ISRG","Intuitive Surgical, Inc. - Common Stock","2021-03-01 14:30:00-05:00",758.7000122070312,760.5700073242188,757.614990234375,759.9000244140625,759.9000244140625,71407
"ISRG","Intuitive Surgical, Inc. - Common Stock","2021-03-01 15:30:00-05:00",759.77001953125,760.77001953125,756.6199951171875,759.22998046875,759.22998046875,128825
"ISRG","Intuitive Surgical, Inc. - Common Stock","2021-03-01 16:00:00-05:00",759.21,760.0,758.0,759.21,759.21,0
"ISRG","Intuitive Surgical, Inc. - Common Stock","2021-03-01 17:00:00-05:00",759.0,766.48,759.0,759.7,759.7,0
"ISRG","Intuitive Surgical, Inc. - Common Stock","2021-03-01 18:00:00-05:00",759.21,759.7,759.0,759.0,759.0,0
"ISRG","Intuitive Surgical, Inc. - Common Stock","2021-03-02 04:00:00-05:00",759.21,759.21,759.21,759.21,759.21,0
"ISRG","Intuitive Surgical, Inc. - Common Stock","2021-03-02 07:00:00-05:00",755.0,757.84,755.0,757.84,757.84,0
"ISRG","Intuitive Surgical, Inc. - Common Stock","2021-03-02 08:00:00-05:00",758.17,759.21,757.0,758.0,758.0,0
"ISRG","Intuitive Surgical, Inc. - Common Stock","2021-03-02 09:30:00-05:00",760.0,760.0,749.0900268554688,749.8350219726562,749.8350219726562,62230
"ISRG","Intuitive Surgical, Inc. - Common Stock","2021-03-02 10:30:00-05:00",751.9400024414062,752.3200073242188,747.6699829101562,749.648681640625,749.648681640625,37026
"ISRG","Intuitive Surgical, Inc. - Common Stock","2021-03-02 11:30:00-05:00",749.6599731445312,751.760009765625,746.780029296875,749.3200073242188,749.3200073242188,31152
"ISRG","Intuitive Surgical, Inc. - Common Stock","2021-03-02 12:30:00-05:00",749.340087890625,753.010009765625,749.340087890625,752.6300048828125,752.6300048828125,17230
"ISRG","Intuitive Surgical, Inc. - Common Stock","2021-03-02 13:30:00-05:00",753.4500122070312,754.5399780273438,750.3355712890625,750.3355712890625,750.3355712890625,21684
"ISRG","Intuitive Surgical, Inc. - Common Stock","2021-03-02 14:30:00-05:00",751.2000122070312,753.8699951171875,750.1287231445312,751.780029296875,751.780029296875,23976
"ISRG","Intuitive Surgical, Inc. - Common Stock","2021-03-02 15:30:00-05:00",751.1500244140625,753.6599731445312,750.0,750.6199951171875,750.6199951171875,62963
"ISRG","Intuitive Surgical, Inc. - Common Stock","2021-03-02 16:00:00-05:00",750.0,751.07,750.0,750.0,750.0,0
"ISRG","Intuitive Surgical, Inc. - Common Stock","2021-03-02 17:00:00-05:00",750.0,750.0,749.95,750.0,750.0,0
"ISRG","Intuitive Surgical, Inc. - Common Stock","2021-03-02 18:00:00-05:00",749.78,749.93,749.75,749.93,749.93,0
"ISRG","Intuitive Surgical, Inc. - Common Stock","2021-03-03 04:00:00-05:00",753.26,753.26,751.31,751.31,751.31,0
"ISRG","Intuitive Surgical, Inc. - Common Stock","2021-03-03 05:00:00-05:00",758.63,758.63,758.63,758.63,758.63,0
"ISRG","Intuitive Surgical, Inc. - Common Stock","2021-03-03 07:00:00-05:00",755.88,759.78,751.1,759.13,759.13,0
"ISRG","Intuitive Surgical, Inc. - Common Stock","2021-03-03 08:00:00-05:00",753.66,759.47,750.0,751.93,751.93,0
"ISRG","Intuitive Surgical, Inc. - Common Stock","2021-03-03 09:00:00-05:00",751.2,752.63,745.52,746.69,746.69,0
"ISRG","Intuitive Surgical, Inc. - Common Stock","2021-03-03 09:30:00-05:00",746.0599975585938,746.0599975585938,728.77001953125,731.905029296875,731.905029296875,64527
"ISRG","Intuitive Surgical, Inc. - Common Stock","2021-03-03 10:30:00-05:00",731.1699829101562,736.739990234375,729.1099853515625,736.739990234375,736.739990234375,35695
"ISRG","Intuitive Surgical, Inc. - Common Stock","2021-03-03 11:30:00-05:00",736.9500122070312,736.9500122070312,729.260009765625,729.39501953125,729.39501953125,37889
"ISRG","Intuitive Surgical, Inc. - Common Stock","2021-03-03 12:30:00-05:00",729.4299926757812,730.6799926757812,725.030029296875,727.655029296875,727.655029296875,37429
"ISRG","Intuitive Surgical, Inc. - Common Stock","2021-03-03 13:30:00-05:00",726.77001953125,727.2501220703125,723.5800170898438,723.75,723.75,43824
"ISRG","Intuitive Surgical, Inc. - Common Stock","2021-03-03 14:30:00-05:00",723.9400024414062,727.4600219726562,721.4810180664062,726.7150268554688,726.7150268554688,87506
"ISRG","Intuitive Surgical, Inc. - Common Stock","2021-03-03 15:30:00-05:00",726.3800048828125,728.8400268554688,725.7999877929688,727.5999755859375,727.5999755859375,108314
"ISRG","Intuitive Surgical, Inc. - Common Stock","2021-03-03 16:00:00-05:00",727.15,728.5034,725.0,727.15,727.15,0
"ISRG","Intuitive Surgical, Inc. - Common Stock","2021-03-03 17:00:00-05:00",727.0,727.15,725.0,727.15,727.15,0
"ISRG","Intuitive Surgical, Inc. - Common Stock","2021-03-03 18:00:00-05:00",723.0,725.0,723.0,725.0,725.0,0
"ISRG","Intuitive Surgical, Inc. - Common Stock","2021-03-04 04:00:00-05:00",727.15,727.15,727.15,727.15,727.15,0
"ISRG","Intuitive Surgical, Inc. - Common Stock","2021-03-04 05:00:00-05:00",724.25,724.25,724.25,724.25,724.25,0
"ISRG","Intuitive Surgical, Inc. - Common Stock","2021-03-04 06:00:00-05:00",724.25,724.25,724.25,724.25,724.25,0
"ISRG","Intuitive Surgical, Inc. - Common Stock","2021-03-04 07:00:00-05:00",723.69,727.15,716.88,724.0,724.0,0
"ISRG","Intuitive Surgical, Inc. - Common Stock","2021-03-04 08:00:00-05:00",720.5,739.98,719.0,727.15,727.15,0
"ISRG","Intuitive Surgical, Inc. - Common Stock","2021-03-04 09:00:00-05:00",727.0,727.0,721.52,724.0,724.0,0
"ISRG","Intuitive Surgical, Inc. - Common Stock","2021-03-04 09:30:00-05:00",725.0,727.239990234375,718.1300048828125,719.7525024414062,719.7525024414062,141983
"ISRG","Intuitive Surgical, Inc. - Common Stock","2021-03-04 10:30:00-05:00",719.1099853515625,726.8200073242188,718.0,722.5549926757812,722.5549926757812,51863
"ISRG","Intuitive Surgical, Inc. - Common Stock","2021-03-04 11:30:00-05:00",723.1099853515625,724.5499877929688,712.4400024414062,713.0999755859375,713.0999755859375,63538
"ISRG","Intuitive Surgical, Inc. - Common Stock","2021-03-04 12:30:00-05:00",711.8499755859375,713.1699829101562,707.9099731445312,708.8400268554688,708.8400268554688,95299
"ISRG","Intuitive Surgical, Inc. - Common Stock","2021-03-04 13:30:00-05:00",708.0,711.469970703125,699.030029296875,711.219970703125,711.219970703125,117704
"ISRG","Intuitive Surgical, Inc. - Common Stock","2021-03-04 14:30:00-05:00",712.5130004882812,712.5130004882812,706.280029296875,708.739990234375,708.739990234375,97242
"ISRG","Intuitive Surgical, Inc. - Common Stock","2021-03-04 15:30:00-05:00",708.3800048828125,712.6500244140625,706.52001953125,709.1799926757812,709.1799926757812,151977
"ISRG","Intuitive Surgical, Inc. - Common Stock","2021-03-04 16:00:00-05:00",709.17,730.65,709.17,711.0,711.0,0
"ISRG","Intuitive Surgical, Inc. - Common Stock","2021-03-04 17:00:00-05:00",709.17,718.0,709.17,718.0,718.0,0
"ISRG","Intuitive Surgical, Inc. - Common Stock","2021-03-04 18:00:00-05:00",709.17,710.0,700.0,700.0,700.0,0
"ISRG","Intuitive Surgical, Inc. - Common Stock","2021-03-05 05:00:00-05:00",704.75,704.75,704.75,704.75,704.75,0
"ISRG","Intuitive Surgical, Inc. - Common Stock","2021-03-05 06:00:00-05:00",704.75,704.75,704.75,704.75,704.75,0
"ISRG","Intuitive Surgical, Inc. - Common Stock","2021-03-05 07:00:00-05:00",708.0,710.91,705.26,710.91,710.91,0
"ISRG","Intuitive Surgical, Inc. - Common Stock","2021-03-05 08:00:00-05:00",711.01,712.11,704.61,712.03,712.03,0
"ISRG","Intuitive Surgical, Inc. - Common Stock","2021-03-05 09:00:00-05:00",710.0,715.0,705.0,715.0,715.0,0
"ISRG","Intuitive Surgical, Inc. - Common Stock","2021-03-05 09:30:00-05:00",712.25,718.4400024414062,697.2100219726562,697.5800170898438,697.5800170898438,133160
"ISRG","Intuitive Surgical, Inc. - Common Stock","2021-03-05 10:30:00-05:00",696.719970703125,699.77001953125,687.239990234375,690.8499755859375,690.8499755859375,127082
"ISRG","Intuitive Surgical, Inc. - Common Stock","2021-03-05 11:30:00-05:00",690.5399780273438,697.8800048828125,689.1799926757812,696.8300170898438,696.8300170898438,150748
"ISRG","Intuitive Surgical, Inc. - Common Stock","2021-03-05 12:30:00-05:00",697.0900268554688,706.8599853515625,696.5408935546875,705.3200073242188,705.3200073242188,60099
"ISRG","Intuitive Surgical, Inc. - Common Stock","2021-03-05 13:30:00-05:00",705.4500122070312,707.8699951171875,702.8699951171875,707.8699951171875,707.8699951171875,42185
"ISRG","Intuitive Surgical, Inc. - Common Stock","2021-03-05 14:30:00-05:00",709.010009765625,713.3499755859375,708.343505859375,711.219970703125,711.219970703125,51222
"ISRG","Intuitive Surgical, Inc. - Common Stock","2021-03-05 15:30:00-05:00",712.1500244140625,717.489990234375,711.3699951171875,713.3599853515625,713.3599853515625,93864
"ISRG","Intuitive Surgical, Inc. - Common Stock","2021-03-05 16:00:00-05:00",713.37,713.4,713.37,713.4,713.4,0
"ISRG","Intuitive Surgical, Inc. - Common Stock","2021-03-05 17:00:00-05:00",712.0,713.0,712.0,712.5,712.5,0
"ISRG","Intuitive Surgical, Inc. - Common Stock","2021-03-05 18:00:00-05:00",713.0,719.11,695.0,695.0,695.0,0
"ISRG","Intuitive Surgical, Inc. - Common Stock","2021-03-08 04:00:00-05:00",709.17,709.17,695.0,695.0,695.0,0
"ISRG","Intuitive Surgical, Inc. - Common Stock","2021-03-08 05:00:00-05:00",708.86,708.86,708.86,708.86,708.86,0
"ISRG","Intuitive Surgical, Inc. - Common Stock","2021-03-08 06:00:00-05:00",706.94,710.0,706.94,710.0,710.0,0
"ISRG","Intuitive Surgical, Inc. - Common Stock","2021-03-08 07:00:00-05:00",708.0,712.35,700.57,709.6,709.6,0
"ISRG","Intuitive Surgical, Inc. - Common Stock","2021-03-08 08:00:00-05:00",708.0,722.0,700.0,707.34,707.34,0
"ISRG","Intuitive Surgical, Inc. - Common Stock","2021-03-08 09:00:00-05:00",710.0,715.0,709.0,710.0,710.0,0
"ISRG","Intuitive Surgical, Inc. - Common Stock","2021-03-08 09:30:00-05:00",705.3499755859375,710.0750122070312,695.1699829101562,709.0,709.0,80907
"ISRG","Intuitive Surgical, Inc. - Common Stock","2021-03-08 10:30:00-05:00",709.4299926757812,710.5700073242188,702.9949951171875,705.4500122070312,705.4500122070312,57413
"ISRG","Intuitive Surgical, Inc. - Common Stock","2021-03-08 11:30:00-05:00",704.1300048828125,705.1699829101562,698.72998046875,699.8599853515625,699.8599853515625,41377
"ISRG","Intuitive Surgical, Inc. - Common Stock","2021-03-08 12:30:00-05:00",699.9099731445312,703.3200073242188,696.9500122070312,702.4299926757812,702.4299926757812,53554
"ISRG","Intuitive Surgical, Inc. - Common Stock","2021-03-08 13:30:00-05:00",702.3300170898438,702.4500122070312,695.3499755859375,697.1900024414062,697.1900024414062,38869
"ISRG","Intuitive Surgical, Inc. - Common Stock","2021-03-08 14:30:00-05:00",696.9949951171875,699.0700073242188,686.1900024414062,686.5900268554688,686.5900268554688,68170
"ISRG","Intuitive Surgical, Inc. - Common Stock","2021-03-08 15:30:00-05:00",686.3900146484375,689.9000244140625,682.4000244140625,684.9000244140625,684.9000244140625,201047
"ISRG","Intuitive Surgical, Inc. - Common Stock","2021-03-08 16:00:00-05:00",684.9,687.23,684.9,684.9,684.9,0
"ISRG","Intuitive Surgical, Inc. - Common Stock","2021-03-08 17:00:00-05:00",686.82,701.0,684.9,689.99,689.99,0
"ISRG","Intuitive Surgical, Inc. - Common Stock","2021-03-08 18:00:00-05:00",687.47,694.99,687.47,689.1,689.1,0
"ISRG","Intuitive Surgical, Inc. - Common Stock","2021-03-09 04:00:00-05:00",686.87,687.71,680.86,684.8,684.8,0
"ISRG","Intuitive Surgical, Inc. - Common Stock","2021-03-09 05:00:00-05:00",685.5,685.5,685.5,685.5,685.5,0
"ISRG","Intuitive Surgical, Inc. - Common Stock","2021-03-09 06:00:00-05:00",685.8,691.13,685.8,691.13,691.13,0
"ISRG","Intuitive Surgical, Inc. - Common Stock","2021-03-09 07:00:00-05:00",694.99,700.0,692.01,698.0,698.0,0
"ISRG","Intuitive Surgical, Inc. - Common Stock","2021-03-09 08:00:00-05:00",698.0,705.0,684.9,696.37,696.37,0
"ISRG","Intuitive Surgical, Inc. - Common Stock","2021-03-09 09:00:00-05:00",698.55,700.42,696.02,699.18,699.18,0
"ISRG","Intuitive Surgical, Inc. - Common Stock","2021-03-09 09:30:00-05:00",697.5399780273438,708.3300170898438,690.010009765625,705.9199829101562,705.9199829101562,113217
"ISRG","Intuitive Surgical, Inc. - Common Stock","2021-03-09 10:30:00-05:00",706.1099853515625,709.3499755859375,702.9299926757812,705.0050048828125,705.0050048828125,78080
"ISRG","Intuitive Surgical, Inc. - Common Stock","2021-03-09 11:30:00-05:00",705.5700073242188,708.6699829101562,703.27001953125,707.3200073242188,707.3200073242188,50332
"ISRG","Intuitive Surgical, Inc. - Common Stock","2021-03-09 12:30:00-05:00",707.3499755859375,708.835205078125,704.97998046875,708.3800048828125,708.3800048828125,51340
"ISRG","Intuitive Surgical, Inc. - Common Stock","2021-03-09 13:30:00-05:00",708.1900024414062,709.72998046875,705.7000122070312,706.3099975585938,706.3099975585938,52558
"ISRG","Intuitive Surgical, Inc. - Common Stock","2021-03-09 14:30:00-05:00",706.3599853515625,710.25,706.3599853515625,706.7949829101562,706.7949829101562,68483
"ISRG","Intuitive Surgical, Inc. - Common Stock","2021-03-09 15:30:00-05:00",706.5800170898438,707.4099731445312,701.8499755859375,702.7999877929688,702.7999877929688,118997
"ISRG","Intuitive Surgical, Inc. - Common Stock","2021-03-09 16:00:00-05:00",702.8,707.28,702.0,702.9,702.9,0
"ISRG","Intuitive Surgical, Inc. - Common Stock","2021-03-09 17:00:00-05:00",711.37,711.37,702.9,702.9,702.9,0
"ISRG","Intuitive Surgical, Inc. - Common Stock","2021-03-09 18:00:00-05:00",704.01,704.01,700.0,700.0,700.0,0
"ISRG","Intuitive Surgical, Inc. - Common Stock","2021-03-10 05:00:00-05:00",702.0,702.0,702.0,702.0,702.0,0
"ISRG","Intuitive Surgical, Inc. - Common Stock","2021-03-10 06:00:00-05:00",701.26,701.56,701.26,701.56,701.56,0
"ISRG","Intuitive Surgical, Inc. - Common Stock","2021-03-10 07:00:00-05:00",702.01,702.7,700.0,702.7,702.7,0
"ISRG","Intuitive Surgical, Inc. - Common Stock","2021-03-10 08:00:00-05:00",702.87,712.0,700.0,705.88,705.88,0
"ISRG","Intuitive Surgical, Inc. - Common Stock","2021-03-10 09:30:00-05:00",720.97998046875,727.6099853515625,712.8300170898438,723.22998046875,723.22998046875,148927
"ISRG","Intuitive Surgical, Inc. - Common Stock","2021-03-10 10:30:00-05:00",723.2999877929688,724.4000244140625,717.4099731445312,720.4400024414062,720.4400024414062,35610
"ISRG","Intuitive Surgical, Inc. - Common Stock","2021-03-10 11:30:00-05:00",721.0800170898438,724.3699951171875,719.75,721.8599853515625,721.8599853515625,60039
"ISRG","Intuitive Surgical, Inc. - Common Stock","2021-03-10 12:30:00-05:00",722.6099853515625,725.4600219726562,721.6099853515625,722.0,722.0,43566
"ISRG","Intuitive Surgical, Inc. - Common Stock","2021-03-10 13:30:00-05:00",722.4500122070312,724.5900268554688,720.4600219726562,721.9000244140625,721.9000244140625,66133
"ISRG","Intuitive Surgical, Inc. - Common Stock","2021-03-10 14:30:00-05:00",722.010009765625,725.7750244140625,720.85498046875,722.5750122070312,722.5750122070312,68865
"ISRG","Intuitive Surgical, Inc. - Common Stock","2021-03-10 15:30:00-05:00",722.52001953125,722.9199829101562,718.1300048828125,719.7999877929688,719.7999877929688,116327
"ISRG","Intuitive Surgical, Inc. - Common Stock","2021-03-10 16:00:00-05:00",719.81,726.0,719.0,721.77,721.77,0
"ISRG","Intuitive Surgical, Inc. - Common Stock","2021-03-10 17:00:00-05:00",722.04,722.04,722.04,722.04,722.04,0
"ISRG","Intuitive Surgical, Inc. - Common Stock","2021-03-10 18:00:00-05:00",719.81,719.81,719.81,719.81,719.81,0
"ISRG","Intuitive Surgical, Inc. - Common Stock","2021-03-11 04:00:00-05:00",723.89,723.89,723.89,723.89,723.89,0
"ISRG","Intuitive Surgical, Inc. - Common Stock","2021-03-11 07:00:00-05:00",724.54,733.99,724.02,733.99,733.99,0
"ISRG","Intuitive Surgical, Inc. - Common Stock","2021-03-11 08:00:00-05:00",725.0,732.0,719.81,729.99,729.99,0
"ISRG","Intuitive Surgical, Inc. - Common Stock","2021-03-11 09:00:00-05:00",729.99,731.7,723.01,731.03,731.03,0
"ISRG","Intuitive Surgical, Inc. - Common Stock","2021-03-11 09:30:00-05:00",730.3599853515625,732.0,724.3568725585938,727.2100219726562,727.2100219726562,59661
"ISRG","Intuitive Surgical, Inc. - Common Stock","2021-03-11 10:30:00-05:00",727.239990234375,733.0900268554688,725.8699951171875,731.375,731.375,58856
"ISRG","Intuitive Surgical, Inc. - Common Stock","2021-03-11 11:30:00-05:00",731.6953125,736.5399780273438,731.2269287109375,735.7178955078125,735.7178955078125,49984
"ISRG","Intuitive Surgical, Inc. - Common Stock","2021-03-11 12:30:00-05:00",736.0599975585938,738.97998046875,734.6400146484375,735.9949951171875,735.9949951171875,37665
"ISRG","Intuitive Surgical, Inc. - Common Stock","2021-03-11 13:30:00-05:00",736.5399780273438,737.2100219726562,734.2100219726562,734.3400268554688,734.3400268554688,42429
"ISRG","Intuitive Surgical, Inc. - Common Stock","2021-03-11 14:30:00-05:00",734.6699829101562,735.1799926757812,730.0499877929688,732.2999877929688,732.2999877929688,75450
"ISRG","Intuitive Surgical, Inc. - Common Stock","2021-03-11 15:30:00-05:00",731.9199829101562,733.1199951171875,730.3381958007812,732.0,732.0,79707
"ISRG","Intuitive Surgical, Inc. - Common Stock","2021-03-11 16:00:00-05:00",732.0,735.72,731.27,733.0,733.0,0
"ISRG","Intuitive Surgical, Inc. - Common Stock","2021-03-11 17:00:00-05:00",738.23,738.23,723.36,736.0,736.0,0
"ISRG","Intuitive Surgical, Inc. - Common Stock","2021-03-11 18:00:00-05:00",735.99,735.99,735.99,735.99,735.99,0
"ISRG","Intuitive Surgical, Inc. - Common Stock","2021-03-12 04:00:00-05:00",732.0,732.0,732.0,732.0,732.0,0
"ISRG","Intuitive Surgical, Inc. - Common Stock","2021-03-12 05:00:00-05:00",720.0,729.1,720.0,720.31,720.31,0
"ISRG","Intuitive Surgical, Inc. - Common Stock","2021-03-12 07:00:00-05:00",725.0,731.4,720.82,721.54,721.54,0
"ISRG","Intuitive Surgical, Inc. - Common Stock","2021-03-12 08:00:00-05:00",722.26,732.0,721.25,727.27,727.27,0
"ISRG","Intuitive Surgical, Inc. - Common Stock","2021-03-12 09:00:00-05:00",723.65,725.0,721.45,724.0,724.0,0
"ISRG","Intuitive Surgical, Inc. - Common Stock","2021-03-12 09:30:00-05:00",721.1199951171875,730.52001953125,720.0,727.6699829101562,727.6699829101562,74236
"ISRG","Intuitive Surgical, Inc. - Common Stock","2021-03-12 10:30:00-05:00",727.2349853515625,732.0,726.22998046875,730.8200073242188,730.8200073242188,63739
"ISRG","Intuitive Surgical, Inc. - Common Stock","2021-03-12 11:30:00-05:00",730.239990234375,733.4400024414062,728.7000122070312,731.510009765625,731.510009765625,55075
"ISRG","Intuitive Surgical, Inc. - Common Stock","2021-03-12 12:30:00-05:00",731.8800048828125,734.4000244140625,730.4299926757812,734.4000244140625,734.4000244140625,50538
"ISRG","Intuitive Surgical, Inc. - Common Stock","2021-03-12 13:30:00-05:00",734.1749877929688,736.010009765625,733.8699951171875,735.6400146484375,735.6400146484375,45351
"ISRG","Intuitive Surgical, Inc. - Common Stock","2021-03-12 14:30:00-05:00",735.6699829101562,736.4099731445312,733.3049926757812,733.5999755859375,733.5999755859375,41275
"ISRG","Intuitive Surgical, Inc. - Common Stock","2021-03-12 15:30:00-05:00",733.6799926757812,735.6300048828125,733.1799926757812,733.97998046875,733.97998046875,75131
"ISRG","Intuitive Surgical, Inc. - Common Stock","2021-03-12 16:00:00-05:00",733.99,733.99,733.88,733.99,733.99,0
"ISRG","Intuitive Surgical, Inc. - Common Stock","2021-03-12 17:00:00-05:00",733.99,734.0,733.99,734.0,734.0,0
"ISRG","Intuitive Surgical, Inc. - Common Stock","2021-03-12 18:00:00-05:00",734.0,734.0,734.0,734.0,734.0,0
"ISRG","Intuitive Surgical, Inc. - Common Stock","2021-03-15 06:00:00-04:00",733.0,733.0,733.0,733.0,733.0,0
"ISRG","Intuitive Surgical, Inc. - Common Stock","2021-03-15 07:00:00-04:00",738.0,738.0,734.96,734.96,734.96,0
"ISRG","Intuitive Surgical, Inc. - Common Stock","2021-03-15 08:00:00-04:00",734.72,734.72,730.0,733.64,733.64,0
"ISRG","Intuitive Surgical, Inc. - Common Stock","2021-03-15 09:30:00-04:00",727.3200073242188,735.1900024414062,725.0499877929688,731.4724731445312,731.4724731445312,43506
"ISRG","Intuitive Surgical, Inc. - Common Stock","2021-03-15 10:30:00-04:00",730.9099731445312,734.8200073242188,728.75,731.9600219726562,731.9600219726562,33656
"ISRG","Intuitive Surgical, Inc. - Common Stock","2021-03-15 11:30:00-04:00",732.1300048828125,733.1799926757812,730.1199951171875,731.02001953125,731.02001953125,27695
"ISRG","Intuitive Surgical, Inc. - Common Stock","2021-03-15 12:30:00-04:00",730.7999877929688,731.594970703125,729.27001953125,731.3699951171875,731.3699951171875,29817
"ISRG","Intuitive Surgical, Inc. - Common Stock","2021-03-15 13:30:00-04:00",730.9808959960938,737.3699951171875,730.9808959960938,736.7899780273438,736.7899780273438,41022
"ISRG","Intuitive Surgical, Inc. - Common Stock","2021-03-15 14:30:00-04:00",736.760009765625,736.760009765625,733.5800170898438,734.6699829101562,734.6699829101562,48935
"ISRG","Intuitive Surgical, Inc. - Common Stock","2021-03-15 15:30:00-04:00",734.780029296875,737.5499877929688,734.0650024414062,735.0,735.0,92264
"ISRG","Intuitive Surgical, Inc. - Common Stock","2021-03-15 16:00:00-04:00",735.06,737.7,734.4,735.06,735.06,0
"ISRG","Intuitive Surgical, Inc. - Common Stock","2021-03-15 17:00:00-04:00",738.0,738.0,735.06,735.06,735.06,0
"ISRG","Intuitive Surgical, Inc. - Common Stock","2021-03-15 18:00:00-04:00",743.9,743.9,743.9,743.9,743.9,0
"ISRG","Intuitive Surgical, Inc. - Common Stock","2021-03-15 19:00:00-04:00",700.0,745.0,700.0,745.0,745.0,0
"ISRG","Intuitive Surgical, Inc. - Common Stock","2021-03-16 07:00:00-04:00",738.0,739.0,738.0,739.0,739.0,0
"ISRG","Intuitive Surgical, Inc. - Common Stock","2021-03-16 08:00:00-04:00",739.0,745.0,735.06,740.0,740.0,0
"ISRG","Intuitive Surgical, Inc. - Common Stock","2021-03-16 09:00:00-04:00",740.0,740.0,735.06,735.06,735.06,0
"ISRG","Intuitive Surgical, Inc. - Common Stock","2021-03-16 09:30:00-04:00",740.4099731445312,741.5,734.4349975585938,734.6199951171875,734.6199951171875,39749
"ISRG","Intuitive Surgical, Inc. - Common Stock","2021-03-16 10:30:00-04:00",734.47998046875,734.47998046875,727.2249755859375,729.280029296875,729.280029296875,62888
"ISRG","Intuitive Surgical, Inc. - Common Stock","2021-03-16 11:30:00-04:00",728.8300170898438,730.5499877929688,723.6699829101562,724.4199829101562,724.4199829101562,47824
"ISRG","Intuitive Surgical, Inc. - Common Stock","2021-03-16 12:30:00-04:00",724.625,727.7249755859375,723.77001953125,727.0549926757812,727.0549926757812,40303
"ISRG","Intuitive Surgical, Inc. - Common Stock","2021-03-16 13:30:00-04:00",726.6900024414062,726.6900024414062,722.5499877929688,723.0,723.0,30918
"ISRG","Intuitive Surgical, Inc. - Common Stock","2021-03-16 14:30:00-04:00",723.0700073242188,726.010009765625,721.510009765625,724.885009765625,724.885009765625,45743
"ISRG","Intuitive Surgical, Inc. - Common Stock","2021-03-16 15:30:00-04:00",724.9000244140625,727.8900146484375,724.9000244140625,726.2100219726562,726.2100219726562,59403
"ISRG","Intuitive Surgical, Inc. - Common Stock","2021-03-16 16:00:00-04:00",726.63,727.15,726.63,726.63,726.63,0
"ISRG","Intuitive Surgical, Inc. - Common Stock","2021-03-16 17:00:00-04:00",726.75,726.75,726.75,726.75,726.75,0
"ISRG","Intuitive Surgical, Inc. - Common Stock","2021-03-16 18:00:00-04:00",726.75,727.15,726.75,727.15,727.15,0
"ISRG","Intuitive Surgical, Inc. - Common Stock","2021-03-16 19:00:00-04:00",727.15,727.15,726.63,726.63,726.63,0
"ISRG","Intuitive Surgical, Inc. - Common Stock","2021-03-17 04:00:00-04:00",726.0,726.0,726.0,726.0,726.0,0
"ISRG","Intuitive Surgical, Inc. - Common Stock","2021-03-17 07:00:00-04:00",725.0,725.0,724.0,725.0,725.0,0
"ISRG","Intuitive Surgical, Inc. - Common Stock","2021-03-17 08:00:00-04:00",723.99,726.63,721.0,722.0,722.0,0
"ISRG","Intuitive Surgical, Inc. - Common Stock","2021-03-17 09:00:00-04:00",722.0,722.42,720.0,721.0,721.0,0
"ISRG","Intuitive Surgical, Inc. - Common Stock","2021-03-17 09:30:00-04:00",724.3300170898438,724.3300170898438,719.6799926757812,722.0,722.0,31472
"ISRG","Intuitive Surgical, Inc. - Common Stock","2021-03-17 10:30:00-04:00",721.5,721.5250244140625,716.4949951171875,719.27001953125,719.27001953125,36841
"ISRG","Intuitive Surgical, Inc. - Common Stock","2021-03-17 11:30:00-04:00",718.5800170898438,719.0,713.6749877929688,716.260009765625,716.260009765625,30575
"ISRG","Intuitive Surgical, Inc. - Common Stock","2021-03-17 12:30:00-04:00",715.8699951171875,716.6099853515625,712.7999877929688,715.9349975585938,715.9349975585938,32266
"ISRG","Intuitive Surgical, Inc. - Common Stock","2021-03-17 13:30:00-04:00",715.969970703125,721.6369018554688,713.7000122070312,718.8499755859375,718.8499755859375,33597
"ISRG","Intuitive Surgical, Inc. - Common Stock","2021-03-17 14:30:00-04:00",718.5250244140625,728.969970703125,717.4199829101562,725.9199829101562,725.9199829101562,63372
"ISRG","Intuitive Surgical, Inc. - Common Stock","2021-03-17 15:30:00-04:00",725.6300048828125,726.719970703125,722.4400024414062,725.25,725.25,45685
"ISRG","Intuitive Surgical, Inc. - Common Stock","2021-03-17 16:00:00-04:00",724.64,724.88,723.37,723.37,723.37,0
"ISRG","Intuitive Surgical, Inc. - Common Stock","2021-03-17 17:00:00-04:00",724.64,724.64,724.64,724.64,724.64,0
"ISRG","Intuitive Surgical, Inc. - Common Stock","2021-03-17 18:00:00-04:00",723.0,723.0,723.0,723.0,723.0,0
"ISRG","Intuitive Surgical, Inc. - Common Stock","2021-03-17 19:00:00-04:00",725.0,725.0,725.0,725.0,725.0,0
"ISRG","Intuitive Surgical, Inc. - Common Stock","2021-03-18 04:00:00-04:00",724.0,724.0,724.0,724.0,724.0,0
"ISRG","Intuitive Surgical, Inc. - Common Stock","2021-03-18 05:00:00-04:00",724.0,724.0,716.0,716.0,716.0,0
"ISRG","Intuitive Surgical, Inc. - Common Stock","2021-03-18 07:00:00-04:00",724.64,724.64,715.92,723.34,723.34,0
"ISRG","Intuitive Surgical, Inc. - Common Stock","2021-03-18 08:00:00-04:00",721.13,721.13,710.0,719.72,719.72,0
"ISRG","Intuitive Surgical, Inc. - Common Stock","2021-03-18 09:00:00-04:00",712.77,719.76,710.0,714.5,714.5,0
"ISRG","Intuitive Surgical, Inc. - Common Stock","2021-03-18 09:30:00-04:00",715.719970703125,719.5700073242188,708.0,710.719970703125,710.719970703125,83834
"ISRG","Intuitive Surgical, Inc. - Common Stock","2021-03-18 10:30:00-04:00",709.864990234375,709.89501953125,705.77001953125,707.469970703125,707.469970703125,57770
"ISRG","Intuitive Surgical, Inc. - Common Stock","2021-03-18 11:30:00-04:00",707.3900146484375,709.843017578125,705.3499755859375,708.5549926757812,708.5549926757812,95272
"ISRG","Intuitive Surgical, Inc. - Common Stock","2021-03-18 12:30:00-04:00",708.1099853515625,708.3729248046875,704.4149780273438,706.8200073242188,706.8200073242188,49856
"ISRG","Intuitive Surgical, Inc. - Common Stock","2021-03-18 13:30:00-04:00",706.7349853515625,706.9600219726562,700.6799926757812,700.9299926757812,700.9299926757812,66049
"ISRG","Intuitive Surgical, Inc. - Common Stock","2021-03-18 14:30:00-04:00",701.0800170898438,701.7000122070312,697.7100219726562,699.5999755859375,699.5999755859375,80246
"ISRG","Intuitive Surgical, Inc. - Common Stock","2021-03-18 15:30:00-04:00",699.5900268554688,700.364990234375,695.0599975585938,698.719970703125,698.719970703125,142612
"ISRG","Intuitive Surgical, Inc. - Common Stock","2021-03-18 16:00:00-04:00",699.32,702.77,698.98,702.65,702.65,0
"ISRG","Intuitive Surgical, Inc. - Common Stock","2021-03-18 17:00:00-04:00",699.0,705.0,699.0,705.0,705.0,0
"ISRG","Intuitive Surgical, Inc. - Common Stock","2021-03-18 18:00:00-04:00",702.99,702.99,701.01,701.01,701.01,0
"ISRG","Intuitive Surgical, Inc. - Common Stock","2021-03-18 19:00:00-04:00",701.01,702.98,699.98,701.0,701.0,0
"ISRG","Intuitive Surgical, Inc. - Common Stock","2021-03-19 05:00:00-04:00",699.32,699.32,698.88,698.88,698.88,0
"ISRG","Intuitive Surgical, Inc. - Common Stock","2021-03-19 07:00:00-04:00",702.0,702.77,700.0,700.05,700.05,0
"ISRG","Intuitive Surgical, Inc. - Common Stock","2021-03-19 08:00:00-04:00",699.32,703.33,699.32,701.5,701.5,0
"ISRG","Intuitive Surgical, Inc. - Common Stock","2021-03-19 09:00:00-04:00",702.0,709.99,701.5,701.5,701.5,0
"ISRG","Intuitive Surgical, Inc. - Common Stock","2021-03-19 09:30:00-04:00",701.5,707.4299926757812,695.3900146484375,705.0999755859375,705.0999755859375,168042
"ISRG","Intuitive Surgical, Inc. - Common Stock","2021-03-19 10:30:00-04:00",705.1199951171875,709.5700073242188,701.989990234375,703.9500122070312,703.9500122070312,55819
"ISRG","Intuitive Surgical, Inc. - Common Stock","2021-03-19 11:30:00-04:00",705.0,709.1300048828125,704.030029296875,706.1900024414062,706.1900024414062,31326
"ISRG","Intuitive Surgical, Inc. - Common Stock","2021-03-19 12:30:00-04:00",706.0599975585938,708.3099975585938,705.469970703125,707.3699951171875,707.3699951171875,27821
"ISRG","Intuitive Surgical, Inc. - Common Stock","2021-03-19 13:30:00-04:00",707.0900268554688,709.9600219726562,704.030029296875,705.4550170898438,705.4550170898438,44881
"ISRG","Intuitive Surgical, Inc. - Common Stock","2021-03-19 14:30:00-04:00",705.5800170898438,709.4600219726562,705.280029296875,709.3200073242188,709.3200073242188,63038
"ISRG","Intuitive Surgical, Inc. - Common Stock","2021-03-19 15:30:00-04:00",709.155029296875,714.719970703125,707.1400146484375,707.1400146484375,707.1400146484375,160690
"ISRG","Intuitive Surgical, Inc. - Common Stock","2021-03-19 16:00:00-04:00",707.14,710.0,699.0,706.01,706.01,0
"ISRG","Intuitive Surgical, Inc. - Common Stock","2021-03-19 17:00:00-04:00",707.49,707.49,705.72,706.01,706.01,0
"ISRG","Intuitive Surgical, Inc. - Common Stock","2021-03-19 18:00:00-04:00",706.01,708.0,706.01,706.99,706.99,0
"ISRG","Intuitive Surgical, Inc. - Common Stock","2021-03-19 19:00:00-04:00",706.99,706.99,706.8,706.8,706.8,0
"ISRG","Intuitive Surgical, Inc. - Common Stock","2021-03-22 04:00:00-04:00",705.63,705.63,705.63,705.63,705.63,0
"ISRG","Intuitive Surgical, Inc. - Common Stock","2021-03-22 07:00:00-04:00",702.0,714.99,702.0,714.99,714.99,0
"ISRG","Intuitive Surgical, Inc. - Common Stock","2021-03-22 08:00:00-04:00",714.99,715.99,707.49,715.0,715.0,0
"ISRG","Intuitive Surgical, Inc. - Common Stock","2021-03-22 09:00:00-04:00",714.99,718.0,707.49,715.0,715.0,0
"ISRG","Intuitive Surgical, Inc. - Common Stock","2021-03-22 09:30:00-04:00",707.719970703125,720.5,703.1400146484375,718.3099975585938,718.3099975585938,46979
"ISRG","Intuitive Surgical, Inc. - Common Stock","2021-03-22 10:30:00-04:00",717.8499755859375,719.2000122070312,715.1599731445312,718.2000122070312,718.2000122070312,35695
"ISRG","Intuitive Surgical, Inc. - Common Stock","2021-03-22 11:30:00-04:00",718.3499755859375,720.25,717.489990234375,720.0,720.0,34866
"ISRG","Intuitive Surgical, Inc. - Common Stock","2021-03-22 12:30:00-04:00",720.5900268554688,721.155029296875,717.0609130859375,717.0609130859375,717.0609130859375,24398
"ISRG","Intuitive Surgical, Inc. - Common Stock","2021-03-22 13:30:00-04:00",716.7899780273438,717.9400024414062,715.8599853515625,716.219970703125,716.219970703125,27605
"ISRG","Intuitive Surgical, Inc. - Common Stock","2021-03-22 14:30:00-04:00",716.148681640625,717.4984130859375,714.0399780273438,714.5850219726562,714.5850219726562,38598
"ISRG","Intuitive Surgical, Inc. - Common Stock","2021-03-22 15:30:00-04:00",714.3499755859375,715.6945190429688,713.9600219726562,715.260009765625,715.260009765625,55747
"ISRG","Intuitive Surgical, Inc. - Common Stock","2021-03-22 16:00:00-04:00",714.73,714.731,714.73,714.73,714.73,0
"ISRG","Intuitive Surgical, Inc. - Common Stock","2021-03-22 17:00:00-04:00",714.73,716.0,714.73,715.35,715.35,0
"ISRG","Intuitive Surgical, Inc. - Common Stock","2021-03-22 18:00:00-04:00",715.35,715.35,715.35,715.35,715.35,0
"ISRG","Intuitive Surgical, Inc. - Common Stock","2021-03-22 19:00:00-04:00",715.35,715.35,715.35,715.35,715.35,0
"ISRG","Intuitive Surgical, Inc. - Common Stock","2021-03-23 04:00:00-04:00",713.0,713.56,713.0,713.56,713.56,0
"ISRG","Intuitive Surgical, Inc. - Common Stock","2021-03-23 07:00:00-04:00",712.56,714.02,712.0,713.0,713.0,0
"ISRG","Intuitive Surgical, Inc. - Common Stock","2021-03-23 08:00:00-04:00",712.79,713.5,706.82,712.99,712.99,0
"ISRG","Intuitive Surgical, Inc. - Common Stock","2021-03-23 09:00:00-04:00",713.5,716.39,712.0,713.36,713.36,0
"ISRG","Intuitive Surgical, Inc. - Common Stock","2021-03-23 09:30:00-04:00",716.510009765625,719.25,707.6500244140625,715.4099731445312,715.4099731445312,49088
"ISRG","Intuitive Surgical, Inc. - Common Stock","2021-03-23 10:30:00-04:00",715.4450073242188,720.97998046875,713.75,718.760009765625,718.760009765625,44049
"ISRG","Intuitive Surgical, Inc. - Common Stock","2021-03-23 11:30:00-04:00",719.0499877929688,719.5399780273438,714.0,715.1799926757812,715.1799926757812,33232
"ISRG","Intuitive Surgical, Inc. - Common Stock","2021-03-23 12:30:00-04:00",715.02001953125,717.0,713.8099975585938,714.3566284179688,714.3566284179688,11932
"ISRG","Intuitive Surgical, Inc. - Common Stock","2021-03-23 13:30:00-04:00",714.35498046875,715.4500122070312,713.0,715.4500122070312,715.4500122070312,20067
"ISRG","Intuitive Surgical, Inc. - Common Stock","2021-03-23 14:30:00-04:00",714.77001953125,714.77001953125,708.469970703125,709.8599853515625,709.8599853515625,37328
"ISRG","Intuitive Surgical, Inc. - Common Stock","2021-03-23 15:30:00-04:00",710.1900024414062,711.47998046875,708.6699829101562,710.8200073242188,710.8200073242188,62346
"ISRG","Intuitive Surgical, Inc. - Common Stock","2021-03-23 16:00:00-04:00",710.82,710.82,710.82,710.82,710.82,0
"ISRG","Intuitive Surgical, Inc. - Common Stock","2021-03-23 17:00:00-04:00",710.86,710.86,710.82,710.82,710.82,0
"ISRG","Intuitive Surgical, Inc. - Common Stock","2021-03-23 18:00:00-04:00",710.82,711.4,709.01,709.01,709.01,0
"ISRG","Intuitive Surgical, Inc. - Common Stock","2021-03-23 19:00:00-04:00",710.0,710.0,710.0,710.0,710.0,0
"ISRG","Intuitive Surgical, Inc. - Common Stock","2021-03-24 05:00:00-04:00",716.0,716.0,716.0,716.0,716.0,0
"ISRG","Intuitive Surgical, Inc. - Common Stock","2021-03-24 07:00:00-04:00",712.25,712.25,712.25,712.25,712.25,0
"ISRG","Intuitive Surgical, Inc. - Common Stock","2021-03-24 08:00:00-04:00",714.99,714.99,710.82,710.82,710.82,0
"ISRG","Intuitive Surgical, Inc. - Common Stock","2021-03-24 09:00:00-04:00",714.8,718.0,713.41,713.86,713.86,0
"ISRG","Intuitive Surgical, Inc. - Common Stock","2021-03-24 09:30:00-04:00",712.0,714.6199951171875,705.489990234375,707.625,707.625,44277
"ISRG","Intuitive Surgical, Inc. - Common Stock","2021-03-24 10:30:00-04:00",708.1074829101562,719.64501953125,707.6599731445312,718.1799926757812,718.1799926757812,48078
"ISRG","Intuitive Surgical, Inc. - Common Stock","2021-03-24 11:30:00-04:00",718.4099731445312,720.3400268554688,717.7000122070312,718.739990234375,718.739990234375,46653
"ISRG","Intuitive Surgical, Inc. - Common Stock","2021-03-24 12:30:00-04:00",719.1599731445312,719.9600219726562,714.2000122070312,716.7100219726562,716.7100219726562,38017
"ISRG","Intuitive Surgical, Inc. - Common Stock","2021-03-24 13:30:00-04:00",716.47998046875,718.52001953125,713.6799926757812,713.6799926757812,713.6799926757812,40447
"ISRG","Intuitive Surgical, Inc. - Common Stock","2021-03-24 14:30:00-04:00",713.1300048828125,717.0650024414062,712.3350219726562,714.5499877929688,714.5499877929688,48310
"ISRG","Intuitive Surgical, Inc. - Common Stock","2021-03-24 15:30:00-04:00",714.1199951171875,715.0,710.3599853515625,710.7999877929688,710.7999877929688,86486
"ISRG","Intuitive Surgical, Inc. - Common Stock","2021-03-24 16:00:00-04:00",710.77,711.91,709.65,711.06,711.06,0
"ISRG","Intuitive Surgical, Inc. - Common Stock","2021-03-24 17:00:00-04:00",711.06,711.07,710.01,710.01,710.01,0
"ISRG","Intuitive Surgical, Inc. - Common Stock","2021-03-24 18:00:00-04:00",710.98,712.23,709.52,711.86,711.86,0
"ISRG","Intuitive Surgical, Inc. - Common Stock","2021-03-24 19:00:00-04:00",712.0,715.0,701.72,712.1,712.1,0
"ISRG","Intuitive Surgical, Inc. - Common Stock","2021-03-25 04:00:00-04:00",711.2,712.0,711.2,712.0,712.0,0
"ISRG","Intuitive Surgical, Inc. - Common Stock","2021-03-25 05:00:00-04:00",702.47,702.47,702.47,702.47,702.47,0
"ISRG","Intuitive Surgical, Inc. - Common Stock","2021-03-25 06:00:00-04:00",703.06,703.06,703.06,703.06,703.06,0
"ISRG","Intuitive Surgical, Inc. - Common Stock","2021-03-25 07:00:00-04:00",711.8,713.63,711.8,712.01,712.01,0
"ISRG","Intuitive Surgical, Inc. - Common Stock","2021-03-25 08:00:00-04:00",711.1,712.99,707.0,709.6,709.6,0
"ISRG","Intuitive Surgical, Inc. - Common Stock","2021-03-25 09:00:00-04:00",709.95,709.95,703.02,703.02,703.02,0
"ISRG","Intuitive Surgical, Inc. - Common Stock","2021-03-25 09:30:00-04:00",710.6492919921875,714.4199829101562,698.6500244140625,698.9099731445312,698.9099731445312,54350
"ISRG","Intuitive Surgical, Inc. - Common Stock","2021-03-25 10:30:00-04:00",698.6500244140625,700.7000122070312,694.1400146484375,695.280029296875,695.280029296875,47878
"ISRG","Intuitive Surgical, Inc. - Common Stock","2021-03-25 11:30:00-04:00",695.8800048828125,699.9417114257812,693.8900146484375,697.4025268554688,697.4025268554688,56387
"ISRG","Intuitive Surgical, Inc. - Common Stock","2021-03-25 12:30:00-04:00",697.2249755859375,698.5985107421875,695.6699829101562,696.3499755859375,696.3499755859375,51134
"ISRG","Intuitive Surgical, Inc. - Common Stock","2021-03-25 13:30:00-04:00",696.6799926757812,698.408203125,693.6199951171875,693.6199951171875,693.6199951171875,41432
"ISRG","Intuitive Surgical, Inc. - Common Stock","2021-03-25 14:30:00-04:00",694.6300048828125,705.0499877929688,694.6300048828125,704.489990234375,704.489990234375,44605
"ISRG","Intuitive Surgical, Inc. - Common Stock","2021-03-25 15:30:00-04:00",704.344970703125,709.4000244140625,704.1699829101562,704.5,704.5,93800
"ISRG","Intuitive Surgical, Inc. - Common Stock","2021-03-25 16:00:00-04:00",704.5,705.0,704.5,704.5,704.5,0
"ISRG","Intuitive Surgical, Inc. - Common Stock","2021-03-26 04:00:00-04:00",704.5,704.5,704.5,704.5,704.5,0
"ISRG","Intuitive Surgical, Inc. - Common Stock","2021-03-26 05:00:00-04:00",710.0,710.0,710.0,710.0,710.0,0
"ISRG","Intuitive Surgical, Inc. - Common Stock","2021-03-26 07:00:00-04:00",704.92,711.39,704.0,704.55,704.55,0
"ISRG","Intuitive Surgical, Inc. - Common Stock","2021-03-26 08:00:00-04:00",705.57,705.57,704.5,704.5,704.5,0
"ISRG","Intuitive Surgical, Inc. - Common Stock","2021-03-26 09:00:00-04:00",704.5,706.34,703.2,704.5,704.5,0
"ISRG","Intuitive Surgical, Inc. - Common Stock","2021-03-26 09:30:00-04:00",707.0800170898438,713.9099731445312,704.75,709.489990234375,709.489990234375,42009
"ISRG","Intuitive Surgical, Inc. - Common Stock","2021-03-26 10:30:00-04:00",709.3499755859375,711.760009765625,705.9500122070312,706.4400024414062,706.4400024414062,36030
"ISRG","Intuitive Surgical, Inc. - Common Stock","2021-03-26 11:30:00-04:00",707.0679931640625,714.0499877929688,706.1199951171875,713.02001953125,713.02001953125,39022
"ISRG","Intuitive Surgical, Inc. - Common Stock","2021-03-26 12:30:00-04:00",712.7999877929688,720.7000122070312,712.4000244140625,720.7000122070312,720.7000122070312,41105
"ISRG","Intuitive Surgical, Inc. - Common Stock","2021-03-26 13:30:00-04:00",720.760009765625,720.760009765625,717.0599975585938,720.3800048828125,720.3800048828125,97719
"ISRG","Intuitive Surgical, Inc. - Common Stock","2021-03-26 14:30:00-04:00",720.4000244140625,723.989990234375,716.9000244140625,723.989990234375,723.989990234375,70741
"ISRG","Intuitive Surgical, Inc. - Common Stock","2021-03-26 15:30:00-04:00",723.6300048828125,731.8400268554688,723.510009765625,730.75,730.75,103369
"ISRG","Intuitive Surgical, Inc. - Common Stock","2021-03-26 16:00:00-04:00",731.17,731.17,724.8,730.75,730.75,0
"ISRG","Intuitive Surgical, Inc. - Common Stock","2021-03-26 17:00:00-04:00",730.89,735.95,727.85,727.85,727.85,0
"ISRG","Intuitive Surgical, Inc. - Common Stock","2021-03-26 18:00:00-04:00",730.75,731.5,730.75,731.5,731.5,0
"ISRG","Intuitive Surgical, Inc. - Common Stock","2021-03-26 19:00:00-04:00",731.0,732.99,731.0,732.99,732.99,0
"ISRG","Intuitive Surgical, Inc. - Common Stock","2021-03-29 07:00:00-04:00",730.01,730.75,730.01,730.01,730.01,0
"ISRG","Intuitive Surgical, Inc. - Common Stock","2021-03-29 08:00:00-04:00",728.0,730.75,727.16,730.75,730.75,0
"ISRG","Intuitive Surgical, Inc. - Common Stock","2021-03-29 09:00:00-04:00",727.0,728.99,726.8,727.01,727.01,0
"ISRG","Intuitive Surgical, Inc. - Common Stock","2021-03-29 09:30:00-04:00",729.4500122070312,734.1400146484375,721.0599975585938,722.4199829101562,722.4199829101562,63603
"ISRG","Intuitive Surgical, Inc. - Common Stock","2021-03-29 10:30:00-04:00",723.4199829101562,724.6849975585938,717.3250122070312,724.6849975585938,724.6849975585938,45311
"ISRG","Intuitive Surgical, Inc. - Common Stock","2021-03-29 11:30:00-04:00",725.4500122070312,727.6599731445312,721.0650024414062,723.4600219726562,723.4600219726562,43245
"ISRG","Intuitive Surgical, Inc. - Common Stock","2021-03-29 12:30:00-04:00",723.6199951171875,729.2000122070312,722.6599731445312,728.4849853515625,728.4849853515625,46563
"ISRG","Intuitive Surgical, Inc. - Common Stock","2021-03-29 13:30:00-04:00",728.1749877929688,730.4400024414062,724.385009765625,725.8150024414062,725.8150024414062,49874
"ISRG","Intuitive Surgical, Inc. - Common Stock","2021-03-29 14:30:00-04:00",726.1300048828125,726.52001953125,722.3900146484375,725.2999877929688,725.2999877929688,37862
"ISRG","Intuitive Surgical, Inc. - Common Stock","2021-03-29 15:30:00-04:00",724.9600219726562,726.75,722.0,723.8699951171875,723.8699951171875,83360
"ISRG","Intuitive Surgical, Inc. - Common Stock","2021-03-29 16:00:00-04:00",723.95,725.9385,723.9497,723.95,723.95,0
"ISRG","Intuitive Surgical, Inc. - Common Stock","2021-03-29 17:00:00-04:00",730.75,730.75,723.95,724.02,724.02,0
"ISRG","Intuitive Surgical, Inc. - Common Stock","2021-03-29 18:00:00-04:00",724.02,724.02,724.02,724.02,724.02,0
"ISRG","Intuitive Surgical, Inc. - Common Stock","2021-03-29 19:00:00-04:00",724.02,724.02,724.02,724.02,724.02,0
"ISRG","Intuitive Surgical, Inc. - Common Stock","2021-03-30 06:00:00-04:00",723.93,723.93,723.93,723.93,723.93,0
"ISRG","Intuitive Surgical, Inc. - Common Stock","2021-03-30 07:00:00-04:00",723.95,724.02,719.68,720.62,720.62,0
"ISRG","Intuitive Surgical, Inc. - Common Stock","2021-03-30 08:00:00-04:00",721.08,723.95,718.02,723.0,723.0,0
"ISRG","Intuitive Surgical, Inc. - Common Stock","2021-03-30 09:30:00-04:00",719.1099853515625,724.0999755859375,714.52001953125,716.1799926757812,716.1799926757812,42610
"ISRG","Intuitive Surgical, Inc. - Common Stock","2021-03-30 10:30:00-04:00",718.1099853515625,723.8074951171875,716.9099731445312,723.614990234375,723.614990234375,40722
"ISRG","Intuitive Surgical, Inc. - Common Stock","2021-03-30 11:30:00-04:00",723.469970703125,726.2100219726562,720.4299926757812,720.9099731445312,720.9099731445312,38901
"ISRG","Intuitive Surgical, Inc. - Common Stock","2021-03-30 12:30:00-04:00",720.0900268554688,721.9899291992188,718.4299926757812,721.4450073242188,721.4450073242188,30971
"ISRG","Intuitive Surgical, Inc. - Common Stock","2021-03-30 13:30:00-04:00",721.489990234375,723.3900146484375,719.469970703125,723.3900146484375,723.3900146484375,63156
"ISRG","Intuitive Surgical, Inc. - Common Stock","2021-03-30 14:30:00-04:00",723.469970703125,728.3800048828125,722.7999877929688,727.9650268554688,727.9650268554688,39595
"ISRG","Intuitive Surgical, Inc. - Common Stock","2021-03-30 15:30:00-04:00",728.2849731445312,728.989990234375,723.8400268554688,727.3300170898438,727.3300170898438,98188
"ISRG","Intuitive Surgical, Inc. - Common Stock","2021-03-30 16:00:00-04:00",726.49,740.0,726.0,726.0,726.0,0
"ISRG","Intuitive Surgical, Inc. - Common Stock","2021-03-30 17:00:00-04:00",725.01,726.0,725.01,726.0,726.0,0
"ISRG","Intuitive Surgical, Inc. - Common Stock","2021-03-31 18:00:00-04:00",739.0,739.0,737.5,738.0,738.0,0
"ISRG","Intuitive Surgical, Inc. - Common Stock","2021-03-31 19:00:00-04:00",738.94,738.94,738.0,738.0,738.0,0
"ISRG","Intuitive Surgical, Inc. - Common Stock","2021-04-01 05:00:00-04:00",745.0,745.0,745.0,745.0,745.0,0
"ISRG","Intuitive Surgical, Inc. - Common Stock","2021-04-01 06:00:00-04:00",740.01,740.01,740.01,740.01,740.01,0
"ISRG","Intuitive Surgical, Inc. - Common Stock","2021-04-01 07:00:00-04:00",743.0,744.0,741.07,744.0,744.0,0
"ISRG","Intuitive Surgical, Inc. - Common Stock","2021-04-01 08:00:00-04:00",740.01,748.0,740.01,745.0,745.0,0
"ISRG","Intuitive Surgical, Inc. - Common Stock","2021-04-01 09:00:00-04:00",747.0,750.0,746.0,748.0,748.0,0
"ISRG","Intuitive Surgical, Inc. - Common Stock","2021-04-01 09:30:00-04:00",749.989990234375,757.0,746.010009765625,757.0,757.0,102223
"ISRG","Intuitive Surgical, Inc. - Common Stock","2021-04-01 10:30:00-04:00",757.469970703125,758.0700073242188,750.1201171875,750.3900146484375,750.3900146484375,54651
"ISRG","Intuitive Surgical, Inc. - Common Stock","2021-04-01 11:30:00-04:00",751.010009765625,753.25,749.010009765625,749.4749755859375,749.4749755859375,41206
"ISRG","Intuitive Surgical, Inc. - Common Stock","2021-04-01 12:30:00-04:00",749.7899780273438,751.3200073242188,747.02001953125,747.02001953125,747.02001953125,41195
"ISRG","Intuitive Surgical, Inc. - Common Stock","2021-04-01 13:30:00-04:00",747.0,750.5,745.8800048828125,749.3800048828125,749.3800048828125,36632
"ISRG","Intuitive Surgical, Inc. - Common Stock","2021-04-01 14:30:00-04:00",749.3699951171875,750.8300170898438,748.1599731445312,748.4000244140625,748.4000244140625,42129
"ISRG","Intuitive Surgical, Inc. - Common Stock","2021-04-01 15:30:00-04:00",748.3099975585938,750.2249755859375,746.489990234375,747.5900268554688,747.5900268554688,69129
"ISRG","Intuitive Surgical, Inc. - Common Stock","2021-04-01 16:00:00-04:00",747.95,752.2296,745.01,745.01,745.01,0
"ISRG","Intuitive Surgical, Inc. - Common Stock","2021-04-01 17:00:00-04:00",747.6,747.6,747.6,747.6,747.6,0
"ISRG","Intuitive Surgical, Inc. - Common Stock","2021-04-01 19:00:00-04:00",746.01,757.59,746.01,746.8,746.8,0
"ISRG","Intuitive Surgical, Inc. - Common Stock","2021-04-05 05:00:00-04:00",747.6,747.6,747.6,747.6,747.6,0
"ISRG","Intuitive Surgical, Inc. - Common Stock","2021-04-05 07:00:00-04:00",750.0,750.18,749.99,749.99,749.99,0
"ISRG","Intuitive Surgical, Inc. - Common Stock","2021-04-05 08:00:00-04:00",749.92,752.53,745.731,747.6,747.6,0
"ISRG","Intuitive Surgical, Inc. - Common Stock","2021-04-05 09:30:00-04:00",750.2100219726562,763.5900268554688,750.2100219726562,762.739990234375,762.739990234375,86734
"ISRG","Intuitive Surgical, Inc. - Common Stock","2021-04-05 10:30:00-04:00",762.239990234375,767.2000122070312,762.1400146484375,765.0999755859375,765.0999755859375,51287
"ISRG","Intuitive Surgical, Inc. - Common Stock","2021-04-05 11:30:00-04:00",765.486083984375,769.4133911132812,764.5599975585938,765.9500122070312,765.9500122070312,57120
"ISRG","Intuitive Surgical, Inc. - Common Stock","2021-04-05 12:30:00-04:00",765.72998046875,770.6300048828125,765.219970703125,765.56298828125,765.56298828125,46260
"ISRG","Intuitive Surgical, Inc. - Common Stock","2021-04-05 13:30:00-04:00",765.9876098632812,765.9876098632812,761.6900024414062,761.6900024414062,761.6900024414062,31099
"ISRG","Intuitive Surgical, Inc. - Common Stock","2021-04-05 14:30:00-04:00",762.2349853515625,764.9299926757812,762.2349853515625,764.9299926757812,764.9299926757812,34542
"ISRG","Intuitive Surgical, Inc. - Common Stock","2021-04-05 15:30:00-04:00",764.4650268554688,769.7899780273438,764.1500244140625,765.5700073242188,765.5700073242188,148715
"ISRG","Intuitive Surgical, Inc. - Common Stock","2021-04-05 16:00:00-04:00",765.55,765.93,765.0,765.93,765.93,0
"ISRG","Intuitive Surgical, Inc. - Common Stock","2021-04-05 17:00:00-04:00",765.93,765.93,764.22,764.22,764.22,0
"ISRG","Intuitive Surgical, Inc. - Common Stock","2021-04-05 18:00:00-04:00",765.93,765.93,764.2,764.2,764.2,0
"ISRG","Intuitive Surgical, Inc. - Common Stock","2021-04-06 04:00:00-04:00",770.0,770.0,770.0,770.0,770.0,0
"ISRG","Intuitive Surgical, Inc. - Common Stock","2021-04-06 06:00:00-04:00",771.0,771.0,763.73,764.0,764.0,0
"ISRG","Intuitive Surgical, Inc. - Common Stock","2021-04-06 07:00:00-04:00",765.0,765.0,764.45,764.45,764.45,0
"ISRG","Intuitive Surgical, Inc. - Common Stock","2021-04-06 08:00:00-04:00",764.43,765.93,763.81,763.9,763.9,0
"ISRG","Intuitive Surgical, Inc. - Common Stock","2021-04-06 09:00:00-04:00",763.9,766.83,763.06,764.76,764.76,0
"ISRG","Intuitive Surgical, Inc. - Common Stock","2021-04-06 09:30:00-04:00",767.1300048828125,768.9099731445312,760.7999877929688,767.9100952148438,767.9100952148438,43833
"ISRG","Intuitive Surgical, Inc. - Common Stock","2021-04-06 10:30:00-04:00",767.7100219726562,775.7000122070312,767.7100219726562,773.3250122070312,773.3250122070312,53671
"ISRG","Intuitive Surgical, Inc. - Common Stock","2021-04-06 11:30:00-04:00",772.6799926757812,776.2650146484375,772.2999877929688,772.2999877929688,772.2999877929688,35288
"ISRG","Intuitive Surgical, Inc. - Common Stock","2021-04-06 12:30:00-04:00",772.4581909179688,772.655029296875,769.1099853515625,770.0050048828125,770.0050048828125,35951
"ISRG","Intuitive Surgical, Inc. - Common Stock","2021-04-06 13:30:00-04:00",769.5599975585938,770.6900024414062,768.6599731445312,769.635009765625,769.635009765625,31367
"ISRG","Intuitive Surgical, Inc. - Common Stock","2021-04-06 14:30:00-04:00",769.489990234375,769.6500244140625,767.3300170898438,768.8350219726562,768.8350219726562,48186
"ISRG","Intuitive Surgical, Inc. - Common Stock","2021-04-06 15:30:00-04:00",769.0,769.8150024414062,765.3499755859375,767.2999877929688,767.2999877929688,59289
"ISRG","Intuitive Surgical, Inc. - Common Stock","2021-04-06 16:00:00-04:00",766.85,769.1132,766.85,766.85,766.85,0
"ISRG","Intuitive Surgical, Inc. - Common Stock","2021-04-06 17:00:00-04:00",766.85,766.85,766.85,766.85,766.85,0
"ISRG","Intuitive Surgical, Inc. - Common Stock","2021-04-06 18:00:00-04:00",766.85,766.85,766.85,766.85,766.85,0
"ISRG","Intuitive Surgical, Inc. - Common Stock","2021-04-07 07:00:00-04:00",766.85,766.85,766.85,766.85,766.85,0
"ISRG","Intuitive Surgical, Inc. - Common Stock","2021-04-07 08:00:00-04:00",766.85,766.85,766.41,766.85,766.85,0
"ISRG","Intuitive Surgical, Inc. - Common Stock","2021-04-07 09:00:00-04:00",772.0,772.8,766.04,769.02,769.02,0
"ISRG","Intuitive Surgical, Inc. - Common Stock","2021-04-07 09:30:00-04:00",767.3900146484375,771.0150146484375,762.8599853515625,764.719970703125,764.719970703125,45193
"ISRG","Intuitive Surgical, Inc. - Common Stock","2021-04-07 10:30:00-04:00",765.5,766.7100219726562,761.7949829101562,762.010009765625,762.010009765625,29419
"ISRG","Intuitive Surgical, Inc. - Common Stock","2021-04-07 11:30:00-04:00",761.5399780273438,762.6649780273438,760.0,760.27001953125,760.27001953125,23919
"ISRG","Intuitive Surgical, Inc. - Common Stock","2021-04-07 12:30:00-04:00",760.510009765625,761.6749877929688,759.8250122070312,759.8250122070312,759.8250122070312,18579
"ISRG","Intuitive Surgical, Inc. - Common Stock","2021-04-07 13:30:00-04:00",759.5700073242188,763.635009765625,759.5700073242188,762.8400268554688,762.8400268554688,22133
"ISRG","Intuitive Surgical, Inc. - Common Stock","2021-04-07 14:30:00-04:00",762.5650024414062,764.5700073242188,760.4299926757812,760.9400024414062,760.9400024414062,54508
"ISRG","Intuitive Surgical, Inc. - Common Stock","2021-04-07 15:30:00-04:00",761.530029296875,764.8250122070312,760.4000244140625,761.02001953125,761.02001953125,66012
"ISRG","Intuitive Surgical, Inc. - Common Stock","2021-04-07 16:00:00-04:00",761.02,761.02,761.0,761.02,761.02,0
"ISRG","Intuitive Surgical, Inc. - Common Stock","2021-04-07 17:00:00-04:00",762.37,762.37,760.0,761.02,761.02,0
"ISRG","Intuitive Surgical, Inc. - Common Stock","2021-04-07 18:00:00-04:00",761.02,761.02,761.02,761.02,761.02,0
"ISRG","Intuitive Surgical, Inc. - Common Stock","2021-04-07 19:00:00-04:00",762.2,762.37,762.2,762.37,762.37,0
"ISRG","Intuitive Surgical, Inc. - Common Stock","2021-04-08 04:00:00-04:00",761.05,761.05,761.05,761.05,761.05,0
"ISRG","Intuitive Surgical, Inc. - Common Stock","2021-04-08 06:00:00-04:00",760.96,764.0,760.96,764.0,764.0,0
"ISRG","Intuitive Surgical, Inc. - Common Stock","2021-04-08 07:00:00-04:00",766.0,768.48,762.31,762.31,762.31,0
"ISRG","Intuitive Surgical, Inc. - Common Stock","2021-04-08 08:00:00-04:00",764.0,770.0,764.0,764.0,764.0,0
"ISRG","Intuitive Surgical, Inc. - Common Stock","2021-04-08 09:00:00-04:00",766.0,766.0,761.02,765.5,765.5,0
"ISRG","Intuitive Surgical, Inc. - Common Stock","2021-04-08 09:30:00-04:00",765.9500122070312,772.97998046875,765.9500122070312,771.6300048828125,771.6300048828125,49022
"ISRG","Intuitive Surgical, Inc. - Common Stock","2021-04-08 10:30:00-04:00",771.4600219726562,774.0999755859375,769.0,770.969970703125,770.969970703125,39735
"ISRG","Intuitive Surgical, Inc. - Common Stock","2021-04-08 11:30:00-04:00",771.3400268554688,771.3400268554688,766.7000122070312,767.9000244140625,767.9000244140625,28042
"ISRG","Intuitive Surgical, Inc. - Common Stock","2021-04-08 12:30:00-04:00",767.7899780273438,769.1500244140625,767.3499755859375,769.1500244140625,769.1500244140625,19662
"ISRG","Intuitive Surgical, Inc. - Common Stock","2021-04-08 13:30:00-04:00",769.0,769.75,767.5883178710938,769.4949951171875,769.4949951171875,20522
"ISRG","Intuitive Surgical, Inc. - Common Stock","2021-04-08 14:30:00-04:00",769.739990234375,769.8200073242188,767.2999877929688,767.5549926757812,767.5549926757812,34019
"ISRG","Intuitive Surgical, Inc. - Common Stock","2021-04-08 15:30:00-04:00",767.6699829101562,770.8400268554688,767.489990234375,770.6300048828125,770.6300048828125,56722
"ISRG","Intuitive Surgical, Inc. - Common Stock","2021-04-08 16:00:00-04:00",770.35,773.575,770.35,770.35,770.35,0
"ISRG","Intuitive Surgical, Inc. - Common Stock","2021-04-08 17:00:00-04:00",772.31,772.31,770.35,770.37,770.37,0
"ISRG","Intuitive Surgical, Inc. - Common Stock","2021-04-08 18:00:00-04:00",770.5,770.5,770.5,770.5,770.5,0
"ISRG","Intuitive Surgical, Inc. - Common Stock","2021-04-08 19:00:00-04:00",773.2,773.2,770.36,770.37,770.37,0
"ISRG","Intuitive Surgical, Inc. - Common Stock","2021-04-09 07:00:00-04:00",770.37,770.37,770.37,770.37,770.37,0
"ISRG","Intuitive Surgical, Inc. - Common Stock","2021-04-09 08:00:00-04:00",771.51,771.51,770.0,770.4,770.4,0
"ISRG","Intuitive Surgical, Inc. - Common Stock","2021-04-09 09:00:00-04:00",770.89,774.1,765.02,774.1,774.1,0
"ISRG","Intuitive Surgical, Inc. - Common Stock","2021-04-09 09:30:00-04:00",773.5800170898438,776.0499877929688,768.8699951171875,771.6699829101562,771.6699829101562,70581
"ISRG","Intuitive Surgical, Inc. - Common Stock","2021-04-09 10:30:00-04:00",770.469970703125,776.3699951171875,768.4801025390625,774.91552734375,774.91552734375,41620
"ISRG","Intuitive Surgical, Inc. - Common Stock","2021-04-09 11:30:00-04:00",774.7050170898438,777.5800170898438,774.6300048828125,777.0175170898438,777.0175170898438,24207
"ISRG","Intuitive Surgical, Inc. - Common Stock","2021-04-09 12:30:00-04:00",776.719970703125,778.1599731445312,776.6300048828125,777.27001953125,777.27001953125,21295
"ISRG","Intuitive Surgical, Inc. - Common Stock","2021-04-09 13:30:00-04:00",777.3250122070312,778.1599731445312,776.7000122070312,777.4000244140625,777.4000244140625,19341
"ISRG","Intuitive Surgical, Inc. - Common Stock","2021-04-09 14:30:00-04:00",777.0,781.7000122070312,776.969970703125,780.9600219726562,780.9600219726562,41566
"ISRG","Intuitive Surgical, Inc. - Common Stock","2021-04-09 15:30:00-04:00",782.2000122070312,786.3200073242188,781.6799926757812,784.8400268554688,784.8400268554688,81959
"ISRG","Intuitive Surgical, Inc. - Common Stock","2021-04-09 16:00:00-04:00",784.48,789.2,769.6,784.48,784.48,0
"ISRG","Intuitive Surgical, Inc. - Common Stock","2021-04-09 17:00:00-04:00",784.48,784.48,783.0,784.0,784.0,0
"ISRG","Intuitive Surgical, Inc. - Common Stock","2021-04-09 18:00:00-04:00",784.4,786.0,784.4,784.48,784.48,0
"ISRG","Intuitive Surgical, Inc. - Common Stock","2021-04-09 19:00:00-04:00",787.3,787.3,780.13,780.54,780.54,0
"ISRG","Intuitive Surgical, Inc. - Common Stock","2021-04-12 04:00:00-04:00",791.0,791.0,791.0,791.0,791.0,0
"ISRG","Intuitive Surgical, Inc. - Common Stock","2021-04-12 07:00:00-04:00",781.79,784.47,781.79,783.64,783.64,0
"ISRG","Intuitive Surgical, Inc. - Common Stock","2021-04-12 08:00:00-04:00",783.63,783.64,776.92,776.92,776.92,0
"ISRG","Intuitive Surgical, Inc. - Common Stock","2021-04-12 09:00:00-04:00",780.0,784.48,774.5,777.0,777.0,0
"ISRG","Intuitive Surgical, Inc. - Common Stock","2021-04-12 09:30:00-04:00",779.6900024414062,783.4600219726562,777.7080078125,780.155029296875,780.155029296875,54282
"ISRG","Intuitive Surgical, Inc. - Common Stock","2021-04-12 10:30:00-04:00",779.5700073242188,784.3200073242188,777.3150024414062,784.3200073242188,784.3200073242188,52908
"ISRG","Intuitive Surgical, Inc. - Common Stock","2021-04-12 11:30:00-04:00",784.3699951171875,785.3499755859375,782.52001953125,785.2849731445312,785.2849731445312,32867
"ISRG","Intuitive Surgical, Inc. - Common Stock","2021-04-12 12:30:00-04:00",785.2750244140625,785.6599731445312,782.47998046875,782.7650146484375,782.7650146484375,24339
"ISRG","Intuitive Surgical, Inc. - Common Stock","2021-04-12 13:30:00-04:00",782.5599975585938,782.8300170898438,778.030029296875,780.0900268554688,780.0900268554688,31157
"ISRG","Intuitive Surgical, Inc. - Common Stock","2021-04-12 14:30:00-04:00",779.9400024414062,780.6950073242188,777.75,777.9124755859375,777.9124755859375,27336
"ISRG","Intuitive Surgical, Inc. - Common Stock","2021-04-12 15:30:00-04:00",777.9550170898438,780.239990234375,777.3900146484375,779.6900024414062,779.6900024414062,59238
"ISRG","Intuitive Surgical, Inc. - Common Stock","2021-04-12 16:00:00-04:00",779.26,790.0,779.26,779.26,779.26,0
"ISRG","Intuitive Surgical, Inc. - Common Stock","2021-04-12 17:00:00-04:00",779.26,779.26,779.0,779.23,779.23,0
"ISRG","Intuitive Surgical, Inc. - Common Stock","2021-04-12 18:00:00-04:00",779.23,779.23,779.23,779.23,779.23,0
"ISRG","Intuitive Surgical, Inc. - Common Stock","2021-04-13 04:00:00-04:00",770.0,770.0,770.0,770.0,770.0,0
"ISRG","Intuitive Surgical, Inc. - Common Stock","2021-04-13 07:00:00-04:00",778.76,785.44,775.14,776.0,776.0,0
"ISRG","Intuitive Surgical, Inc. - Common Stock","2021-04-13 08:00:00-04:00",775.9,786.0,775.3,779.26,779.26,0
"ISRG","Intuitive Surgical, Inc. - Common Stock","2021-04-13 09:00:00-04:00",777.25,784.25,777.25,782.565,782.565,0
"ISRG","Intuitive Surgical, Inc. - Common Stock","2021-04-13 09:30:00-04:00",778.9500122070312,793.4000244140625,778.9500122070312,790.4749755859375,790.4749755859375,84678
"ISRG","Intuitive Surgical, Inc. - Common Stock","2021-04-13 10:30:00-04:00",791.2999877929688,791.8900146484375,788.2100219726562,789.4400024414062,789.4400024414062,38200
"ISRG","Intuitive Surgical, Inc. - Common Stock","2021-04-13 11:30:00-04:00",789.989013671875,790.6400146484375,787.6995239257812,790.0800170898438,790.0800170898438,26648
"ISRG","Intuitive Surgical, Inc. - Common Stock","2021-04-13 12:30:00-04:00",790.3099975585938,792.2150268554688,790.0,792.1300048828125,792.1300048828125,21588
"ISRG","Intuitive Surgical, Inc. - Common Stock","2021-04-13 13:30:00-04:00",792.3900146484375,794.8900146484375,792.119384765625,794.8900146484375,794.8900146484375,25410
"ISRG","Intuitive Surgical, Inc. - Common Stock","2021-04-13 14:30:00-04:00",794.5800170898438,796.8250122070312,794.010009765625,796.4249877929688,796.4249877929688,46451
"ISRG","Intuitive Surgical, Inc. - Common Stock","2021-04-13 15:30:00-04:00",796.5599975585938,796.5599975585938,793.8800048828125,794.0499877929688,794.0499877929688,66150
"ISRG","Intuitive Surgical, Inc. - Common Stock","2021-04-13 16:00:00-04:00",794.47,794.47,781.13,793.0,793.0,0
"ISRG","Intuitive Surgical, Inc. - Common Stock","2021-04-13 17:00:00-04:00",792.8,794.47,781.13,794.47,794.47,0
"ISRG","Intuitive Surgical, Inc. - Common Stock","2021-04-13 18:00:00-04:00",792.0,793.0,787.4,793.0,793.0,0
"ISRG","Intuitive Surgical, Inc. - Common Stock","2021-04-13 19:00:00-04:00",793.01,794.46,793.0,794.46,794.46,0
"ISRG","Intuitive Surgical, Inc. - Common Stock","2021-04-14 05:00:00-04:00",794.47,794.47,794.47,794.47,794.47,0
"ISRG","Intuitive Surgical, Inc. - Common Stock","2021-04-14 06:00:00-04:00",794.47,794.47,794.47,794.47,794.47,0
"ISRG","Intuitive Surgical, Inc. - Common Stock","2021-04-14 07:00:00-04:00",794.5,794.5,793.86,794.5,794.5,0
"ISRG","Intuitive Surgical, Inc. - Common Stock","2021-04-14 08:00:00-04:00",793.65,794.5,792.5,793.55,793.55,0
"ISRG","Intuitive Surgical, Inc. - Common Stock","2021-04-14 09:00:00-04:00",793.55,794.8331,792.0,794.8331,794.8331,0
"ISRG","Intuitive Surgical, Inc. - Common Stock","2021-04-14 09:30:00-04:00",792.0,800.2449951171875,790.6900024414062,793.0,793.0,73506
"ISRG","Intuitive Surgical, Inc. - Common Stock","2021-04-14 10:30:00-04:00",793.3300170898438,794.6599731445312,786.7999877929688,786.9500122070312,786.9500122070312,31592
"ISRG","Intuitive Surgical, Inc. - Common Stock","2021-04-14 11:30:00-04:00",787.6799926757812,790.4299926757812,785.6400146484375,788.625,788.625,25594
"ISRG","Intuitive Surgical, Inc. - Common Stock","2021-04-14 12:30:00-04:00",788.27001953125,790.47998046875,787.1799926757812,788.0999755859375,788.0999755859375,27101
"ISRG","Intuitive Surgical, Inc. - Common Stock","2021-04-14 13:30:00-04:00",788.25,789.3200073242188,785.1799926757812,787.9400024414062,787.9400024414062,26433
"ISRG","Intuitive Surgical, Inc. - Common Stock","2021-04-14 14:30:00-04:00",788.1500244140625,788.510009765625,784.7999877929688,788.010009765625,788.010009765625,42812
"ISRG","Intuitive Surgical, Inc. - Common Stock","2021-04-14 15:30:00-04:00",787.8350219726562,788.1099853515625,784.905029296875,786.6199951171875,786.6199951171875,53956
"ISRG","Intuitive Surgical, Inc. - Common Stock","2021-04-14 16:00:00-04:00",785.83,792.565,785.83,787.0,787.0,0
"ISRG","Intuitive Surgical, Inc. - Common Stock","2021-04-14 17:00:00-04:00",786.0,794.305,785.83,794.305,794.305,0
"ISRG","Intuitive Surgical, Inc. - Common Stock","2021-04-14 18:00:00-04:00",786.2,786.2,786.2,786.2,786.2,0
"ISRG","Intuitive Surgical, Inc. - Common Stock","2021-04-14 19:00:00-04:00",786.26,786.26,786.26,786.26,786.26,0
"ISRG","Intuitive Surgical, Inc. - Common Stock","2021-04-15 06:00:00-04:00",786.26,789.56,786.26,789.56,789.56,0
"ISRG","Intuitive Surgical, Inc. - Common Stock","2021-04-15 08:00:00-04:00",789.56,795.0,785.83,785.83,785.83,0
"ISRG","Intuitive Surgical, Inc. - Common Stock","2021-04-15 09:00:00-04:00",786.35,788.34,785.83,788.34,788.34,0
"ISRG","Intuitive Surgical, Inc. - Common Stock","2021-04-15 09:30:00-04:00",792.6599731445312,803.3200073242188,789.2999877929688,803.3200073242188,803.3200073242188,58174
"ISRG","Intuitive Surgical, Inc. - Common Stock","2021-04-15 10:30:00-04:00",803.6300048828125,807.9199829101562,803.6300048828125,805.14501953125,805.14501953125,60610
"ISRG","Intuitive Surgical, Inc. - Common Stock","2021-04-15 11:30:00-04:00",805.1649780273438,805.9199829101562,801.8200073242188,802.5800170898438,802.5800170898438,34621
"ISRG","Intuitive Surgical, Inc. - Common Stock","2021-04-15 12:30:00-04:00",803.02001953125,805.0599975585938,803.02001953125,803.9099731445312,803.9099731445312,34866
"ISRG","Intuitive Surgical, Inc. - Common Stock","2021-04-15 13:30:00-04:00",804.1749877929688,808.0,804.1749877929688,807.010009765625,807.010009765625,52526
"ISRG","Intuitive Surgical, Inc. - Common Stock","2021-04-15 14:30:00-04:00",806.4500122070312,806.989990234375,804.7899780273438,805.1199951171875,805.1199951171875,46134
"ISRG","Intuitive Surgical, Inc. - Common Stock","2021-04-15 15:30:00-04:00",804.7899780273438,806.3400268554688,803.8499755859375,804.1900024414062,804.1900024414062,53417
"ISRG","Intuitive Surgical, Inc. - Common Stock","2021-04-15 16:00:00-04:00",804.01,805.0,803.0,804.72,804.72,0
"ISRG","Intuitive Surgical, Inc. - Common Stock","2021-04-15 17:00:00-04:00",804.0,804.72,799.3,804.0,804.0,0
"ISRG","Intuitive Surgical, Inc. - Common Stock","2021-04-15 18:00:00-04:00",804.1,805.26,804.0,805.26,805.26,0
"ISRG","Intuitive Surgical, Inc. - Common Stock","2021-04-15 19:00:00-04:00",799.0,799.0,799.0,799.0,799.0,0
"ISRG","Intuitive Surgical, Inc. - Common Stock","2021-04-16 06:00:00-04:00",804.87,804.87,804.87,804.87,804.87,0
"ISRG","Intuitive Surgical, Inc. - Common Stock","2021-04-16 07:00:00-04:00",804.87,805.24,804.75,805.24,805.24,0
"ISRG","Intuitive Surgical, Inc. - Common Stock","2021-04-16 08:00:00-04:00",804.72,805.04,802.14,805.04,805.04,0
"ISRG","Intuitive Surgical, Inc. - Common Stock","2021-04-16 09:30:00-04:00",807.6500244140625,809.6900024414062,801.8499755859375,809.0599975585938,809.0599975585938,99120
"ISRG","Intuitive Surgical, Inc. - Common Stock","2021-04-16 10:30:00-04:00",808.2550048828125,809.9099731445312,804.7449951171875,804.8099975585938,804.8099975585938,72575
"ISRG","Intuitive Surgical, Inc. - Common Stock","2021-04-16 11:30:00-04:00",804.969970703125,810.0800170898438,804.9099731445312,809.8975219726562,809.8975219726562,51351
"ISRG","Intuitive Surgical, Inc. - Common Stock","2021-04-16 12:30:00-04:00",810.0499877929688,811.989990234375,807.5,808.3245239257812,808.3245239257812,48205
"ISRG","Intuitive Surgical, Inc. - Common Stock","2021-04-16 13:30:00-04:00",808.7899780273438,811.3699951171875,807.2100219726562,811.1799926757812,811.1799926757812,34201
"ISRG","Intuitive Surgical, Inc. - Common Stock","2021-04-16 14:30:00-04:00",811.1900024414062,813.3099975585938,810.719970703125,812.9600219726562,812.9600219726562,42658
"ISRG","Intuitive Surgical, Inc. - Common Stock","2021-04-16 15:30:00-04:00",812.989990234375,813.4000244140625,811.5900268554688,813.1199951171875,813.1199951171875,89633
"ISRG","Intuitive Surgical, Inc. - Common Stock","2021-04-16 16:00:00-04:00",812.57,813.0,805.995,812.5,812.5,0
"ISRG","Intuitive Surgical, Inc. - Common Stock","2021-04-16 17:00:00-04:00",812.5,812.98,810.0,810.0,810.0,0
"ISRG","Intuitive Surgical, Inc. - Common Stock","2021-04-16 18:00:00-04:00",810.01,813.0,810.01,812.57,812.57,0
"ISRG","Intuitive Surgical, Inc. - Common Stock","2021-04-16 19:00:00-04:00",812.0,812.0,812.0,812.0,812.0,0
"ISRG","Intuitive Surgical, Inc. - Common Stock","2021-04-19 05:00:00-04:00",812.57,812.57,812.57,812.57,812.57,0
"ISRG","Intuitive Surgical, Inc. - Common Stock","2021-04-19 07:00:00-04:00",814.0,815.0,810.0,810.0,810.0,0
"ISRG","Intuitive Surgical, Inc. - Common Stock","2021-04-19 08:00:00-04:00",810.0,813.0,802.0,804.0,804.0,0
"ISRG","Intuitive Surgical, Inc. - Common Stock","2021-04-19 09:00:00-04:00",804.0,810.0,802.52,809.26,809.26,0
"ISRG","Intuitive Surgical, Inc. - Common Stock","2021-04-19 09:30:00-04:00",808.77001953125,813.0,802.52001953125,810.2050170898438,810.2050170898438,85932
"ISRG","Intuitive Surgical, Inc. - Common Stock","2021-04-19 10:30:00-04:00",810.0349731445312,815.2249755859375,808.5900268554688,814.344970703125,814.344970703125,55271
"ISRG","Intuitive Surgical, Inc. - Common Stock","2021-04-19 11:30:00-04:00",814.02001953125,815.6799926757812,811.77001953125,812.89501953125,812.89501953125,53754
"ISRG","Intuitive Surgical, Inc. - Common Stock","2021-04-19 12:30:00-04:00",812.52001953125,814.7550048828125,809.010009765625,814.5050048828125,814.5050048828125,50704
"ISRG","Intuitive Surgical, Inc. - Common Stock","2021-04-19 13:30:00-04:00",814.5250244140625,815.0,809.22998046875,813.1649780273438,813.1649780273438,43156
"ISRG","Intuitive Surgical, Inc. - Common Stock","2021-04-19 14:30:00-04:00",813.0449829101562,814.510009765625,810.719970703125,810.719970703125,810.719970703125,48547
"ISRG","Intuitive Surgical, Inc. - Common Stock","2021-04-19 15:30:00-04:00",810.9149780273438,811.3699951171875,807.0499877929688,810.5900268554688,810.5900268554688,81865
"ISRG","Intuitive Surgical, Inc. - Common Stock","2021-04-19 16:00:00-04:00",811.19,813.09,810.5,811.19,811.19,0
"ISRG","Intuitive Surgical, Inc. - Common Stock","2021-04-19 17:00:00-04:00",813.1,813.1,811.19,813.09,813.09,0
"ISRG","Intuitive Surgical, Inc. - Common Stock","2021-04-19 19:00:00-04:00",811.3,813.1,811.3,813.1,813.1,0
"ISRG","Intuitive Surgical, Inc. - Common Stock","2021-04-20 05:00:00-04:00",811.19,811.19,811.19,811.19,811.19,0
"ISRG","Intuitive Surgical, Inc. - Common Stock","2021-04-20 07:00:00-04:00",811.12,811.18,811.12,811.18,811.18,0
"ISRG","Intuitive Surgical, Inc. - Common Stock","2021-04-20 08:00:00-04:00",811.0,811.19,804.2,806.0,806.0,0
"ISRG","Intuitive Surgical, Inc. - Common Stock","2021-04-20 09:00:00-04:00",808.01,812.6,806.0,808.65,808.65,0
"ISRG","Intuitive Surgical, Inc. - Common Stock","2021-04-20 09:30:00-04:00",806.6599731445312,824.530029296875,806.6500244140625,818.8800048828125,818.8800048828125,159065
"ISRG","Intuitive Surgical, Inc. - Common Stock","2021-04-20 10:30:00-04:00",818.85498046875,820.9500122070312,812.4149780273438,814.3355102539062,814.3355102539062,55826
"ISRG","Intuitive Surgical, Inc. - Common Stock","2021-04-20 11:30:00-04:00",814.2899780273438,814.3699951171875,811.030029296875,811.9149780273438,811.9149780273438,54359
"ISRG","Intuitive Surgical, Inc. - Common Stock","2021-04-20 12:30:00-04:00",811.1900024414062,812.77001953125,810.030029296875,810.9299926757812,810.9299926757812,45644
"ISRG","Intuitive Surgical, Inc. - Common Stock","2021-04-20 13:30:00-04:00",810.9500122070312,813.4199829101562,810.9500122070312,812.7625122070312,812.7625122070312,58987
"ISRG","Intuitive Surgical, Inc. - Common Stock","2021-04-20 14:30:00-04:00",812.7650146484375,813.530029296875,809.4000244140625,810.6715087890625,810.6715087890625,68243
"ISRG","Intuitive Surgical, Inc. - Common Stock","2021-04-20 15:30:00-04:00",811.1657104492188,812.5499877929688,808.5700073242188,810.510009765625,810.510009765625,83153
"ISRG","Intuitive Surgical, Inc. - Common Stock","2021-04-20 16:00:00-04:00",811.11,849.95,807.02,843.0,843.0,0
"ISRG","Intuitive Surgical, Inc. - Common Stock","2021-04-20 17:00:00-04:00",844.0,845.0,840.0,843.0,843.0,0
"ISRG","Intuitive Surgical, Inc. - Common Stock","2021-04-20 18:00:00-04:00",843.68,843.68,840.0,843.0,843.0,0
"ISRG","Intuitive Surgical, Inc. - Common Stock","2021-04-20 19:00:00-04:00",840.0,843.75,840.0,843.0,843.0,0
"ISRG","Intuitive Surgical, Inc. - Common Stock","2021-04-21 04:00:00-04:00",845.25,850.0,845.25,846.21,846.21,0
"ISRG","Intuitive Surgical, Inc. - Common Stock","2021-04-21 05:00:00-04:00",828.19,849.9,828.19,849.9,849.9,0
"ISRG","Intuitive Surgical, Inc. - Common Stock","2021-04-21 06:00:00-04:00",845.05,855.0,845.03,846.5,846.5,0
"ISRG","Intuitive Surgical, Inc. - Common Stock","2021-04-21 07:00:00-04:00",846.5,852.0,840.25,845.65,845.65,0
"ISRG","Intuitive Surgical, Inc. - Common Stock","2021-04-21 08:00:00-04:00",844.0,846.0,840.0,845.1,845.1,0
"ISRG","Intuitive Surgical, Inc. - Common Stock","2021-04-21 09:00:00-04:00",844.0,846.0,837.0,843.7,843.7,0
"ISRG","Intuitive Surgical, Inc. - Common Stock","2021-04-21 09:30:00-04:00",840.9199829101562,867.4500122070312,822.635009765625,864.9299926757812,864.9299926757812,525945
"ISRG","Intuitive Surgical, Inc. - Common Stock","2021-04-21 10:30:00-04:00",864.5,884.39501953125,864.5,884.0750122070312,884.0750122070312,333315
"ISRG","Intuitive Surgical, Inc. - Common Stock","2021-04-21 11:30:00-04:00",884.0750122070312,891.1500244140625,876.3701171875,879.9099731445312,879.9099731445312,319626
"ISRG","Intuitive Surgical, Inc. - Common Stock","2021-04-21 12:30:00-04:00",879.6849975585938,885.0,879.1900024414062,879.5050048828125,879.5050048828125,125917
"ISRG","Intuitive Surgical, Inc. - Common Stock","2021-04-21 13:30:00-04:00",879.1699829101562,890.8499145507812,879.0499877929688,888.22998046875,888.22998046875,165224
"ISRG","Intuitive Surgical, Inc. - Common Stock","2021-04-21 14:30:00-04:00",888.2349853515625,892.47998046875,884.8400268554688,888.1300048828125,888.1300048828125,182201
"ISRG","Intuitive Surgical, Inc. - Common Stock","2021-04-21 15:30:00-04:00",888.0549926757812,893.7899780273438,887.0,891.3800048828125,891.3800048828125,320350
"ISRG","Intuitive Surgical, Inc. - Common Stock","2021-04-21 16:00:00-04:00",890.9,891.4,888.2,889.5,889.5,0
"ISRG","Intuitive Surgical, Inc. - Common Stock","2021-04-21 17:00:00-04:00",889.0,890.0,888.2,888.2,888.2,0
"ISRG","Intuitive Surgical, Inc. - Common Stock","2021-04-21 18:00:00-04:00",888.21,890.0,888.0,890.0,890.0,0
"ISRG","Intuitive Surgical, Inc. - Common Stock","2021-04-21 19:00:00-04:00",890.0,891.37,889.0,889.98,889.98,0
"ISRG","Intuitive Surgical, Inc. - Common Stock","2021-04-22 04:00:00-04:00",885.0,891.0,885.0,885.01,885.01,0
"ISRG","Intuitive Surgical, Inc. - Common Stock","2021-04-22 05:00:00-04:00",890.3,890.3,890.3,890.3,890.3,0
"ISRG","Intuitive Surgical, Inc. - Common Stock","2021-04-22 07:00:00-04:00",890.3,892.0,886.52,889.32,889.32,0
"ISRG","Intuitive Surgical, Inc. - Common Stock","2021-04-22 08:00:00-04:00",889.32,895.0,887.0,892.0,892.0,0
"ISRG","Intuitive Surgical, Inc. - Common Stock","2021-04-22 09:00:00-04:00",891.4,894.99,885.0,886.44,886.44,0
"ISRG","Intuitive Surgical, Inc. - Common Stock","2021-04-22 09:30:00-04:00",884.8900146484375,887.885009765625,862.8699951171875,869.3900146484375,869.3900146484375,288746
"ISRG","Intuitive Surgical, Inc. - Common Stock","2021-04-22 10:30:00-04:00",870.2849731445312,871.4400024414062,866.9600219726562,869.2449951171875,869.2449951171875,119285
"ISRG","Intuitive Surgical, Inc. - Common Stock","2021-04-22 11:30:00-04:00",868.905029296875,874.52001953125,867.0,871.9199829101562,871.9199829101562,117446
"ISRG","Intuitive Surgical, Inc. - Common Stock","2021-04-22 12:30:00-04:00",871.7150268554688,873.5275268554688,861.1900024414062,864.0150146484375,864.0150146484375,126095
"ISRG","Intuitive Surgical, Inc. - Common Stock","2021-04-22 13:30:00-04:00",863.9199829101562,864.5399780273438,858.7000122070312,864.3300170898438,864.3300170898438,114061
"ISRG","Intuitive Surgical, Inc. - Common Stock","2021-04-22 14:30:00-04:00",864.6400146484375,864.6400146484375,859.5,859.72998046875,859.72998046875,90752
"ISRG","Intuitive Surgical, Inc. - Common Stock","2021-04-22 15:30:00-04:00",860.1400146484375,861.5900268554688,858.5599975585938,858.8800048828125,858.8800048828125,164304
"ISRG","Intuitive Surgical, Inc. - Common Stock","2021-04-22 16:00:00-04:00",858.7,862.8,858.05,858.05,858.05,0
"ISRG","Intuitive Surgical, Inc. - Common Stock","2021-04-22 17:00:00-04:00",860.5,864.0,858.0,860.0,860.0,0
"ISRG","Intuitive Surgical, Inc. - Common Stock","2021-04-22 18:00:00-04:00",858.0,860.7,770.35,860.0,860.0,0
"ISRG","Intuitive Surgical, Inc. - Common Stock","2021-04-22 19:00:00-04:00",859.66,860.51,859.0,859.0,859.0,0
"ISRG","Intuitive Surgical, Inc. - Common Stock","2021-04-23 07:00:00-04:00",860.09,865.0,860.09,863.5,863.5,0
"ISRG","Intuitive Surgical, Inc. - Common Stock","2021-04-23 08:00:00-04:00",865.17,865.5,857.511,863.6,863.6,0
"ISRG","Intuitive Surgical, Inc. - Common Stock","2021-04-23 09:00:00-04:00",863.88,868.0,841.35,852.9,852.9,0
"ISRG","Intuitive Surgical, Inc. - Common Stock","2021-04-23 09:30:00-04:00",851.1900024414062,869.8048095703125,842.719970703125,868.2750244140625,868.2750244140625,180862
"ISRG","Intuitive Surgical, Inc. - Common Stock","2021-04-23 10:30:00-04:00",868.164794921875,880.0700073242188,867.989990234375,878.2899780273438,878.2899780273438,138884
"ISRG","Intuitive Surgical, Inc. - Common Stock","2021-04-23 11:30:00-04:00",878.3908081054688,881.2899780273438,871.5399780273438,873.5700073242188,873.5700073242188,103613
"ISRG","Intuitive Surgical, Inc. - Common Stock","2021-04-23 12:30:00-04:00",874.030029296875,879.3400268554688,874.030029296875,878.769775390625,878.769775390625,58135
"ISRG","Intuitive Surgical, Inc. - Common Stock","2021-04-23 13:30:00-04:00",878.7999877929688,880.7650146484375,878.2000122070312,880.5499877929688,880.5499877929688,61922
"ISRG","Intuitive Surgical, Inc. - Common Stock","2021-04-23 14:30:00-04:00",880.7999877929688,882.9149780273438,880.1099853515625,881.4249877929688,881.4249877929688,91973
"ISRG","Intuitive Surgical, Inc. - Common Stock","2021-04-23 15:30:00-04:00",881.4500122070312,881.4500122070312,875.5999755859375,875.6500244140625,875.6500244140625,119405
"ISRG","Intuitive Surgical, Inc. - Common Stock","2021-04-23 16:00:00-04:00",875.53,875.53,871.0,874.0,874.0,0
"ISRG","Intuitive Surgical, Inc. - Common Stock","2021-04-23 17:00:00-04:00",874.325,875.51,870.91,874.65,874.65,0
"ISRG","Intuitive Surgical, Inc. - Common Stock","2021-04-23 18:00:00-04:00",870.91,870.91,870.91,870.91,870.91,0
"ISRG","Intuitive Surgical, Inc. - Common Stock","2021-04-23 19:00:00-04:00",874.65,874.65,873.01,873.01,873.01,0
"ISRG","Intuitive Surgical, Inc. - Common Stock","2021-04-26 06:00:00-04:00",875.51,875.51,871.6,871.6,871.6,0
"ISRG","Intuitive Surgical, Inc. - Common Stock","2021-04-26 07:00:00-04:00",873.0,874.53,870.92,872.29,872.29,0
"ISRG","Intuitive Surgical, Inc. - Common Stock","2021-04-26 08:00:00-04:00",873.0,875.53,870.91,873.0,873.0,0
"ISRG","Intuitive Surgical, Inc. - Common Stock","2021-04-26 09:00:00-04:00",873.0,875.53,873.0,875.41,875.41,0
"ISRG","Intuitive Surgical, Inc. - Common Stock","2021-04-26 09:30:00-04:00",866.4400024414062,872.0700073242188,860.1740112304688,864.739990234375,864.739990234375,111622
"ISRG","Intuitive Surgical, Inc. - Common Stock","2021-04-26 10:30:00-04:00",864.4600219726562,869.2550048828125,864.35498046875,867.1644897460938,867.1644897460938,82100
"ISRG","Intuitive Surgical, Inc. - Common Stock","2021-04-26 11:30:00-04:00",866.5700073242188,867.5999755859375,864.7750244140625,865.5900268554688,865.5900268554688,53141
"ISRG","Intuitive Surgical, Inc. - Common Stock","2021-04-26 12:30:00-04:00",865.4600219726562,870.0399780273438,865.3200073242188,868.1199951171875,868.1199951171875,49204
"ISRG","Intuitive Surgical, Inc. - Common Stock","2021-04-26 13:30:00-04:00",867.5499877929688,868.6699829101562,866.5,867.7899780273438,867.7899780273438,34004
"ISRG","Intuitive Surgical, Inc. - Common Stock","2021-04-26 14:30:00-04:00",867.489990234375,868.0700073242188,863.4808959960938,863.4808959960938,863.4808959960938,47873
"ISRG","Intuitive Surgical, Inc. - Common Stock","2021-04-26 15:30:00-04:00",864.030029296875,867.010009765625,863.2899780273438,865.8499755859375,865.8499755859375,97605
"ISRG","Intuitive Surgical, Inc. - Common Stock","2021-04-26 16:00:00-04:00",865.94,865.95,865.94,865.95,865.95,0
"ISRG","Intuitive Surgical, Inc. - Common Stock","2021-04-26 17:00:00-04:00",870.0,875.415,865.94,865.94,865.94,0
"ISRG","Intuitive Surgical, Inc. - Common Stock","2021-04-26 18:00:00-04:00",865.94,865.94,865.94,865.94,865.94,0
"ISRG","Intuitive Surgical, Inc. - Common Stock","2021-04-26 19:00:00-04:00",866.0,871.97,865.94,871.97,871.97,0
"ISRG","Intuitive Surgical, Inc. - Common Stock","2021-04-27 04:00:00-04:00",865.95,878.0,865.95,865.95,865.95,0
"ISRG","Intuitive Surgical, Inc. - Common Stock","2021-04-27 05:00:00-04:00",865.95,865.95,865.95,865.95,865.95,0
"ISRG","Intuitive Surgical, Inc. - Common Stock","2021-04-27 07:00:00-04:00",867.5,867.5,867.5,867.5,867.5,0
"ISRG","Intuitive Surgical, Inc. - Common Stock","2021-04-27 08:00:00-04:00",872.93,874.95,863.1,870.0,870.0,0
"ISRG","Intuitive Surgical, Inc. - Common Stock","2021-04-27 09:00:00-04:00",870.0,870.02,866.1,870.02,870.02,0
"ISRG","Intuitive Surgical, Inc. - Common Stock","2021-04-27 09:30:00-04:00",867.0,867.0,862.594970703125,865.5449829101562,865.5449829101562,78020
"ISRG","Intuitive Surgical, Inc. - Common Stock","2021-04-27 10:30:00-04:00",865.39501953125,865.47998046875,861.239990234375,861.5499877929688,861.5499877929688,52640
"ISRG","Intuitive Surgical, Inc. - Common Stock","2021-04-27 11:30:00-04:00",861.3599853515625,863.989990234375,859.0399780273438,862.4600219726562,862.4600219726562,57004
"ISRG","Intuitive Surgical, Inc. - Common Stock","2021-04-27 12:30:00-04:00",862.8300170898438,865.14501953125,862.1500244140625,864.135009765625,864.135009765625,50885
"ISRG","Intuitive Surgical, Inc. - Common Stock","2021-04-27 13:30:00-04:00",863.85498046875,864.0900268554688,861.0,861.8800048828125,861.8800048828125,54493
"ISRG","Intuitive Surgical, Inc. - Common Stock","2021-04-27 14:30:00-04:00",862.25,863.9494018554688,860.8499755859375,861.5599975585938,861.5599975585938,59634
"ISRG","Intuitive Surgical, Inc. - Common Stock","2021-04-27 15:30:00-04:00",861.41748046875,862.5900268554688,858.5,861.3800048828125,861.3800048828125,89895
"ISRG","Intuitive Surgical, Inc. - Common Stock","2021-04-27 16:00:00-04:00",861.38,862.5018,861.38,862.0,862.0,0
"ISRG","Intuitive Surgical, Inc. - Common Stock","2021-04-27 17:00:00-04:00",861.38,862.0,861.0,861.0,861.0,0
"ISRG","Intuitive Surgical, Inc. - Common Stock","2021-04-27 19:00:00-04:00",861.0,862.0,861.0,862.0,862.0,0
"ISRG","Intuitive Surgical, Inc. - Common Stock","2021-04-28 04:00:00-04:00",862.0,862.0,862.0,862.0,862.0,0
"ISRG","Intuitive Surgical, Inc. - Common Stock","2021-04-28 05:00:00-04:00",862.0,862.15,860.08,860.08,860.08,0
"ISRG","Intuitive Surgical, Inc. - Common Stock","2021-04-28 06:00:00-04:00",861.38,861.38,856.38,860.55,860.55,0
"ISRG","Intuitive Surgical, Inc. - Common Stock","2021-04-28 07:00:00-04:00",860.55,862.0,860.55,861.0,861.0,0
"ISRG","Intuitive Surgical, Inc. - Common Stock","2021-04-28 08:00:00-04:00",860.18,860.18,850.0,857.42,857.42,0
"ISRG","Intuitive Surgical, Inc. - Common Stock","2021-04-28 09:00:00-04:00",851.13,861.51,851.13,861.51,861.51,0
"ISRG","Intuitive Surgical, Inc. - Common Stock","2021-04-28 09:30:00-04:00",862.5700073242188,872.0927734375,860.97998046875,871.2050170898438,871.2050170898438,86745
"ISRG","Intuitive Surgical, Inc. - Common Stock","2021-04-28 10:30:00-04:00",871.2150268554688,875.8300170898438,870.7180786132812,871.739990234375,871.739990234375,69548
"ISRG","Intuitive Surgical, Inc. - Common Stock","2021-04-28 11:30:00-04:00",871.739990234375,875.0,869.655517578125,870.4299926757812,870.4299926757812,65383
"ISRG","Intuitive Surgical, Inc. - Common Stock","2021-04-28 12:30:00-04:00",870.7349853515625,870.7882080078125,868.510009765625,870.4600219726562,870.4600219726562,25094
"ISRG","Intuitive Surgical, Inc. - Common Stock","2021-04-28 13:30:00-04:00",870.6099853515625,870.8599243164062,866.0499877929688,866.4099731445312,866.4099731445312,47403
"ISRG","Intuitive Surgical, Inc. - Common Stock","2021-04-28 14:30:00-04:00",866.6300048828125,871.5999755859375,864.5800170898438,867.0,867.0,65393
"ISRG","Intuitive Surgical, Inc. - Common Stock","2021-04-28 15:30:00-04:00",866.97998046875,869.3800048828125,866.2550048828125,869.1199951171875,869.1199951171875,116944
"ISRG","Intuitive Surgical, Inc. - Common Stock","2021-04-28 16:00:00-04:00",868.79,869.79,868.79,868.89,868.89,0
"ISRG","Intuitive Surgical, Inc. - Common Stock","2021-04-28 17:00:00-04:00",868.79,868.79,868.7,868.7,868.7,0
"ISRG","Intuitive Surgical, Inc. - Common Stock","2021-04-28 18:00:00-04:00",868.79,868.79,865.0,865.0,865.0,0
"ISRG","Intuitive Surgical, Inc. - Common Stock","2021-04-28 19:00:00-04:00",868.77,868.79,865.0,865.0,865.0,0
"ISRG","Intuitive Surgical, Inc. - Common Stock","2021-04-29 07:00:00-04:00",872.0,872.0,870.61,872.0,872.0,0
"ISRG","Intuitive Surgical, Inc. - Common Stock","2021-04-29 08:00:00-04:00",872.0,873.34,868.79,870.41,870.41,0
"ISRG","Intuitive Surgical, Inc. - Common Stock","2021-04-29 09:30:00-04:00",873.7000122070312,873.7000122070312,865.8499755859375,867.6400146484375,867.6400146484375,46836
"ISRG","Intuitive Surgical, Inc. - Common Stock","2021-04-29 10:30:00-04:00",867.760009765625,870.9011840820312,864.6801147460938,866.3350219726562,866.3350219726562,34412
"ISRG","Intuitive Surgical, Inc. - Common Stock","2021-04-29 11:30:00-04:00",866.7000122070312,867.1099853515625,857.8200073242188,860.0700073242188,860.0700073242188,51174
"ISRG","Intuitive Surgical, Inc. - Common Stock","2021-04-29 12:30:00-04:00",859.8900146484375,862.6199951171875,859.5700073242188,861.6500244140625,861.6500244140625,37295
"ISRG","Intuitive Surgical, Inc. - Common Stock","2021-04-29 13:30:00-04:00",860.9520263671875,863.7650146484375,860.1900024414062,861.0700073242188,861.0700073242188,36455
"ISRG","Intuitive Surgical, Inc. - Common Stock","2021-04-29 14:30:00-04:00",861.4000244140625,865.3300170898438,861.0599975585938,863.0150146484375,863.0150146484375,45225
"ISRG","Intuitive Surgical, Inc. - Common Stock","2021-04-29 15:30:00-04:00",863.239990234375,865.6400146484375,862.5449829101562,863.0,863.0,61128
"ISRG","Intuitive Surgical, Inc. - Common Stock","2021-04-29 16:00:00-04:00",863.22,863.22,859.11,863.2,863.2,0
"ISRG","Intuitive Surgical, Inc. - Common Stock","2021-04-29 17:00:00-04:00",863.22,863.22,860.0,863.22,863.22,0
"ISRG","Intuitive Surgical, Inc. - Common Stock","2021-04-30 18:00:00-04:00",862.19,865.95,862.19,865.95,865.95,0
"ISRG","Intuitive Surgical, Inc. - Common Stock","2021-04-30 19:00:00-04:00",865.95,865.95,862.19,862.19,862.19,0
"ISRG","Intuitive Surgical, Inc. - Common Stock","2021-05-03 04:00:00-04:00",884.81,884.81,884.81,884.81,884.81,0
"ISRG","Intuitive Surgical, Inc. - Common Stock","2021-05-03 06:00:00-04:00",865.0,870.0,865.0,870.0,870.0,0
"ISRG","Intuitive Surgical, Inc. - Common Stock","2021-05-03 07:00:00-04:00",872.44,873.0,872.44,872.44,872.44,0
"ISRG","Intuitive Surgical, Inc. - Common Stock","2021-05-03 08:00:00-04:00",872.44,875.5,865.0,875.5,875.5,0
"ISRG","Intuitive Surgical, Inc. - Common Stock","2021-05-03 09:00:00-04:00",875.0,875.0,862.9,870.0,870.0,0
"ISRG","Intuitive Surgical, Inc. - Common Stock","2021-05-03 09:30:00-04:00",873.469970703125,874.989990234375,866.2949829101562,866.7000122070312,866.7000122070312,63472
"ISRG","Intuitive Surgical, Inc. - Common Stock","2021-05-03 10:30:00-04:00",867.0499877929688,867.8099975585938,860.1400146484375,862.8300170898438,862.8300170898438,34491
"ISRG","Intuitive Surgical, Inc. - Common Stock","2021-05-03 11:30:00-04:00",863.25,866.8098754882812,863.1192016601562,864.5599975585938,864.5599975585938,37229
"ISRG","Intuitive Surgical, Inc. - Common Stock","2021-05-03 12:30:00-04:00",865.02001953125,865.9400024414062,862.3400268554688,864.405029296875,864.405029296875,26580
"ISRG","Intuitive Surgical, Inc. - Common Stock","2021-05-03 13:30:00-04:00",864.260009765625,866.3099975585938,862.5449829101562,865.0999755859375,865.0999755859375,28766
"ISRG","Intuitive Surgical, Inc. - Common Stock","2021-05-03 14:30:00-04:00",864.6099853515625,866.8298950195312,863.6199951171875,865.8300170898438,865.8300170898438,44105
"ISRG","Intuitive Surgical, Inc. - Common Stock","2021-05-03 15:30:00-04:00",865.239990234375,867.9299926757812,864.5499877929688,867.8900146484375,867.8900146484375,76139
"ISRG","Intuitive Surgical, Inc. - Common Stock","2021-05-03 16:00:00-04:00",867.55,868.14,865.5,867.0,867.0,0
"ISRG","Intuitive Surgical, Inc. - Common Stock","2021-05-03 17:00:00-04:00",867.0,867.0,865.01,866.0,866.0,0
"ISRG","Intuitive Surgical, Inc. - Common Stock","2021-05-03 18:00:00-04:00",867.0,867.0,867.0,867.0,867.0,0
"ISRG","Intuitive Surgical, Inc. - Common Stock","2021-05-03 19:00:00-04:00",867.0,867.0,866.9,866.9,866.9,0
"ISRG","Intuitive Surgical, Inc. - Common Stock","2021-05-04 04:00:00-04:00",867.55,867.55,867.55,867.55,867.55,0
"ISRG","Intuitive Surgical, Inc. - Common Stock","2021-05-04 05:00:00-04:00",867.55,874.95,867.55,874.95,874.95,0
"ISRG","Intuitive Surgical, Inc. - Common Stock","2021-05-04 06:00:00-04:00",866.89,866.89,866.89,866.89,866.89,0
"ISRG","Intuitive Surgical, Inc. - Common Stock","2021-05-04 07:00:00-04:00",866.8,867.25,861.54,866.85,866.85,0
"ISRG","Intuitive Surgical, Inc. - Common Stock","2021-05-04 08:00:00-04:00",866.85,867.55,862.48,863.5,863.5,0
"ISRG","Intuitive Surgical, Inc. - Common Stock","2021-05-04 09:00:00-04:00",863.45,866.16,863.0,863.4,863.4,0
"ISRG","Intuitive Surgical, Inc. - Common Stock","2021-05-04 09:30:00-04:00",861.719970703125,862.0800170898438,847.4099731445312,850.0,850.0,119243
"ISRG","Intuitive Surgical, Inc. - Common Stock","2021-05-04 10:30:00-04:00",848.8099975585938,849.8300170898438,839.239990234375,845.3200073242188,845.3200073242188,76857
"ISRG","Intuitive Surgical, Inc. - Common Stock","2021-05-04 11:30:00-04:00",845.14501953125,846.1411743164062,837.4400024414062,837.75,837.75,59944
"ISRG","Intuitive Surgical, Inc. - Common Stock","2021-05-04 12:30:00-04:00",837.010009765625,841.47998046875,834.10498046875,841.0800170898438,841.0800170898438,53189
"ISRG","Intuitive Surgical, Inc. - Common Stock","2021-05-04 13:30:00-04:00",841.1174926757812,842.5900268554688,839.27001953125,840.0800170898438,840.0800170898438,39920
"ISRG","Intuitive Surgical, Inc. - Common Stock","2021-05-04 14:30:00-04:00",840.1900024414062,843.4500122070312,840.1849975585938,843.239990234375,843.239990234375,83856
"ISRG","Intuitive Surgical, Inc. - Common Stock","2021-05-04 15:30:00-04:00",842.9600219726562,849.510009765625,842.75,848.989990234375,848.989990234375,118863
"ISRG","Intuitive Surgical, Inc. - Common Stock","2021-05-04 16:00:00-04:00",848.99,853.72,842.745,848.8,848.8,0
"ISRG","Intuitive Surgical, Inc. - Common Stock","2021-05-04 17:00:00-04:00",848.99,848.99,848.8,848.8,848.8,0
"ISRG","Intuitive Surgical, Inc. - Common Stock","2021-05-04 18:00:00-04:00",841.0,841.0,841.0,841.0,841.0,0
"ISRG","Intuitive Surgical, Inc. - Common Stock","2021-05-04 19:00:00-04:00",845.01,845.01,845.01,845.01,845.01,0
"ISRG","Intuitive Surgical, Inc. - Common Stock","2021-05-05 05:00:00-04:00",848.99,848.99,845.0,845.0,845.0,0
"ISRG","Intuitive Surgical, Inc. - Common Stock","2021-05-05 06:00:00-04:00",848.99,849.59,840.39,849.59,849.59,0
"ISRG","Intuitive Surgical, Inc. - Common Stock","2021-05-05 07:00:00-04:00",849.59,850.5,848.5,849.1,849.1,0
"ISRG","Intuitive Surgical, Inc. - Common Stock","2021-05-05 08:00:00-04:00",852.41,852.41,848.99,851.84,851.84,0
"ISRG","Intuitive Surgical, Inc. - Common Stock","2021-05-05 09:00:00-04:00",851.74,853.07,849.0,851.9,851.9,0
"ISRG","Intuitive Surgical, Inc. - Common Stock","2021-05-05 09:30:00-04:00",854.1300048828125,860.97998046875,844.9600219726562,846.60498046875,846.60498046875,74473
"ISRG","Intuitive Surgical, Inc. - Common Stock","2021-05-05 10:30:00-04:00",846.3300170898438,849.4650268554688,845.989990234375,848.0999755859375,848.0999755859375,36076
"ISRG","Intuitive Surgical, Inc. - Common Stock","2021-05-05 11:30:00-04:00",847.2100219726562,848.6229858398438,844.260009765625,847.2999877929688,847.2999877929688,40044
"ISRG","Intuitive Surgical, Inc. - Common Stock","2021-05-05 12:30:00-04:00",847.2999877929688,848.77001953125,843.8150024414062,845.8400268554688,845.8400268554688,38949
"ISRG","Intuitive Surgical, Inc. - Common Stock","2021-05-05 13:30:00-04:00",846.2899780273438,847.6806030273438,843.4099731445312,845.155029296875,845.155029296875,35277
"ISRG","Intuitive Surgical, Inc. - Common Stock","2021-05-05 14:30:00-04:00",844.25,845.6400146484375,841.7000122070312,842.469970703125,842.469970703125,36922
"ISRG","Intuitive Surgical, Inc. - Common Stock","2021-05-05 15:30:00-04:00",842.4199829101562,842.4600219726562,836.530029296875,837.6300048828125,837.6300048828125,142323
"ISRG","Intuitive Surgical, Inc. - Common Stock","2021-05-05 16:00:00-04:00",838.4,849.615,838.399,838.4,838.4,0
"ISRG","Intuitive Surgical, Inc. - Common Stock","2021-05-05 17:00:00-04:00",849.615,849.615,838.0,838.0,838.0,0
"ISRG","Intuitive Surgical, Inc. - Common Stock","2021-05-05 18:00:00-04:00",838.0,838.0,838.0,838.0,838.0,0
"ISRG","Intuitive Surgical, Inc. - Common Stock","2021-05-05 19:00:00-04:00",838.0,839.0,835.01,837.5,837.5,0
"ISRG","Intuitive Surgical, Inc. - Common Stock","2021-05-06 05:00:00-04:00",838.4,838.4,838.4,838.4,838.4,0
"ISRG","Intuitive Surgical, Inc. - Common Stock","2021-05-06 07:00:00-04:00",839.24,840.5,839.24,840.5,840.5,0
"ISRG","Intuitive Surgical, Inc. - Common Stock","2021-05-06 08:00:00-04:00",840.42,840.42,834.11,837.87,837.87,0
"ISRG","Intuitive Surgical, Inc. - Common Stock","2021-05-06 09:00:00-04:00",837.87,840.44,835.0,837.11,837.11,0
"ISRG","Intuitive Surgical, Inc. - Common Stock","2021-05-06 09:30:00-04:00",834.260009765625,838.989990234375,827.260009765625,834.4400024414062,834.4400024414062,64627
"ISRG","Intuitive Surgical, Inc. - Common Stock","2021-05-06 10:30:00-04:00",835.1749877929688,836.8250122070312,825.6599731445312,832.989990234375,832.989990234375,53655
"ISRG","Intuitive Surgical, Inc. - Common Stock","2021-05-06 11:30:00-04:00",833.0850219726562,838.1024169921875,831.5700073242188,837.3400268554688,837.3400268554688,43092
"ISRG","Intuitive Surgical, Inc. - Common Stock","2021-05-06 12:30:00-04:00",837.4299926757812,838.5,833.8099975585938,834.7100219726562,834.7100219726562,32344
"ISRG","Intuitive Surgical, Inc. - Common Stock","2021-05-06 13:30:00-04:00",834.72998046875,836.6699829101562,832.7313842773438,833.9099731445312,833.9099731445312,34601
"ISRG","Intuitive Surgical, Inc. - Common Stock","2021-05-06 14:30:00-04:00",834.0650024414062,835.6699829101562,833.4099731445312,835.6699829101562,835.6699829101562,46693
"ISRG","Intuitive Surgical, Inc. - Common Stock","2021-05-06 15:30:00-04:00",835.1599731445312,842.6900024414062,835.1400146484375,841.75,841.75,75147
"ISRG","Intuitive Surgical, Inc. - Common Stock","2021-05-06 16:00:00-04:00",842.46,843.46,837.7213,842.58,842.58,0
"ISRG","Intuitive Surgical, Inc. - Common Stock","2021-05-06 17:00:00-04:00",844.0,844.0,842.5,842.58,842.58,0
"ISRG","Intuitive Surgical, Inc. - Common Stock","2021-05-06 19:00:00-04:00",843.0,843.0,840.01,840.01,840.01,0
"ISRG","Intuitive Surgical, Inc. - Common Stock","2021-05-07 06:00:00-04:00",842.97,842.97,842.97,842.97,842.97,0
"ISRG","Intuitive Surgical, Inc. - Common Stock","2021-05-07 07:00:00-04:00",844.19,844.19,844.19,844.19,844.19,0
"ISRG","Intuitive Surgical, Inc. - Common Stock","2021-05-07 08:00:00-04:00",843.99,843.99,842.46,842.55,842.55,0
"ISRG","Intuitive Surgical, Inc. - Common Stock","2021-05-07 09:00:00-04:00",848.7,851.33,840.14,847.0,847.0,0
"ISRG","Intuitive Surgical, Inc. - Common Stock","2021-05-07 09:30:00-04:00",845.2999877929688,863.2750244140625,845.2999877929688,860.9400024414062,860.9400024414062,120493
"ISRG","Intuitive Surgical, Inc. - Common Stock","2021-05-07 10:30:00-04:00",861.3599853515625,863.0,858.0,858.9000244140625,858.9000244140625,43359
"ISRG","Intuitive Surgical, Inc. - Common Stock","2021-05-07 11:30:00-04:00",859.219970703125,862.9542846679688,858.7999877929688,859.1199951171875,859.1199951171875,42409
"ISRG","Intuitive Surgical, Inc. - Common Stock","2021-05-07 12:30:00-04:00",859.0999755859375,861.2117919921875,857.2725830078125,857.989990234375,857.989990234375,42181
"ISRG","Intuitive Surgical, Inc. - Common Stock","2021-05-07 13:30:00-04:00",858.1400146484375,859.489990234375,855.3499755859375,856.77001953125,856.77001953125,30579
"ISRG","Intuitive Surgical, Inc. - Common Stock","2021-05-07 14:30:00-04:00",856.3350219726562,859.8800048828125,855.6500244140625,859.47998046875,859.47998046875,60132
"ISRG","Intuitive Surgical, Inc. - Common Stock","2021-05-07 15:30:00-04:00",859.739990234375,860.0,856.5399780273438,857.0900268554688,857.0900268554688,89638
"ISRG","Intuitive Surgical, Inc. - Common Stock","2021-05-07 16:00:00-04:00",857.09,858.5823,855.0,857.09,857.09,0
"ISRG","Intuitive Surgical, Inc. - Common Stock","2021-05-07 17:00:00-04:00",852.09,874.23,844.0,874.23,874.23,0
"ISRG","Intuitive Surgical, Inc. - Common Stock","2021-05-07 18:00:00-04:00",857.09,857.09,857.0,857.0,857.0,0
"ISRG","Intuitive Surgical, Inc. - Common Stock","2021-05-10 07:00:00-04:00",857.1,857.1,857.09,857.09,857.09,0
"ISRG","Intuitive Surgical, Inc. - Common Stock","2021-05-10 08:00:00-04:00",857.76,858.0,857.09,857.98,857.98,0
"ISRG","Intuitive Surgical, Inc. - Common Stock","2021-05-10 09:00:00-04:00",857.99,858.0,857.0,857.64,857.64,0
"ISRG","Intuitive Surgical, Inc. - Common Stock","2021-05-10 09:30:00-04:00",860.0501098632812,860.0501098632812,839.5858764648438,841.5,841.5,92434
"ISRG","Intuitive Surgical, Inc. - Common Stock","2021-05-10 10:30:00-04:00",840.6599731445312,846.4500122070312,839.864990234375,846.4500122070312,846.4500122070312,36376
"ISRG","Intuitive Surgical, Inc. - Common Stock","2021-05-10 11:30:00-04:00",846.4000244140625,850.4099731445312,845.280029296875,849.5599975585938,849.5599975585938,50700
"ISRG","Intuitive Surgical, Inc. - Common Stock","2021-05-10 12:30:00-04:00",848.6300048828125,848.6699829101562,843.0,843.989990234375,843.989990234375,33335
"ISRG","Intuitive Surgical, Inc. - Common Stock","2021-05-10 13:30:00-04:00",843.6099853515625,843.6799926757812,835.0700073242188,836.0800170898438,836.0800170898438,44052
"ISRG","Intuitive Surgical, Inc. - Common Stock","2021-05-10 14:30:00-04:00",835.72998046875,839.6799926757812,835.0,839.469970703125,839.469970703125,61253
"ISRG","Intuitive Surgical, Inc. - Common Stock","2021-05-10 15:30:00-04:00",839.1950073242188,840.510009765625,833.0599975585938,834.780029296875,834.780029296875,110914
"ISRG","Intuitive Surgical, Inc. - Common Stock","2021-05-10 16:00:00-04:00",834.79,843.63,833.28,835.0,835.0,0
"ISRG","Intuitive Surgical, Inc. - Common Stock","2021-05-10 17:00:00-04:00",834.0,847.495,831.1,831.1,831.1,0
"ISRG","Intuitive Surgical, Inc. - Common Stock","2021-05-10 18:00:00-04:00",832.0,834.8,830.0,830.0,830.0,0
"ISRG","Intuitive Surgical, Inc. - Common Stock","2021-05-10 19:00:00-04:00",831.1,831.1,831.1,831.1,831.1,0
"ISRG","Intuitive Surgical, Inc. - Common Stock","2021-05-11 04:00:00-04:00",828.0,830.19,828.0,830.19,830.19,0
"ISRG","Intuitive Surgical, Inc. - Common Stock","2021-05-11 06:00:00-04:00",830.62,830.62,830.62,830.62,830.62,0
"ISRG","Intuitive Surgical, Inc. - Common Stock","2021-05-11 07:00:00-04:00",830.62,832.74,822.0,828.61,828.61,0
"ISRG","Intuitive Surgical, Inc. - Common Stock","2021-05-11 08:00:00-04:00",829.66,834.0,824.49,824.49,824.49,0
"ISRG","Intuitive Surgical, Inc. - Common Stock","2021-05-11 09:00:00-04:00",824.42,834.79,822.34,823.54,823.54,0
"ISRG","Intuitive Surgical, Inc. - Common Stock","2021-05-11 09:30:00-04:00",823.1599731445312,838.7000122070312,820.989990234375,831.0399780273438,831.0399780273438,93978
"ISRG","Intuitive Surgical, Inc. - Common Stock","2021-05-11 10:30:00-04:00",831.4099731445312,838.9550170898438,828.72998046875,838.9550170898438,838.9550170898438,61365
"ISRG","Intuitive Surgical, Inc. - Common Stock","2021-05-11 11:30:00-04:00",839.9199829101562,840.8150024414062,833.3150024414062,833.7999877929688,833.7999877929688,53116
"ISRG","Intuitive Surgical, Inc. - Common Stock","2021-05-11 12:30:00-04:00",833.5599975585938,840.1199951171875,832.8300170898438,839.60498046875,839.60498046875,45098
"ISRG","Intuitive Surgical, Inc. - Common Stock","2021-05-11 13:30:00-04:00",839.6900024414062,839.6900024414062,835.6400146484375,839.4299926757812,839.4299926757812,44564
"ISRG","Intuitive Surgical, Inc. - Common Stock","2021-05-11 14:30:00-04:00",839.8200073242188,840.5900268554688,835.97998046875,837.6099853515625,837.6099853515625,81256
"ISRG","Intuitive Surgical, Inc. - Common Stock","2021-05-11 15:30:00-04:00",837.02001953125,837.8499755859375,832.52001953125,836.2100219726562,836.2100219726562,63465
"ISRG","Intuitive Surgical, Inc. - Common Stock","2021-05-11 16:00:00-04:00",836.75,836.75,835.74,836.75,836.75,0
"ISRG","Intuitive Surgical, Inc. - Common Stock","2021-05-12 07:00:00-04:00",835.83,835.83,835.83,835.83,835.83,0
"ISRG","Intuitive Surgical, Inc. - Common Stock","2021-05-12 08:00:00-04:00",834.96,837.196,823.05,837.196,837.196,0
"ISRG","Intuitive Surgical, Inc. - Common Stock","2021-05-12 09:30:00-04:00",824.0499877929688,825.47998046875,808.1199951171875,812.9500122070312,812.9500122070312,115336
"ISRG","Intuitive Surgical, Inc. - Common Stock","2021-05-12 10:30:00-04:00",812.9500122070312,814.9000244140625,806.989990234375,808.1599731445312,808.1599731445312,80007
"ISRG","Intuitive Surgical, Inc. - Common Stock","2021-05-12 11:30:00-04:00",807.9749755859375,809.75,804.27001953125,809.6799926757812,809.6799926757812,52072
"ISRG","Intuitive Surgical, Inc. - Common Stock","2021-05-12 12:30:00-04:00",809.6799926757812,814.9500122070312,809.3499755859375,813.510009765625,813.510009765625,73020
"ISRG","Intuitive Surgical, Inc. - Common Stock","2021-05-12 13:30:00-04:00",813.0800170898438,815.3599853515625,812.4000244140625,814.5599975585938,814.5599975585938,48452
"ISRG","Intuitive Surgical, Inc. - Common Stock","2021-05-12 14:30:00-04:00",814.4600219726562,820.0,812.9000244140625,814.1799926757812,814.1799926757812,41402
"ISRG","Intuitive Surgical, Inc. - Common Stock","2021-05-12 15:30:00-04:00",813.0800170898438,814.6300048828125,809.239990234375,811.9099731445312,811.9099731445312,77173
"ISRG","Intuitive Surgical, Inc. - Common Stock","2021-05-12 16:00:00-04:00",811.79,812.19,804.01,811.79,811.79,0
"ISRG","Intuitive Surgical, Inc. - Common Stock","2021-05-12 17:00:00-04:00",814.5,814.5,811.0,811.0,811.0,0
"ISRG","Intuitive Surgical, Inc. - Common Stock","2021-05-12 18:00:00-04:00",810.0,812.28,810.0,811.79,811.79,0
"ISRG","Intuitive Surgical, Inc. - Common Stock","2021-05-12 19:00:00-04:00",812.45,815.37,812.45,815.37,815.37,0
"ISRG","Intuitive Surgical, Inc. - Common Stock","2021-05-13 06:00:00-04:00",810.38,810.38,810.38,810.38,810.38,0
"ISRG","Intuitive Surgical, Inc. - Common Stock","2021-05-13 07:00:00-04:00",810.9,810.9,810.9,810.9,810.9,0
"ISRG","Intuitive Surgical, Inc. - Common Stock","2021-05-13 08:00:00-04:00",812.88,834.5,812.38,818.0,818.0,0
"ISRG","Intuitive Surgical, Inc. - Common Stock","2021-05-13 09:00:00-04:00",812.96,815.0,812.0,815.0,815.0,0
"ISRG","Intuitive Surgical, Inc. - Common Stock","2021-05-13 09:30:00-04:00",813.2100219726562,822.4400024414062,813.2100219726562,821.2750244140625,821.2750244140625,63702
"ISRG","Intuitive Surgical, Inc. - Common Stock","2021-05-13 10:30:00-04:00",822.7999877929688,827.0700073242188,819.2000122070312,821.6500244140625,821.6500244140625,44277
"ISRG","Intuitive Surgical, Inc. - Common Stock","2021-05-13 11:30:00-04:00",822.1890869140625,825.47998046875,820.8699951171875,822.9089965820312,822.9089965820312,42070
"ISRG","Intuitive Surgical, Inc. - Common Stock","2021-05-13 12:30:00-04:00",822.1500244140625,823.97998046875,816.2999877929688,818.0499877929688,818.0499877929688,43664
"ISRG","Intuitive Surgical, Inc. - Common Stock","2021-05-13 13:30:00-04:00",817.4600219726562,823.8599853515625,813.47998046875,820.9600219726562,820.9600219726562,39120
"ISRG","Intuitive Surgical, Inc. - Common Stock","2021-05-13 14:30:00-04:00",822.0499877929688,825.6199951171875,821.4550170898438,823.3400268554688,823.3400268554688,37615
"ISRG","Intuitive Surgical, Inc. - Common Stock","2021-05-13 15:30:00-04:00",823.5700073242188,826.2100219726562,819.969970703125,820.8300170898438,820.8300170898438,59337
"ISRG","Intuitive Surgical, Inc. - Common Stock","2021-05-13 16:00:00-04:00",820.59,821.2162,819.77,820.59,820.59,0
"ISRG","Intuitive Surgical, Inc. - Common Stock","2021-05-13 17:00:00-04:00",820.0,820.59,820.0,820.59,820.59,0
"ISRG","Intuitive Surgical, Inc. - Common Stock","2021-05-13 18:00:00-04:00",820.59,822.08,820.0,820.0,820.0,0
"ISRG","Intuitive Surgical, Inc. - Common Stock","2021-05-13 19:00:00-04:00",822.08,822.08,822.08,822.08,822.08,0
"ISRG","Intuitive Surgical, Inc. - Common Stock","2021-05-14 05:00:00-04:00",823.02,827.0,823.02,823.25,823.25,0
"ISRG","Intuitive Surgical, Inc. - Common Stock","2021-05-14 07:00:00-04:00",830.0,832.73,825.06,832.73,832.73,0
"ISRG","Intuitive Surgical, Inc. - Common Stock","2021-05-14 08:00:00-04:00",831.75,852.88,827.5,829.0,829.0,0
"ISRG","Intuitive Surgical, Inc. - Common Stock","2021-05-14 09:00:00-04:00",829.0,842.95,827.0,842.95,842.95,0
"ISRG","Intuitive Surgical, Inc. - Common Stock","2021-05-14 09:30:00-04:00",822.9682006835938,833.739990234375,821.510009765625,832.9500122070312,832.9500122070312,41008
"ISRG","Intuitive Surgical, Inc. - Common Stock","2021-05-14 10:30:00-04:00",833.030029296875,837.75,831.8800048828125,834.9400024414062,834.9400024414062,53413
"ISRG","Intuitive Surgical, Inc. - Common Stock","2021-05-14 11:30:00-04:00",834.5900268554688,836.125,833.4000244140625,834.8699951171875,834.8699951171875,26769
"ISRG","Intuitive Surgical, Inc. - Common Stock","2021-05-14 12:30:00-04:00",835.5700073242188,837.1749877929688,834.77001953125,835.5,835.5,30025
"ISRG","Intuitive Surgical, Inc. - Common Stock","2021-05-14 13:30:00-04:00",835.5800170898438,839.4349975585938,833.52001953125,834.739990234375,834.739990234375,39888
"ISRG","Intuitive Surgical, Inc. - Common Stock","2021-05-14 14:30:00-04:00",835.010009765625,837.5999755859375,834.9500122070312,835.9000244140625,835.9000244140625,40802
"ISRG","Intuitive Surgical, Inc. - Common Stock","2021-05-14 15:30:00-04:00",836.1199951171875,836.760009765625,833.3699951171875,833.5800170898438,833.5800170898438,61454
"ISRG","Intuitive Surgical, Inc. - Common Stock","2021-05-14 16:00:00-04:00",833.38,833.38,831.51,833.38,833.38,0
"ISRG","Intuitive Surgical, Inc. - Common Stock","2021-05-14 17:00:00-04:00",833.38,836.76,831.01,836.76,836.76,0
"ISRG","Intuitive Surgical, Inc. - Common Stock","2021-05-14 18:00:00-04:00",836.77,836.77,836.77,836.77,836.77,0
"ISRG","Intuitive Surgical, Inc. - Common Stock","2021-05-14 19:00:00-04:00",836.77,836.77,836.77,836.77,836.77,0
"ISRG","Intuitive Surgical, Inc. - Common Stock","2021-05-17 04:00:00-04:00",833.51,833.51,833.51,833.51,833.51,0
"ISRG","Intuitive Surgical, Inc. - Common Stock","2021-05-17 06:00:00-04:00",833.51,833.51,832.34,832.34,832.34,0
"ISRG","Intuitive Surgical, Inc. - Common Stock","2021-05-17 07:00:00-04:00",832.33,839.0,832.33,832.46,832.46,0
"ISRG","Intuitive Surgical, Inc. - Common Stock","2021-05-17 08:00:00-04:00",832.34,833.38,830.0,830.0,830.0,0
"ISRG","Intuitive Surgical, Inc. - Common Stock","2021-05-17 09:30:00-04:00",828.780029296875,828.780029296875,816.760009765625,816.9199829101562,816.9199829101562,101085
"ISRG","Intuitive Surgical, Inc. - Common Stock","2021-05-17 10:30:00-04:00",816.780029296875,819.7999877929688,815.0,816.780029296875,816.780029296875,77252
"ISRG","Intuitive Surgical, Inc. - Common Stock","2021-05-17 11:30:00-04:00",815.8049926757812,816.8800048828125,812.6099853515625,815.4000244140625,815.4000244140625,80262
"ISRG","Intuitive Surgical, Inc. - Common Stock","2021-05-17 12:30:00-04:00",815.1649780273438,815.6099853515625,812.8800048828125,812.969970703125,812.969970703125,50967
"ISRG","Intuitive Surgical, Inc. - Common Stock","2021-05-17 13:30:00-04:00",812.8099975585938,815.7150268554688,811.5999755859375,814.594970703125,814.594970703125,70534
"ISRG","Intuitive Surgical, Inc. - Common Stock","2021-05-17 14:30:00-04:00",814.7949829101562,818.4500122070312,814.6199951171875,815.27001953125,815.27001953125,64896
"ISRG","Intuitive Surgical, Inc. - Common Stock","2021-05-17 15:30:00-04:00",815.489990234375,817.010009765625,815.489990234375,817.010009765625,817.010009765625,114736
"ISRG","Intuitive Surgical, Inc. - Common Stock","2021-05-17 16:00:00-04:00",817.01,818.0,816.2765,818.0,818.0,0
"ISRG","Intuitive Surgical, Inc. - Common Stock","2021-05-17 17:00:00-04:00",817.8,818.0,817.01,817.01,817.01,0
"ISRG","Intuitive Surgical, Inc. - Common Stock","2021-05-17 18:00:00-04:00",817.01,817.01,817.01,817.01,817.01,0
"ISRG","Intuitive Surgical, Inc. - Common Stock","2021-05-17 19:00:00-04:00",817.01,825.0,817.01,825.0,825.0,0
"ISRG","Intuitive Surgical, Inc. - Common Stock","2021-05-18 07:00:00-04:00",830.96,830.96,821.0,821.0,821.0,0
"ISRG","Intuitive Surgical, Inc. - Common Stock","2021-05-18 08:00:00-04:00",821.59,840.0,821.59,821.59,821.59,0
"ISRG","Intuitive Surgical, Inc. - Common Stock","2021-05-18 09:00:00-04:00",821.0,826.75,821.0,826.75,826.75,0
"ISRG","Intuitive Surgical, Inc. - Common Stock","2021-05-18 09:30:00-04:00",821.6599731445312,823.4149780273438,814.8300170898438,820.5549926757812,820.5549926757812,152785
"ISRG","Intuitive Surgical, Inc. - Common Stock","2021-05-18 10:30:00-04:00",821.1900024414062,824.0,819.3300170898438,819.39501953125,819.39501953125,42820
"ISRG","Intuitive Surgical, Inc. - Common Stock","2021-05-18 11:30:00-04:00",819.1699829101562,823.3800048828125,817.0850219726562,822.27001953125,822.27001953125,44309
"ISRG","Intuitive Surgical, Inc. - Common Stock","2021-05-18 12:30:00-04:00",822.0999755859375,822.9199829101562,821.1300048828125,822.5,822.5,33628
"ISRG","Intuitive Surgical, Inc. - Common Stock","2021-05-18 13:30:00-04:00",822.6099853515625,822.6099853515625,817.219970703125,817.5150146484375,817.5150146484375,47999
"ISRG","Intuitive Surgical, Inc. - Common Stock","2021-05-18 14:30:00-04:00",817.9600219726562,818.5599975585938,813.5700073242188,818.3699951171875,818.3699951171875,53546
"ISRG","Intuitive Surgical, Inc. - Common Stock","2021-05-18 15:30:00-04:00",819.1799926757812,820.780029296875,813.9400024414062,814.219970703125,814.219970703125,49719
"ISRG","Intuitive Surgical, Inc. - Common Stock","2021-05-18 16:00:00-04:00",814.62,814.62,813.5,814.0,814.0,0
"ISRG","Intuitive Surgical, Inc. - Common Stock","2021-05-18 17:00:00-04:00",814.62,814.62,810.22,810.22,810.22,0
"ISRG","Intuitive Surgical, Inc. - Common Stock","2021-05-19 04:00:00-04:00",812.5,812.5,810.0,810.0,810.0,0
"ISRG","Intuitive Surgical, Inc. - Common Stock","2021-05-19 06:00:00-04:00",808.75,808.75,808.75,808.75,808.75,0
"ISRG","Intuitive Surgical, Inc. - Common Stock","2021-05-19 07:00:00-04:00",813.62,813.62,804.89,805.1,805.1,0
"ISRG","Intuitive Surgical, Inc. - Common Stock","2021-05-19 08:00:00-04:00",806.01,814.62,805.0,811.33,811.33,0
"ISRG","Intuitive Surgical, Inc. - Common Stock","2021-05-19 09:00:00-04:00",812.0,812.0,801.77,805.0,805.0,0
"ISRG","Intuitive Surgical, Inc. - Common Stock","2021-05-19 09:30:00-04:00",801.739990234375,808.3150024414062,797.7100219726562,801.1849975585938,801.1849975585938,86390
"ISRG","Intuitive Surgical, Inc. - Common Stock","2021-05-19 10:30:00-04:00",800.760009765625,810.4749755859375,800.3499755859375,806.7150268554688,806.7150268554688,62762
"ISRG","Intuitive Surgical, Inc. - Common Stock","2021-05-19 11:30:00-04:00",806.1599731445312,810.969970703125,804.9199829101562,809.0999755859375,809.0999755859375,23992
"ISRG","Intuitive Surgical, Inc. - Common Stock","2021-05-19 12:30:00-04:00",808.9600219726562,812.8900146484375,808.9600219726562,811.0,811.0,26437
"ISRG","Intuitive Surgical, Inc. - Common Stock","2021-05-19 13:30:00-04:00",811.219970703125,813.989990234375,806.1300048828125,810.2000122070312,810.2000122070312,70057
"ISRG","Intuitive Surgical, Inc. - Common Stock","2021-05-19 14:30:00-04:00",810.0700073242188,811.4500122070312,806.8599853515625,810.75,810.75,41593
"ISRG","Intuitive Surgical, Inc. - Common Stock","2021-05-19 15:30:00-04:00",810.6400146484375,817.030029296875,809.8300170898438,816.5800170898438,816.5800170898438,74836
"ISRG","Intuitive Surgical, Inc. - Common Stock","2021-05-19 16:00:00-04:00",816.96,817.0,815.0,815.0,815.0,0
"ISRG","Intuitive Surgical, Inc. - Common Stock","2021-05-19 19:00:00-04:00",816.0,816.0,813.33,816.0,816.0,0
"ISRG","Intuitive Surgical, Inc. - Common Stock","2021-05-20 06:00:00-04:00",813.56,813.56,813.56,813.56,813.56,0
"ISRG","Intuitive Surgical, Inc. - Common Stock","2021-05-20 07:00:00-04:00",816.47,816.47,814.38,816.47,816.47,0
"ISRG","Intuitive Surgical, Inc. - Common Stock","2021-05-20 08:00:00-04:00",815.32,823.38,815.32,816.96,816.96,0
"ISRG","Intuitive Surgical, Inc. - Common Stock","2021-05-20 09:00:00-04:00",820.0,824.0,820.0,824.0,824.0,0
"ISRG","Intuitive Surgical, Inc. - Common Stock","2021-05-20 09:30:00-04:00",821.6799926757812,830.0,819.739990234375,829.5850219726562,829.5850219726562,220288
"ISRG","Intuitive Surgical, Inc. - Common Stock","2021-05-20 10:30:00-04:00",830.0,836.6500244140625,829.3842163085938,834.1199951171875,834.1199951171875,105198
"ISRG","Intuitive Surgical, Inc. - Common Stock","2021-05-20 11:30:00-04:00",834.1400146484375,834.9099731445312,828.5750122070312,832.0399780273438,832.0399780273438,397827
"ISRG","Intuitive Surgical, Inc. - Common Stock","2021-05-20 12:30:00-04:00",833.02001953125,836.3792114257812,829.7249755859375,834.2100219726562,834.2100219726562,47385
"ISRG","Intuitive Surgical, Inc. - Common Stock","2021-05-20 13:30:00-04:00",834.9199829101562,836.52001953125,832.9299926757812,833.1931762695312,833.1931762695312,41578
"ISRG","Intuitive Surgical, Inc. - Common Stock","2021-05-20 14:30:00-04:00",833.010009765625,836.9099731445312,831.97998046875,836.5750122070312,836.5750122070312,53833
"ISRG","Intuitive Surgical, Inc. - Common Stock","2021-05-20 15:30:00-04:00",836.1900024414062,836.239990234375,831.8400268554688,832.6599731445312,832.6599731445312,128463
"ISRG","Intuitive Surgical, Inc. - Common Stock","2021-05-20 16:00:00-04:00",832.66,833.0,830.0,832.66,832.66,0
"ISRG","Intuitive Surgical, Inc. - Common Stock","2021-05-20 17:00:00-04:00",831.0,836.32,831.0,836.32,836.32,0
"ISRG","Intuitive Surgical, Inc. - Common Stock","2021-05-20 19:00:00-04:00",836.0,836.32,836.0,836.32,836.32,0
"ISRG","Intuitive Surgical, Inc. - Common Stock","2021-05-21 07:00:00-04:00",836.32,836.32,836.32,836.32,836.32,0
"ISRG","Intuitive Surgical, Inc. - Common Stock","2021-05-21 08:00:00-04:00",837.76,840.0,835.7,835.8,835.8,0
"ISRG","Intuitive Surgical, Inc. - Common Stock","2021-05-21 09:00:00-04:00",835.74,835.74,832.66,835.46,835.46,0
"ISRG","Intuitive Surgical, Inc. - Common Stock","2021-05-21 09:30:00-04:00",840.0,843.010009765625,835.5,836.6099853515625,836.6099853515625,82636
"ISRG","Intuitive Surgical, Inc. - Common Stock","2021-05-21 10:30:00-04:00",836.510009765625,839.469970703125,835.9600219726562,836.47998046875,836.47998046875,27595
"ISRG","Intuitive Surgical, Inc. - Common Stock","2021-05-21 11:30:00-04:00",835.8200073242188,836.8599853515625,831.5399780273438,834.0,834.0,27372
"ISRG","Intuitive Surgical, Inc. - Common Stock","2021-05-21 12:30:00-04:00",834.22998046875,835.6849975585938,832.1799926757812,833.9299926757812,833.9299926757812,20480
"ISRG","Intuitive Surgical, Inc. - Common Stock","2021-05-21 13:30:00-04:00",834.9500122070312,835.47998046875,832.5750122070312,833.2999877929688,833.2999877929688,22226
"ISRG","Intuitive Surgical, Inc. - Common Stock","2021-05-21 14:30:00-04:00",833.52001953125,833.6400146484375,831.9500122070312,833.5599975585938,833.5599975585938,27352
"ISRG","Intuitive Surgical, Inc. - Common Stock","2021-05-21 15:30:00-04:00",833.0900268554688,833.4099731445312,824.0800170898438,824.7050170898438,824.7050170898438,191792
"ISRG","Intuitive Surgical, Inc. - Common Stock","2021-05-21 16:00:00-04:00",824.42,835.51,821.24,824.99,824.99,0
"ISRG","Intuitive Surgical, Inc. - Common Stock","2021-05-21 17:00:00-04:00",828.5,828.5,828.5,828.5,828.5,0
"ISRG","Intuitive Surgical, Inc. - Common Stock","2021-05-21 18:00:00-04:00",824.99,828.53,824.99,825.08,825.08,0
"ISRG","Intuitive Surgical, Inc. - Common Stock","2021-05-21 19:00:00-04:00",828.53,828.53,828.53,828.53,828.53,0
"ISRG","Intuitive Surgical, Inc. - Common Stock","2021-05-24 04:00:00-04:00",830.0,830.0,830.0,830.0,830.0,0
"ISRG","Intuitive Surgical, Inc. - Common Stock","2021-05-24 05:00:00-04:00",824.99,824.99,824.99,824.99,824.99,0
"ISRG","Intuitive Surgical, Inc. - Common Stock","2021-05-24 07:00:00-04:00",825.49,825.49,825.49,825.49,825.49,0
"ISRG","Intuitive Surgical, Inc. - Common Stock","2021-05-24 08:00:00-04:00",824.99,824.99,824.1,824.1,824.1,0
"ISRG","Intuitive Surgical, Inc. - Common Stock","2021-05-24 09:00:00-04:00",831.54,831.54,831.54,831.54,831.54,0
"ISRG","Intuitive Surgical, Inc. - Common Stock","2021-05-24 09:30:00-04:00",833.0499877929688,838.8800048828125,832.260009765625,838.5399780273438,838.5399780273438,126391
"ISRG","Intuitive Surgical, Inc. - Common Stock","2021-05-24 10:30:00-04:00",839.0,840.3599853515625,836.7999877929688,839.1749877929688,839.1749877929688,102197
"ISRG","Intuitive Surgical, Inc. - Common Stock","2021-05-24 11:30:00-04:00",839.5,840.0,837.4500122070312,838.2449951171875,838.2449951171875,55833
"ISRG","Intuitive Surgical, Inc. - Common Stock","2021-05-24 12:30:00-04:00",838.2349853515625,838.4500122070312,833.989990234375,836.6699829101562,836.6699829101562,49630
"ISRG","Intuitive Surgical, Inc. - Common Stock","2021-05-24 13:30:00-04:00",836.969970703125,837.0,834.9600219726562,835.7000122070312,835.7000122070312,33961
"ISRG","Intuitive Surgical, Inc. - Common Stock","2021-05-24 14:30:00-04:00",835.7000122070312,838.25,835.510009765625,835.760009765625,835.760009765625,69408
"ISRG","Intuitive Surgical, Inc. - Common Stock","2021-05-24 15:30:00-04:00",835.6799926757812,835.760009765625,834.2750244140625,834.9199829101562,834.9199829101562,147048
"ISRG","Intuitive Surgical, Inc. - Common Stock","2021-05-24 16:00:00-04:00",834.92,836.2832,831.18,834.92,834.92,0
"ISRG","Intuitive Surgical, Inc. - Common Stock","2021-05-24 18:00:00-04:00",842.0,842.0,842.0,842.0,842.0,0
"ISRG","Intuitive Surgical, Inc. - Common Stock","2021-05-25 04:00:00-04:00",834.92,834.92,834.92,834.92,834.92,0
"ISRG","Intuitive Surgical, Inc. - Common Stock","2021-05-25 07:00:00-04:00",834.9,835.7,834.16,835.0,835.0,0
"ISRG","Intuitive Surgical, Inc. - Common Stock","2021-05-25 09:00:00-04:00",834.92,834.92,834.92,834.92,834.92,0
"ISRG","Intuitive Surgical, Inc. - Common Stock","2021-05-25 09:30:00-04:00",840.2899780273438,844.9099731445312,838.3800048828125,843.0,843.0,145340
"ISRG","Intuitive Surgical, Inc. - Common Stock","2021-05-25 10:30:00-04:00",842.97998046875,844.4500122070312,838.7999877929688,839.739990234375,839.739990234375,75805
"ISRG","Intuitive Surgical, Inc. - Common Stock","2021-05-25 11:30:00-04:00",840.0,842.4500122070312,838.9749755859375,841.6799926757812,841.6799926757812,77848
"ISRG","Intuitive Surgical, Inc. - Common Stock","2021-05-25 12:30:00-04:00",841.1099853515625,841.52001953125,839.5700073242188,840.25,840.25,49666
"ISRG","Intuitive Surgical, Inc. - Common Stock","2021-05-25 13:30:00-04:00",839.989990234375,841.1199951171875,839.3599853515625,839.6649780273438,839.6649780273438,63214
"ISRG","Intuitive Surgical, Inc. - Common Stock","2021-05-25 14:30:00-04:00",839.530029296875,842.4000244140625,839.3800048828125,842.2999877929688,842.2999877929688,72337
"ISRG","Intuitive Surgical, Inc. - Common Stock","2021-05-25 15:30:00-04:00",843.2999877929688,846.760009765625,843.02001953125,846.4199829101562,846.4199829101562,103076
"ISRG","Intuitive Surgical, Inc. - Common Stock","2021-05-25 16:00:00-04:00",846.01,849.35,842.2214,846.15,846.15,0
"ISRG","Intuitive Surgical, Inc. - Common Stock","2021-05-25 17:00:00-04:00",847.0,847.0,846.01,846.01,846.01,0
"ISRG","Intuitive Surgical, Inc. - Common Stock","2021-05-25 19:00:00-04:00",854.84,854.84,854.84,854.84,854.84,0
"ISRG","Intuitive Surgical, Inc. - Common Stock","2021-05-26 06:00:00-04:00",846.01,846.01,846.01,846.01,846.01,0
"ISRG","Intuitive Surgical, Inc. - Common Stock","2021-05-26 07:00:00-04:00",846.99,854.64,846.99,854.64,854.64,0
"ISRG","Intuitive Surgical, Inc. - Common Stock","2021-05-26 08:00:00-04:00",846.02,848.125,846.02,848.125,848.125,0
"ISRG","Intuitive Surgical, Inc. - Common Stock","2021-05-26 09:00:00-04:00",848.13,853.5,848.13,853.5,853.5,0
"ISRG","Intuitive Surgical, Inc. - Common Stock","2021-05-26 09:30:00-04:00",847.1099853515625,849.6900024414062,835.1950073242188,838.364990234375,838.364990234375,101837
"ISRG","Intuitive Surgical, Inc. - Common Stock","2021-05-26 10:30:00-04:00",837.969970703125,841.885009765625,836.2000122070312,839.6199951171875,839.6199951171875,58639
"ISRG","Intuitive Surgical, Inc. - Common Stock","2021-05-26 11:30:00-04:00",839.2584228515625,840.3099975585938,836.6099853515625,836.6099853515625,836.6099853515625,38143
"ISRG","Intuitive Surgical, Inc. - Common Stock","2021-05-26 12:30:00-04:00",837.0399780273438,838.7000122070312,836.3800048828125,837.9099731445312,837.9099731445312,33525
"ISRG","Intuitive Surgical, Inc. - Common Stock","2021-05-26 13:30:00-04:00",837.844970703125,840.2999877929688,835.9600219726562,839.8800048828125,839.8800048828125,38820
"ISRG","Intuitive Surgical, Inc. - Common Stock","2021-05-26 14:30:00-04:00",839.77001953125,840.1749877929688,836.0,838.719970703125,838.719970703125,37006
"ISRG","Intuitive Surgical, Inc. - Common Stock","2021-05-26 15:30:00-04:00",838.9749755859375,840.5900268554688,838.0399780273438,839.97998046875,839.97998046875,75005
"ISRG","Intuitive Surgical, Inc. - Common Stock","2021-05-26 16:00:00-04:00",839.38,840.0,839.38,839.38,839.38,0
"ISRG","Intuitive Surgical, Inc. - Common Stock","2021-05-26 17:00:00-04:00",839.38,839.4,838.8,839.4,839.4,0
"ISRG","Intuitive Surgical, Inc. - Common Stock","2021-05-26 18:00:00-04:00",839.38,839.38,838.0,838.0,838.0,0
"ISRG","Intuitive Surgical, Inc. - Common Stock","2021-05-26 19:00:00-04:00",838.0,839.38,838.0,839.38,839.38,0
"ISRG","Intuitive Surgical, Inc. - Common Stock","2021-05-27 07:00:00-04:00",837.73,839.4,837.73,838.01,838.01,0
"ISRG","Intuitive Surgical, Inc. - Common Stock","2021-05-27 08:00:00-04:00",838.01,842.59,837.06,842.59,842.59,0
"ISRG","Intuitive Surgical, Inc. - Common Stock","2021-05-27 09:30:00-04:00",838.7000122070312,838.719970703125,830.25,835.3699951171875,835.3699951171875,44526
"ISRG","Intuitive Surgical, Inc. - Common Stock","2021-05-27 10:30:00-04:00",835.6699829101562,840.6599731445312,835.6699829101562,838.4299926757812,838.4299926757812,37041
"ISRG","Intuitive Surgical, Inc. - Common Stock","2021-05-27 11:30:00-04:00",837.7150268554688,846.5399780273438,837.635009765625,843.989990234375,843.989990234375,51915
"ISRG","Intuitive Surgical, Inc. - Common Stock","2021-05-27 12:30:00-04:00",843.9600219726562,844.6199951171875,842.489990234375,843.4550170898438,843.4550170898438,29481
"ISRG","Intuitive Surgical, Inc. - Common Stock","2021-05-27 13:30:00-04:00",842.6799926757812,843.9338989257812,837.5599975585938,841.0399780273438,841.0399780273438,32161
"ISRG","Intuitive Surgical, Inc. - Common Stock","2021-05-27 14:30:00-04:00",840.7579956054688,841.364990234375,834.3499755859375,834.8200073242188,834.8200073242188,73980
"ISRG","Intuitive Surgical, Inc. - Common Stock","2021-05-27 15:30:00-04:00",835.0999755859375,838.9199829101562,829.1950073242188,833.6900024414062,833.6900024414062,403854
"ISRG","Intuitive Surgical, Inc. - Common Stock","2021-05-27 16:00:00-04:00",833.65,836.86,832.98,834.56,834.56,0
"ISRG","Intuitive Surgical, Inc. - Common Stock","2021-05-27 17:00:00-04:00",834.36,836.87,832.96,836.87,836.87,0
"ISRG","Intuitive Surgical, Inc. - Common Stock","2021-05-27 18:00:00-04:00",836.89,836.89,833.0,833.0,833.0,0
"ISRG","Intuitive Surgical, Inc. - Common Stock","2021-05-27 19:00:00-04:00",836.87,836.87,836.87,836.87,836.87,0
"ISRG","Intuitive Surgical, Inc. - Common Stock","2021-05-28 04:00:00-04:00",840.3,843.0,840.0,840.0,840.0,0
"ISRG","Intuitive Surgical, Inc. - Common Stock","2021-05-28 07:00:00-04:00",839.98,839.98,835.59,835.59,835.59,0
"ISRG","Intuitive Surgical, Inc. - Common Stock","2021-05-28 08:00:00-04:00",836.0,839.99,836.0,837.1,837.1,0
"ISRG","Intuitive Surgical, Inc. - Common Stock","2021-05-28 09:00:00-04:00",836.0,839.96,834.36,834.36,834.36,0
"ISRG","Intuitive Surgical, Inc. - Common Stock","2021-05-28 09:30:00-04:00",838.989990234375,852.9000244140625,838.989990234375,850.2520141601562,850.2520141601562,92073
"ISRG","Intuitive Surgical, Inc. - Common Stock","2021-05-28 10:30:00-04:00",850.1900024414062,851.5499877929688,845.9749755859375,849.25,849.25,42138
"ISRG","Intuitive Surgical, Inc. - Common Stock","2021-05-28 11:30:00-04:00",849.219970703125,853.0,848.711669921875,850.7100219726562,850.7100219726562,88782
"ISRG","Intuitive Surgical, Inc. - Common Stock","2021-05-28 12:30:00-04:00",850.4400024414062,854.3200073242188,845.97998046875,846.0050048828125,846.0050048828125,57985
"ISRG","Intuitive Surgical, Inc. - Common Stock","2021-05-28 13:30:00-04:00",845.9500122070312,847.1500244140625,844.77001953125,846.8674926757812,846.8674926757812,29598
"ISRG","Intuitive Surgical, Inc. - Common Stock","2021-05-28 14:30:00-04:00",846.9099731445312,848.0,845.7999877929688,846.5549926757812,846.5549926757812,29162
"ISRG","Intuitive Surgical, Inc. - Common Stock","2021-05-28 15:30:00-04:00",846.4224853515625,846.760009765625,841.27001953125,842.2100219726562,842.2100219726562,99881
"ISRG","Intuitive Surgical, Inc. - Common Stock","2021-05-28 16:00:00-04:00",842.18,846.7081,842.18,842.18,842.18,0
"ISRG","Intuitive Surgical, Inc. - Common Stock","2021-05-28 17:00:00-04:00",842.18,842.18,842.18,842.18,842.18,0
"ISRG","Intuitive Surgical, Inc. - Common Stock","2021-06-01 06:00:00-04:00",846.14,849.88,846.14,846.26,846.26,0
"ISRG","Intuitive Surgical, Inc. - Common Stock","2021-06-01 07:00:00-04:00",847.0,854.0,845.0,852.75,852.75,0
"ISRG","Intuitive Surgical, Inc. - Common Stock","2021-06-01 08:00:00-04:00",854.0,854.0,842.18,851.0,851.0,0
"ISRG","Intuitive Surgical, Inc. - Common Stock","2021-06-01 09:00:00-04:00",851.0,851.0,848.66,848.66,848.66,0
"ISRG","Intuitive Surgical, Inc. - Common Stock","2021-06-01 09:30:00-04:00",852.77001953125,852.77001953125,828.75,831.1199951171875,831.1199951171875,83235
"ISRG","Intuitive Surgical, Inc. - Common Stock","2021-06-01 10:30:00-04:00",831.2100219726562,836.5499877929688,829.510009765625,833.5349731445312,833.5349731445312,52850
"ISRG","Intuitive Surgical, Inc. - Common Stock","2021-06-01 11:30:00-04:00",833.1099853515625,835.6199951171875,830.9000244140625,833.0050048828125,833.0050048828125,44263
"ISRG","Intuitive Surgical, Inc. - Common Stock","2021-06-01 12:30:00-04:00",832.7899780273438,838.6400146484375,832.3300170898438,838.6300048828125,838.6300048828125,43965
"ISRG","Intuitive Surgical, Inc. - Common Stock","2021-06-01 13:30:00-04:00",838.3200073242188,839.9199829101562,836.47998046875,837.489990234375,837.489990234375,48816
"ISRG","Intuitive Surgical, Inc. - Common Stock","2021-06-01 14:30:00-04:00",836.8250122070312,838.3099975585938,835.3674926757812,835.489990234375,835.489990234375,40436
"ISRG","Intuitive Surgical, Inc. - Common Stock","2021-06-01 15:30:00-04:00",835.375,837.1199951171875,835.0800170898438,835.97998046875,835.97998046875,97056
"ISRG","Intuitive Surgical, Inc. - Common Stock","2021-06-01 16:00:00-04:00",836.04,841.07,835.6076,837.0,837.0,0
"ISRG","Intuitive Surgical, Inc. - Common Stock","2021-06-01 17:00:00-04:00",836.04,836.04,836.04,836.04,836.04,0
"ISRG","Intuitive Surgical, Inc. - Common Stock","2021-06-01 18:00:00-04:00",836.04,838.11,836.04,838.11,838.11,0
"ISRG","Intuitive Surgical, Inc. - Common Stock","2021-06-02 07:00:00-04:00",836.04,841.99,835.97,841.99,841.99,0
"ISRG","Intuitive Surgical, Inc. - Common Stock","2021-06-02 08:00:00-04:00",841.69,841.69,837.0,837.0,837.0,0
"ISRG","Intuitive Surgical, Inc. - Common Stock","2021-06-02 09:00:00-04:00",838.12,840.824,838.12,840.824,840.824,0
"ISRG","Intuitive Surgical, Inc. - Common Stock","2021-06-02 09:30:00-04:00",836.219970703125,837.9000244140625,830.7449951171875,835.6500244140625,835.6500244140625,49578
"ISRG","Intuitive Surgical, Inc. - Common Stock","2021-06-02 10:30:00-04:00",834.9500122070312,835.3300170898438,830.8300170898438,831.9299926757812,831.9299926757812,35281
"ISRG","Intuitive Surgical, Inc. - Common Stock","2021-06-02 11:30:00-04:00",831.52001953125,831.52001953125,827.1900024414062,827.3820190429688,827.3820190429688,30885
"ISRG","Intuitive Surgical, Inc. - Common Stock","2021-06-02 12:30:00-04:00",827.0399780273438,827.52001953125,822.9099731445312,824.27001953125,824.27001953125,28395
"ISRG","Intuitive Surgical, Inc. - Common Stock","2021-06-02 13:30:00-04:00",822.8599853515625,825.1500244140625,819.22998046875,819.719970703125,819.719970703125,43990
"ISRG","Intuitive Surgical, Inc. - Common Stock","2021-06-02 14:30:00-04:00",819.9749755859375,821.5599975585938,819.27001953125,820.2000122070312,820.2000122070312,41038
"ISRG","Intuitive Surgical, Inc. - Common Stock","2021-06-02 15:30:00-04:00",820.6300048828125,822.1699829101562,818.9299926757812,821.5399780273438,821.5399780273438,73303
"ISRG","Intuitive Surgical, Inc. - Common Stock","2021-06-02 16:00:00-04:00",821.54,821.54,820.33,821.54,821.54,0
"ISRG","Intuitive Surgical, Inc. - Common Stock","2021-06-02 17:00:00-04:00",830.37,830.37,830.37,830.37,830.37,0
"ISRG","Intuitive Surgical, Inc. - Common Stock","2021-06-02 18:00:00-04:00",821.0,821.54,820.0,820.76,820.76,0
"ISRG","Intuitive Surgical, Inc. - Common Stock","2021-06-02 19:00:00-04:00",821.0,821.0,821.0,821.0,821.0,0
"ISRG","Intuitive Surgical, Inc. - Common Stock","2021-06-03 04:00:00-04:00",820.0,820.0,820.0,820.0,820.0,0
"ISRG","Intuitive Surgical, Inc. - Common Stock","2021-06-03 06:00:00-04:00",822.0,822.0,821.54,821.54,821.54,0
"ISRG","Intuitive Surgical, Inc. - Common Stock","2021-06-03 07:00:00-04:00",820.0,827.86,816.51,827.86,827.86,0
"ISRG","Intuitive Surgical, Inc. - Common Stock","2021-06-03 08:00:00-04:00",816.51,820.54,816.5,819.97,819.97,0
"ISRG","Intuitive Surgical, Inc. - Common Stock","2021-06-03 09:00:00-04:00",817.51,827.0,816.5,816.64,816.64,0
"ISRG","Intuitive Surgical, Inc. - Common Stock","2021-06-03 09:30:00-04:00",819.6199951171875,821.0,811.1099853515625,817.8099975585938,817.8099975585938,88348
"ISRG","Intuitive Surgical, Inc. - Common Stock","2021-06-03 10:30:00-04:00",817.1199951171875,824.8400268554688,814.8800048828125,820.4000244140625,820.4000244140625,33222
"ISRG","Intuitive Surgical, Inc. - Common Stock","2021-06-03 11:30:00-04:00",820.0599975585938,820.0599975585938,816.2000122070312,816.760009765625,816.760009765625,22542
"ISRG","Intuitive Surgical, Inc. - Common Stock","2021-06-03 12:30:00-04:00",817.6099853515625,820.5399780273438,817.2000122070312,820.02001953125,820.02001953125,21972
"ISRG","Intuitive Surgical, Inc. - Common Stock","2021-06-03 13:30:00-04:00",820.0,820.0,818.8099975585938,819.0499877929688,819.0499877929688,29636
"ISRG","Intuitive Surgical, Inc. - Common Stock","2021-06-03 14:30:00-04:00",818.0650024414062,820.6199951171875,817.6500244140625,819.2100219726562,819.2100219726562,30118
"ISRG","Intuitive Surgical, Inc. - Common Stock","2021-06-03 15:30:00-04:00",819.2899780273438,819.8900146484375,816.2274780273438,816.7999877929688,816.7999877929688,70593
"ISRG","Intuitive Surgical, Inc. - Common Stock","2021-06-03 16:00:00-04:00",816.65,818.69,816.65,818.69,818.69,0
"ISRG","Intuitive Surgical, Inc. - Common Stock","2021-06-03 17:00:00-04:00",816.65,816.75,816.65,816.67,816.67,0
"ISRG","Intuitive Surgical, Inc. - Common Stock","2021-06-03 18:00:00-04:00",816.65,816.65,816.65,816.65,816.65,0
"ISRG","Intuitive Surgical, Inc. - Common Stock","2021-06-03 19:00:00-04:00",816.0,816.6,816.0,816.6,816.6,0
"ISRG","Intuitive Surgical, Inc. - Common Stock","2021-06-04 04:00:00-04:00",816.65,816.65,816.0,816.0,816.0,0
"ISRG","Intuitive Surgical, Inc. - Common Stock","2021-06-04 07:00:00-04:00",817.01,822.78,817.01,822.78,822.78,0
"ISRG","Intuitive Surgical, Inc. - Common Stock","2021-06-04 08:00:00-04:00",817.52,818.0,815.0,817.0,817.0,0
"ISRG","Intuitive Surgical, Inc. - Common Stock","2021-06-04 09:00:00-04:00",819.03,820.0,816.7,816.7,816.7,0
"ISRG","Intuitive Surgical, Inc. - Common Stock","2021-06-04 09:30:00-04:00",821.5599975585938,834.1900024414062,821.1300048828125,833.0,833.0,65877
"ISRG","Intuitive Surgical, Inc. - Common Stock","2021-06-04 10:30:00-04:00",833.0,835.7899780273438,832.5700073242188,833.9600219726562,833.9600219726562,44931
"ISRG","Intuitive Surgical, Inc. - Common Stock","2021-06-04 11:30:00-04:00",834.2000122070312,834.2100219726562,829.5999755859375,831.7100219726562,831.7100219726562,36724
"ISRG","Intuitive Surgical, Inc. - Common Stock","2021-06-04 12:30:00-04:00",832.1199951171875,833.1500244140625,831.5416870117188,831.5416870117188,831.5416870117188,25986
"ISRG","Intuitive Surgical, Inc. - Common Stock","2021-06-04 13:30:00-04:00",831.4400024414062,834.3900146484375,831.4400024414062,832.5499877929688,832.5499877929688,31076
"ISRG","Intuitive Surgical, Inc. - Common Stock","2021-06-04 14:30:00-04:00",833.0150146484375,835.0,832.3499755859375,832.3499755859375,832.3499755859375,43224
"ISRG","Intuitive Surgical, Inc. - Common Stock","2021-06-04 15:30:00-04:00",832.3699951171875,832.9000244140625,831.2899780273438,831.6900024414062,831.6900024414062,69855
"ISRG","Intuitive Surgical, Inc. - Common Stock","2021-06-04 16:00:00-04:00",831.45,832.0,831.45,831.45,831.45,0
"ISRG","Intuitive Surgical, Inc. - Common Stock","2021-06-04 17:00:00-04:00",829.37,831.45,829.37,831.45,831.45,0
"ISRG","Intuitive Surgical, Inc. - Common Stock","2021-06-04 18:00:00-04:00",831.48,831.48,831.48,831.48,831.48,0
"ISRG","Intuitive Surgical, Inc. - Common Stock","2021-06-04 19:00:00-04:00",831.0,831.45,829.0,831.45,831.45,0
"ISRG","Intuitive Surgical, Inc. - Common Stock","2021-06-07 04:00:00-04:00",831.45,831.45,831.45,831.45,831.45,0
"ISRG","Intuitive Surgical, Inc. - Common Stock","2021-06-07 05:00:00-04:00",831.46,834.0,831.46,834.0,834.0,0
"ISRG","Intuitive Surgical, Inc. - Common Stock","2021-06-07 07:00:00-04:00",829.77,836.0,829.77,831.19,831.19,0
"ISRG","Intuitive Surgical, Inc. - Common Stock","2021-06-07 09:00:00-04:00",830.12,831.9,830.12,831.9,831.9,0
"ISRG","Intuitive Surgical, Inc. - Common Stock","2021-06-07 09:30:00-04:00",835.1599731445312,839.5,828.8099975585938,839.4000244140625,839.4000244140625,37851
"ISRG","Intuitive Surgical, Inc. - Common Stock","2021-06-07 10:30:00-04:00",838.510009765625,843.1900024414062,838.2899780273438,839.64501953125,839.64501953125,61597
"ISRG","Intuitive Surgical, Inc. - Common Stock","2021-06-07 11:30:00-04:00",839.2100219726562,839.3674926757812,835.9199829101562,835.9199829101562,835.9199829101562,34344
"ISRG","Intuitive Surgical, Inc. - Common Stock","2021-06-07 12:30:00-04:00",836.1099853515625,836.1099853515625,831.7999877929688,831.7999877929688,831.7999877929688,19863
"ISRG","Intuitive Surgical, Inc. - Common Stock","2021-06-07 13:30:00-04:00",831.7100219726562,834.5800170898438,831.489990234375,833.6500244140625,833.6500244140625,31854
"ISRG","Intuitive Surgical, Inc. - Common Stock","2021-06-07 14:30:00-04:00",833.72998046875,834.260009765625,831.7100219726562,831.7100219726562,831.7100219726562,27399
"ISRG","Intuitive Surgical, Inc. - Common Stock","2021-06-07 15:30:00-04:00",831.655029296875,832.719970703125,829.8400268554688,831.5,831.5,54236
"ISRG","Intuitive Surgical, Inc. - Common Stock","2021-06-07 16:00:00-04:00",831.12,831.12,831.12,831.12,831.12,0
"ISRG","Intuitive Surgical, Inc. - Common Stock","2021-06-07 17:00:00-04:00",829.8,834.8,829.8,834.8,834.8,0
"ISRG","Intuitive Surgical, Inc. - Common Stock","2021-06-08 05:00:00-04:00",843.12,848.0,843.12,848.0,848.0,0
"ISRG","Intuitive Surgical, Inc. - Common Stock","2021-06-08 06:00:00-04:00",831.13,831.13,831.12,831.12,831.12,0
"ISRG","Intuitive Surgical, Inc. - Common Stock","2021-06-08 08:00:00-04:00",831.3,831.3,831.12,831.12,831.12,0
"ISRG","Intuitive Surgical, Inc. - Common Stock","2021-06-08 09:00:00-04:00",832.91,835.0,832.91,835.0,835.0,0
"ISRG","Intuitive Surgical, Inc. - Common Stock","2021-06-08 09:30:00-04:00",835.3499755859375,841.1400146484375,831.3900146484375,831.5999755859375,831.5999755859375,51493
"ISRG","Intuitive Surgical, Inc. - Common Stock","2021-06-08 10:30:00-04:00",831.969970703125,832.010009765625,826.1900024414062,828.72998046875,828.72998046875,56647
"ISRG","Intuitive Surgical, Inc. - Common Stock","2021-06-08 11:30:00-04:00",828.5700073242188,832.3499755859375,827.75,832.0399780273438,832.0399780273438,32636
"ISRG","Intuitive Surgical, Inc. - Common Stock","2021-06-08 12:30:00-04:00",833.0399780273438,834.2999877929688,831.5516967773438,832.5750122070312,832.5750122070312,35866
"ISRG","Intuitive Surgical, Inc. - Common Stock","2021-06-08 13:30:00-04:00",832.9500122070312,834.1799926757812,831.1199951171875,832.0599975585938,832.0599975585938,32106
"ISRG","Intuitive Surgical, Inc. - Common Stock","2021-06-08 14:30:00-04:00",832.1099853515625,836.2332763671875,831.5650024414062,836.0,836.0,67804
"ISRG","Intuitive Surgical, Inc. - Common Stock","2021-06-08 15:30:00-04:00",835.8499755859375,836.9400024414062,833.3900146484375,834.0499877929688,834.0499877929688,85751
"ISRG","Intuitive Surgical, Inc. - Common Stock","2021-06-08 16:00:00-04:00",833.67,835.0,833.67,835.0,835.0,0
"ISRG","Intuitive Surgical, Inc. - Common Stock","2021-06-08 17:00:00-04:00",845.0,845.0,845.0,845.0,845.0,0
"ISRG","Intuitive Surgical, Inc. - Common Stock","2021-06-08 18:00:00-04:00",832.2,832.2,832.2,832.2,832.2,0
"ISRG","Intuitive Surgical, Inc. - Common Stock","2021-06-08 19:00:00-04:00",833.0,833.0,833.0,833.0,833.0,0
"ISRG","Intuitive Surgical, Inc. - Common Stock","2021-06-09 05:00:00-04:00",842.5,842.5,842.5,842.5,842.5,0
"ISRG","Intuitive Surgical, Inc. - Common Stock","2021-06-09 07:00:00-04:00",842.5,842.5,835.0,835.0,835.0,0
"ISRG","Intuitive Surgical, Inc. - Common Stock","2021-06-09 08:00:00-04:00",833.67,839.8,833.67,839.8,839.8,0
"ISRG","Intuitive Surgical, Inc. - Common Stock","2021-06-09 09:00:00-04:00",833.89,841.0,833.89,841.0,841.0,0
"ISRG","Intuitive Surgical, Inc. - Common Stock","2021-06-09 09:30:00-04:00",836.280029296875,843.010009765625,835.8499755859375,835.9299926757812,835.9299926757812,57324
"ISRG","Intuitive Surgical, Inc. - Common Stock","2021-06-09 10:30:00-04:00",835.9000244140625,837.4600219726562,834.75,836.4299926757812,836.4299926757812,28374
"ISRG","Intuitive Surgical, Inc. - Common Stock","2021-06-09 11:30:00-04:00",836.4400024414062,839.469970703125,835.469970703125,839.02001953125,839.02001953125,29797
"ISRG","Intuitive Surgical, Inc. - Common Stock","2021-06-09 12:30:00-04:00",839.4249877929688,843.4099731445312,839.4249877929688,843.2999877929688,843.2999877929688,30607
"ISRG","Intuitive Surgical, Inc. - Common Stock","2021-06-09 13:30:00-04:00",843.969482421875,843.969482421875,842.010009765625,843.2899780273438,843.2899780273438,35251
"ISRG","Intuitive Surgical, Inc. - Common Stock","2021-06-09 14:30:00-04:00",843.3200073242188,843.3200073242188,839.530029296875,839.7000122070312,839.7000122070312,46683
"ISRG","Intuitive Surgical, Inc. - Common Stock","2021-06-09 15:30:00-04:00",839.75,841.72998046875,838.8499755859375,840.7100219726562,840.7100219726562,52906
"ISRG","Intuitive Surgical, Inc. - Common Stock","2021-06-09 16:00:00-04:00",840.24,843.39,840.24,843.39,843.39,0
"ISRG","Intuitive Surgical, Inc. - Common Stock","2021-06-09 17:00:00-04:00",841.92,841.92,838.85,841.0,841.0,0
"ISRG","Intuitive Surgical, Inc. - Common Stock","2021-06-09 18:00:00-04:00",841.0,841.0,841.0,841.0,841.0,0
"ISRG","Intuitive Surgical, Inc. - Common Stock","2021-06-10 05:00:00-04:00",840.24,840.24,840.24,840.24,840.24,0
"ISRG","Intuitive Surgical, Inc. - Common Stock","2021-06-10 06:00:00-04:00",840.24,844.99,840.24,840.26,840.26,0
"ISRG","Intuitive Surgical, Inc. - Common Stock","2021-06-10 07:00:00-04:00",840.25,840.28,840.0,840.0,840.0,0
"ISRG","Intuitive Surgical, Inc. - Common Stock","2021-06-10 08:00:00-04:00",840.0,843.0,840.0,840.24,840.24,0
"ISRG","Intuitive Surgical, Inc. - Common Stock","2021-06-10 09:00:00-04:00",840.46,841.0,835.0,840.25,840.25,0
"ISRG","Intuitive Surgical, Inc. - Common Stock","2021-06-10 09:30:00-04:00",843.0700073242188,853.0,841.1400146484375,849.9400024414062,849.9400024414062,76682
"ISRG","Intuitive Surgical, Inc. - Common Stock","2021-06-10 10:30:00-04:00",850.989990234375,851.635009765625,844.3200073242188,848.9500122070312,848.9500122070312,47688
"ISRG","Intuitive Surgical, Inc. - Common Stock","2021-06-10 11:30:00-04:00",849.6900024414062,853.7766723632812,849.3699951171875,853.260009765625,853.260009765625,34210
"ISRG","Intuitive Surgical, Inc. - Common Stock","2021-06-10 12:30:00-04:00",853.4500122070312,856.6400146484375,853.219970703125,855.4000244140625,855.4000244140625,34753
"ISRG","Intuitive Surgical, Inc. - Common Stock","2021-06-10 13:30:00-04:00",855.780029296875,856.655029296875,855.1649780273438,855.219970703125,855.219970703125,29152
"ISRG","Intuitive Surgical, Inc. - Common Stock","2021-06-10 14:30:00-04:00",855.6199951171875,858.8599853515625,855.47998046875,858.260009765625,858.260009765625,48575
"ISRG","Intuitive Surgical, Inc. - Common Stock","2021-06-10 15:30:00-04:00",858.25,859.6300048828125,856.5999755859375,859.510009765625,859.510009765625,55225
"ISRG","Intuitive Surgical, Inc. - Common Stock","2021-06-10 16:00:00-04:00",859.14,861.97,853.94,859.14,859.14,0
"ISRG","Intuitive Surgical, Inc. - Common Stock","2021-06-10 17:00:00-04:00",859.14,859.14,859.0,859.0,859.0,0
"ISRG","Intuitive Surgical, Inc. - Common Stock","2021-06-10 18:00:00-04:00",860.74,860.74,860.0,860.0,860.0,0
"ISRG","Intuitive Surgical, Inc. - Common Stock","2021-06-10 19:00:00-04:00",861.97,862.0,857.01,859.25,859.25,0
"ISRG","Intuitive Surgical, Inc. - Common Stock","2021-06-11 04:00:00-04:00",857.01,857.01,857.01,857.01,857.01,0
"ISRG","Intuitive Surgical, Inc. - Common Stock","2021-06-11 07:00:00-04:00",861.0,861.0,861.0,861.0,861.0,0
"ISRG","Intuitive Surgical, Inc. - Common Stock","2021-06-11 08:00:00-04:00",861.0,862.0,861.0,862.0,862.0,0
"ISRG","Intuitive Surgical, Inc. - Common Stock","2021-06-11 09:00:00-04:00",861.0,863.0,832.34,857.0,857.0,0
"ISRG","Intuitive Surgical, Inc. - Common Stock","2021-06-11 09:30:00-04:00",860.0,861.52001953125,855.6400146484375,858.969970703125,858.969970703125,78710
"ISRG","Intuitive Surgical, Inc. - Common Stock","2021-06-11 10:30:00-04:00",859.2000122070312,860.0,855.3699951171875,858.6099853515625,858.6099853515625,57729
"ISRG","Intuitive Surgical, Inc. - Common Stock","2021-06-11 11:30:00-04:00",858.780029296875,859.47998046875,857.0349731445312,858.5599975585938,858.5599975585938,27374
"ISRG","Intuitive Surgical, Inc. - Common Stock","2021-06-11 12:30:00-04:00",858.8703002929688,859.47998046875,855.760009765625,856.9749755859375,856.9749755859375,57231
"ISRG","Intuitive Surgical, Inc. - Common Stock","2021-06-11 13:30:00-04:00",857.9600219726562,861.6199951171875,857.9199829101562,860.8099975585938,860.8099975585938,30134
"ISRG","Intuitive Surgical, Inc. - Common Stock","2021-06-11 14:30:00-04:00",861.3900146484375,862.4400024414062,860.75,861.3900146484375,861.3900146484375,40573
"ISRG","Intuitive Surgical, Inc. - Common Stock","2021-06-11 15:30:00-04:00",861.5050048828125,864.2999877929688,861.1699829101562,864.2899780273438,864.2899780273438,61802
"ISRG","Intuitive Surgical, Inc. - Common Stock","2021-06-11 16:00:00-04:00",864.27,864.55,862.79,863.0,863.0,0
"ISRG","Intuitive Surgical, Inc. - Common Stock","2021-06-11 17:00:00-04:00",864.27,864.27,864.27,864.27,864.27,0
"ISRG","Intuitive Surgical, Inc. - Common Stock","2021-06-11 19:00:00-04:00",864.0,864.0,864.0,864.0,864.0,0
"ISRG","Intuitive Surgical, Inc. - Common Stock","2021-06-14 04:00:00-04:00",871.98,871.98,865.0,870.0,870.0,0
"ISRG","Intuitive Surgical, Inc. - Common Stock","2021-06-14 05:00:00-04:00",871.0,871.0,864.27,864.5,864.5,0
"ISRG","Intuitive Surgical, Inc. - Common Stock","2021-06-14 06:00:00-04:00",864.5,864.5,864.5,864.5,864.5,0
"ISRG","Intuitive Surgical, Inc. - Common Stock","2021-06-14 07:00:00-04:00",870.97,871.67,864.5,864.5,864.5,0
"ISRG","Intuitive Surgical, Inc. - Common Stock","2021-06-14 08:00:00-04:00",867.0,867.74,865.0,866.0,866.0,0
"ISRG","Intuitive Surgical, Inc. - Common Stock","2021-06-14 09:00:00-04:00",866.0,870.0,862.92,862.92,862.92,0
"ISRG","Intuitive Surgical, Inc. - Common Stock","2021-06-14 09:30:00-04:00",862.2899780273438,864.8099975585938,859.6400146484375,862.4793701171875,862.4793701171875,59991
"ISRG","Intuitive Surgical, Inc. - Common Stock","2021-06-14 10:30:00-04:00",861.7000122070312,867.4199829101562,861.5399780273438,867.0999755859375,867.0999755859375,38562
"ISRG","Intuitive Surgical, Inc. - Common Stock","2021-06-14 11:30:00-04:00",866.85498046875,868.27001953125,865.6951293945312,867.2949829101562,867.2949829101562,49615
"ISRG","Intuitive Surgical, Inc. - Common Stock","2021-06-14 12:30:00-04:00",866.9660034179688,868.6699829101562,866.5399780273438,867.2999877929688,867.2999877929688,26830
"ISRG","Intuitive Surgical, Inc. - Common Stock","2021-06-14 13:30:00-04:00",867.72998046875,868.52001953125,867.280029296875,868.1500244140625,868.1500244140625,34070
"ISRG","Intuitive Surgical, Inc. - Common Stock","2021-06-14 14:30:00-04:00",868.3699951171875,871.1849975585938,868.3699951171875,870.155029296875,870.155029296875,56192
"ISRG","Intuitive Surgical, Inc. - Common Stock","2021-06-14 15:30:00-04:00",870.1699829101562,873.4099731445312,869.489990234375,872.780029296875,872.780029296875,94680
"ISRG","Intuitive Surgical, Inc. - Common Stock","2021-06-14 16:00:00-04:00",872.78,872.79,869.64,872.79,872.79,0
"ISRG","Intuitive Surgical, Inc. - Common Stock","2021-06-14 17:00:00-04:00",872.5,872.79,871.0,872.78,872.78,0
"ISRG","Intuitive Surgical, Inc. - Common Stock","2021-06-14 18:00:00-04:00",872.0,872.0,872.0,872.0,872.0,0
"ISRG","Intuitive Surgical, Inc. - Common Stock","2021-06-14 19:00:00-04:00",872.0,875.0,872.0,875.0,875.0,0
"ISRG","Intuitive Surgical, Inc. - Common Stock","2021-06-15 04:00:00-04:00",876.2,891.13,875.82,875.82,875.82,0
"ISRG","Intuitive Surgical, Inc. - Common Stock","2021-06-15 05:00:00-04:00",875.82,875.82,875.82,875.82,875.82,0
"ISRG","Intuitive Surgical, Inc. - Common Stock","2021-06-15 07:00:00-04:00",876.0,876.0,872.8,872.8,872.8,0
"ISRG","Intuitive Surgical, Inc. - Common Stock","2021-06-15 08:00:00-04:00",877.17,877.2,873.0,877.2,877.2,0
"ISRG","Intuitive Surgical, Inc. - Common Stock","2021-06-15 09:00:00-04:00",877.48,877.48,874.0,877.0,877.0,0
"ISRG","Intuitive Surgical, Inc. - Common Stock","2021-06-15 09:30:00-04:00",875.0,875.344970703125,870.7899780273438,872.3499755859375,872.3499755859375,95204
"ISRG","Intuitive Surgical, Inc. - Common Stock","2021-06-15 10:30:00-04:00",872.14501953125,874.0349731445312,869.6599731445312,870.6699829101562,870.6699829101562,45872
"ISRG","Intuitive Surgical, Inc. - Common Stock","2021-06-15 11:30:00-04:00",870.72998046875,875.0,870.1400146484375,874.7000122070312,874.7000122070312,57904
"ISRG","Intuitive Surgical, Inc. - Common Stock","2021-06-15 12:30:00-04:00",874.8499755859375,874.8499755859375,871.9099731445312,872.4099731445312,872.4099731445312,25388
"ISRG","Intuitive Surgical, Inc. - Common Stock","2021-06-15 13:30:00-04:00",872.4099731445312,874.47998046875,872.25,874.0800170898438,874.0800170898438,35937
"ISRG","Intuitive Surgical, Inc. - Common Stock","2021-06-15 14:30:00-04:00",873.5900268554688,874.3800048828125,871.8150024414062,871.8150024414062,871.8150024414062,30633
"ISRG","Intuitive Surgical, Inc. - Common Stock","2021-06-15 15:30:00-04:00",872.0399780273438,874.280029296875,871.3200073242188,873.0800170898438,873.0800170898438,69562
"ISRG","Intuitive Surgical, Inc. - Common Stock","2021-06-15 16:00:00-04:00",872.36,872.36,870.0,872.36,872.36,0
"ISRG","Intuitive Surgical, Inc. - Common Stock","2021-06-15 17:00:00-04:00",872.36,874.71,872.36,874.71,874.71,0
"ISRG","Intuitive Surgical, Inc. - Common Stock","2021-06-15 18:00:00-04:00",861.63,870.0,861.63,869.0,869.0,0
"ISRG","Intuitive Surgical, Inc. - Common Stock","2021-06-15 19:00:00-04:00",872.0,872.52,872.0,872.52,872.52,0
"ISRG","Intuitive Surgical, Inc. - Common Stock","2021-06-16 07:00:00-04:00",873.01,877.21,873.0,875.01,875.01,0
"ISRG","Intuitive Surgical, Inc. - Common Stock","2021-06-16 09:00:00-04:00",877.31,878.0,860.01,871.71,871.71,0
"ISRG","Intuitive Surgical, Inc. - Common Stock","2021-06-16 09:30:00-04:00",874.3599853515625,881.6199951171875,872.0,879.135009765625,879.135009765625,67283
"ISRG","Intuitive Surgical, Inc. - Common Stock","2021-06-16 10:30:00-04:00",880.4149780273438,880.47998046875,873.02001953125,875.1300048828125,875.1300048828125,28538
"ISRG","Intuitive Surgical, Inc. - Common Stock","2021-06-16 11:30:00-04:00",874.4500122070312,874.5338134765625,870.405029296875,871.989990234375,871.989990234375,42207
"ISRG","Intuitive Surgical, Inc. - Common Stock","2021-06-16 12:30:00-04:00",872.5,877.1599731445312,871.7999877929688,874.5,874.5,40398
"ISRG","Intuitive Surgical, Inc. - Common Stock","2021-06-16 13:30:00-04:00",875.5,877.5900268554688,865.1300048828125,869.5850219726562,869.5850219726562,38676
"ISRG","Intuitive Surgical, Inc. - Common Stock","2021-06-16 14:30:00-04:00",869.25,875.0499877929688,865.0,873.8800048828125,873.8800048828125,57600
"ISRG","Intuitive Surgical, Inc. - Common Stock","2021-06-16 15:30:00-04:00",874.1400146484375,875.469970703125,871.3400268554688,871.8400268554688,871.8400268554688,47806
"ISRG","Intuitive Surgical, Inc. - Common Stock","2021-06-16 16:00:00-04:00",871.42,871.42,870.76,871.42,871.42,0
"ISRG","Intuitive Surgical, Inc. - Common Stock","2021-06-16 17:00:00-04:00",871.42,871.42,870.0,870.0,870.0,0
"ISRG","Intuitive Surgical, Inc. - Common Stock","2021-06-16 19:00:00-04:00",871.42,871.42,871.41,871.42,871.42,0
"ISRG","Intuitive Surgical, Inc. - Common Stock","2021-06-17 07:00:00-04:00",870.28,870.28,870.0,870.0,870.0,0
"ISRG","Intuitive Surgical, Inc. - Common Stock","2021-06-17 08:00:00-04:00",871.0,871.42,865.0,871.42,871.42,0
"ISRG","Intuitive Surgical, Inc. - Common Stock","2021-06-17 09:00:00-04:00",871.4,871.4,871.4,871.4,871.4,0
"ISRG","Intuitive Surgical, Inc. - Common Stock","2021-06-17 09:30:00-04:00",869.239990234375,884.2249755859375,866.3822021484375,882.6199951171875,882.6199951171875,66847
"ISRG","Intuitive Surgical, Inc. - Common Stock","2021-06-17 10:30:00-04:00",882.8250122070312,888.35498046875,881.8599853515625,887.9099731445312,887.9099731445312,65148
"ISRG","Intuitive Surgical, Inc. - Common Stock","2021-06-17 11:30:00-04:00",888.0800170898438,891.27001953125,881.5,883.239990234375,883.239990234375,59455
"ISRG","Intuitive Surgical, Inc. - Common Stock","2021-06-17 12:30:00-04:00",882.2249755859375,885.6900024414062,880.8200073242188,884.8699951171875,884.8699951171875,36790
"ISRG","Intuitive Surgical, Inc. - Common Stock","2021-06-17 13:30:00-04:00",885.3499755859375,887.6593017578125,883.6649780273438,886.72998046875,886.72998046875,70819
"ISRG","Intuitive Surgical, Inc. - Common Stock","2021-06-17 14:30:00-04:00",886.3900146484375,888.75,885.0256958007812,887.1950073242188,887.1950073242188,91450
"ISRG","Intuitive Surgical, Inc. - Common Stock","2021-06-17 15:30:00-04:00",887.0700073242188,887.47998046875,884.969970703125,885.1300048828125,885.1300048828125,68995
"ISRG","Intuitive Surgical, Inc. - Common Stock","2021-06-17 16:00:00-04:00",885.01,887.36,881.53,884.96,884.96,0
"ISRG","Intuitive Surgical, Inc. - Common Stock","2021-06-17 17:00:00-04:00",885.01,888.08,885.01,885.01,885.01,0
"ISRG","Intuitive Surgical, Inc. - Common Stock","2021-06-17 18:00:00-04:00",884.51,884.51,884.51,884.51,884.51,0
"ISRG","Intuitive Surgical, Inc. - Common Stock","2021-06-17 19:00:00-04:00",885.0,885.0,884.52,884.52,884.52,0
"ISRG","Intuitive Surgical, Inc. - Common Stock","2021-06-18 04:00:00-04:00",885.04,885.04,885.04,885.04,885.04,0
"ISRG","Intuitive Surgical, Inc. - Common Stock","2021-06-18 05:00:00-04:00",890.28,890.28,890.28,890.28,890.28,0
"ISRG","Intuitive Surgical, Inc. - Common Stock","2021-06-18 07:00:00-04:00",884.95,884.95,884.95,884.95,884.95,0
"ISRG","Intuitive Surgical, Inc. - Common Stock","2021-06-18 08:00:00-04:00",885.0,885.03,880.85,881.53,881.53,0
"ISRG","Intuitive Surgical, Inc. - Common Stock","2021-06-18 09:00:00-04:00",877.0,888.19,875.0,880.88,880.88,0
"ISRG","Intuitive Surgical, Inc. - Common Stock","2021-06-18 09:30:00-04:00",880.530029296875,882.9149780273438,875.5999755859375,882.0800170898438,882.0800170898438,113271
"ISRG","Intuitive Surgical, Inc. - Common Stock","2021-06-18 10:30:00-04:00",881.3975219726562,884.594970703125,877.030029296875,877.030029296875,877.030029296875,47882
"ISRG","Intuitive Surgical, Inc. - Common Stock","2021-06-18 11:30:00-04:00",876.8499755859375,883.1099853515625,876.8499755859375,883.0800170898438,883.0800170898438,21610
"ISRG","Intuitive Surgical, Inc. - Common Stock","2021-06-18 12:30:00-04:00",883.4600219726562,886.0,881.6199951171875,884.0999755859375,884.0999755859375,23246
"ISRG","Intuitive Surgical, Inc. - Common Stock","2021-06-18 13:30:00-04:00",884.22998046875,885.0,882.3499755859375,884.1400146484375,884.1400146484375,45096
"ISRG","Intuitive Surgical, Inc. - Common Stock","2021-06-18 14:30:00-04:00",883.8499755859375,885.9400024414062,882.0800170898438,885.3599853515625,885.3599853515625,37490
"ISRG","Intuitive Surgical, Inc. - Common Stock","2021-06-18 15:30:00-04:00",885.1500244140625,885.5399780273438,877.6300048828125,878.8599853515625,878.8599853515625,110699
"ISRG","Intuitive Surgical, Inc. - Common Stock","2021-06-18 16:00:00-04:00",878.85,878.8617,873.97,876.555,876.555,0
"ISRG","Intuitive Surgical, Inc. - Common Stock","2021-06-18 17:00:00-04:00",876.555,877.87,875.02,877.87,877.87,0
"ISRG","Intuitive Surgical, Inc. - Common Stock","2021-06-18 19:00:00-04:00",877.0,877.46,875.01,877.46,877.46,0
"ISRG","Intuitive Surgical, Inc. - Common Stock","2021-06-21 06:00:00-04:00",878.0,878.0,878.0,878.0,878.0,0
"ISRG","Intuitive Surgical, Inc. - Common Stock","2021-06-21 07:00:00-04:00",880.27,880.27,880.27,880.27,880.27,0
"ISRG","Intuitive Surgical, Inc. - Common Stock","2021-06-21 08:00:00-04:00",881.87,881.87,871.005,880.7,880.7,0
"ISRG","Intuitive Surgical, Inc. - Common Stock","2021-06-21 09:30:00-04:00",884.8599853515625,896.489990234375,875.5800170898438,895.8900146484375,895.8900146484375,92706
"ISRG","Intuitive Surgical, Inc. - Common Stock","2021-06-21 10:30:00-04:00",896.0789794921875,900.9500122070312,895.530029296875,899.77001953125,899.77001953125,74403
"ISRG","Intuitive Surgical, Inc. - Common Stock","2021-06-21 11:30:00-04:00",899.5599975585938,899.5599975585938,894.8599853515625,897.6199951171875,897.6199951171875,34552
"ISRG","Intuitive Surgical, Inc. - Common Stock","2021-06-21 12:30:00-04:00",897.8900146484375,899.02001953125,895.219970703125,896.7000122070312,896.7000122070312,32519
"ISRG","Intuitive Surgical, Inc. - Common Stock","2021-06-21 13:30:00-04:00",896.7100219726562,899.8831787109375,894.27099609375,894.8300170898438,894.8300170898438,48696
"ISRG","Intuitive Surgical, Inc. - Common Stock","2021-06-21 14:30:00-04:00",895.5900268554688,895.8699951171875,893.9450073242188,894.6300048828125,894.6300048828125,43021
"ISRG","Intuitive Surgical, Inc. - Common Stock","2021-06-21 15:30:00-04:00",894.9000244140625,894.97998046875,892.8499755859375,894.0,894.0,53621
"ISRG","Intuitive Surgical, Inc. - Common Stock","2021-06-21 16:00:00-04:00",894.0,898.62,894.0,897.82,897.82,0
"ISRG","Intuitive Surgical, Inc. - Common Stock","2021-06-21 17:00:00-04:00",894.0,898.0,894.0,897.82,897.82,0
"ISRG","Intuitive Surgical, Inc. - Common Stock","2021-06-21 19:00:00-04:00",900.05,900.05,900.05,900.05,900.05,0
"ISRG","Intuitive Surgical, Inc. - Common Stock","2021-06-22 04:00:00-04:00",894.2,894.2,894.0,894.0,894.0,0
"ISRG","Intuitive Surgical, Inc. - Common Stock","2021-06-22 07:00:00-04:00",898.9,898.9,898.9,898.9,898.9,0
"ISRG","Intuitive Surgical, Inc. - Common Stock","2021-06-22 08:00:00-04:00",901.66,901.66,894.0,895.01,895.01,0
"ISRG","Intuitive Surgical, Inc. - Common Stock","2021-06-22 09:30:00-04:00",895.27001953125,898.989990234375,889.1699829101562,890.9000244140625,890.9000244140625,55042
"ISRG","Intuitive Surgical, Inc. - Common Stock","2021-06-22 10:30:00-04:00",890.9000244140625,894.27001953125,887.0750122070312,893.8900146484375,893.8900146484375,57560
"ISRG","Intuitive Surgical, Inc. - Common Stock","2021-06-22 11:30:00-04:00",893.239990234375,903.0,892.9299926757812,902.8300170898438,902.8300170898438,52926
"ISRG","Intuitive Surgical, Inc. - Common Stock","2021-06-22 12:30:00-04:00",902.6599731445312,903.0,899.27001953125,901.8699951171876,901.8699951171876,42495
"ISRG","Intuitive Surgical, Inc. - Common Stock","2021-06-22 13:30:00-04:00",901.6900024414062,901.8400268554688,898.6599731445312,899.3400268554688,899.3400268554688,50012
"ISRG","Intuitive Surgical, Inc. - Common Stock","2021-06-22 14:30:00-04:00",899.2849731445312,900.219970703125,898.4199829101562,899.3300170898438,899.3300170898438,43515
"ISRG","Intuitive Surgical, Inc. - Common Stock","2021-06-22 15:30:00-04:00",898.7899780273438,902.6500244140624,898.6400146484375,901.969970703125,901.969970703125,82766
"ISRG","Intuitive Surgical, Inc. - Common Stock","2021-06-22 16:00:00-04:00",901.97,902.0,901.959,901.96,901.96,0
"ISRG","Intuitive Surgical, Inc. - Common Stock","2021-06-22 17:00:00-04:00",901.9,907.0,901.9,901.9,901.9,0
"ISRG","Intuitive Surgical, Inc. - Common Stock","2021-06-22 18:00:00-04:00",901.7,901.9,901.7,901.9,901.9,0
"ISRG","Intuitive Surgical, Inc. - Common Stock","2021-06-22 19:00:00-04:00",903.0,905.0,901.9,901.9,901.9,0
"ISRG","Intuitive Surgical, Inc. - Common Stock","2021-06-23 05:00:00-04:00",905.0,905.0,905.0,905.0,905.0,0
"ISRG","Intuitive Surgical, Inc. - Common Stock","2021-06-23 06:00:00-04:00",901.0,901.0,893.5,901.0,901.0,0
"ISRG","Intuitive Surgical, Inc. - Common Stock","2021-06-23 07:00:00-04:00",901.0,901.0,900.95,900.95,900.95,0
"ISRG","Intuitive Surgical, Inc. - Common Stock","2021-06-23 08:00:00-04:00",900.74,902.65,900.74,901.96,901.96,0
"ISRG","Intuitive Surgical, Inc. - Common Stock","2021-06-23 09:00:00-04:00",903.0,903.0,900.0,900.0,900.0,0
"ISRG","Intuitive Surgical, Inc. - Common Stock","2021-06-23 09:30:00-04:00",900.0,907.4400024414062,899.1900024414062,907.0599975585938,907.0599975585938,73042
"ISRG","Intuitive Surgical, Inc. - Common Stock","2021-06-23 10:30:00-04:00",906.8800048828124,909.5800170898438,905.655029296875,908.0399780273438,908.0399780273438,90270
"ISRG","Intuitive Surgical, Inc. - Common Stock","2021-06-23 11:30:00-04:00",908.385009765625,911.35498046875,906.0999755859376,909.7899780273438,909.7899780273438,48609
"ISRG","Intuitive Surgical, Inc. - Common Stock","2021-06-23 12:30:00-04:00",909.969970703125,909.969970703125,905.7449951171876,908.4500122070312,908.4500122070312,38727
"ISRG","Intuitive Surgical, Inc. - Common Stock","2021-06-23 13:30:00-04:00",908.0800170898438,908.5,903.5399780273438,904.0739135742188,904.0739135742188,43531
"ISRG","Intuitive Surgical, Inc. - Common Stock","2021-06-23 14:30:00-04:00",903.9299926757812,907.4600219726562,903.8250122070312,907.4450073242188,907.4450073242188,29713
"ISRG","Intuitive Surgical, Inc. - Common Stock","2021-06-23 15:30:00-04:00",907.5980224609376,907.6099853515624,904.6500244140624,905.4199829101562,905.4199829101562,55529
"ISRG","Intuitive Surgical, Inc. - Common Stock","2021-06-23 16:00:00-04:00",905.42,909.03,905.42,905.42,905.42,0
"ISRG","Intuitive Surgical, Inc. - Common Stock","2021-06-24 04:00:00-04:00",902.0,902.0,902.0,902.0,902.0,0
"ISRG","Intuitive Surgical, Inc. - Common Stock","2021-06-24 06:00:00-04:00",905.72,905.72,905.72,905.72,905.72,0
"ISRG","Intuitive Surgical, Inc. - Common Stock","2021-06-24 08:00:00-04:00",909.0,915.99,907.683,914.0,914.0,0
"ISRG","Intuitive Surgical, Inc. - Common Stock","2021-06-24 09:00:00-04:00",911.64,915.97,905.42,913.59,913.59,0
"ISRG","Intuitive Surgical, Inc. - Common Stock","2021-06-24 09:30:00-04:00",913.2899780273438,913.7100219726562,906.010009765625,906.9550170898438,906.9550170898438,52652
"ISRG","Intuitive Surgical, Inc. - Common Stock","2021-06-24 10:30:00-04:00",906.8699951171876,908.97998046875,900.3599853515625,904.5,904.5,52620
"ISRG","Intuitive Surgical, Inc. - Common Stock","2021-06-24 11:30:00-04:00",904.6799926757812,907.4099731445312,903.5599975585938,905.7999877929688,905.7999877929688,30947
"ISRG","Intuitive Surgical, Inc. - Common Stock","2021-06-24 12:30:00-04:00",906.0,906.3800048828124,903.2449951171876,904.6500244140624,904.6500244140624,27174
"ISRG","Intuitive Surgical, Inc. - Common Stock","2021-06-24 13:30:00-04:00",904.6699829101562,906.8900146484376,903.969970703125,906.4500122070312,906.4500122070312,44366
"ISRG","Intuitive Surgical, Inc. - Common Stock","2021-06-24 14:30:00-04:00",906.1599731445312,907.3800048828124,904.8400268554688,905.1950073242188,905.1950073242188,32577
"ISRG","Intuitive Surgical, Inc. - Common Stock","2021-06-24 15:30:00-04:00",905.25,906.469970703125,904.3300170898438,904.5900268554688,904.5900268554688,49598
"ISRG","Intuitive Surgical, Inc. - Common Stock","2021-06-24 16:00:00-04:00",904.57,910.785,904.5,904.5,904.5,0
"ISRG","Intuitive Surgical, Inc. - Common Stock","2021-06-24 17:00:00-04:00",904.57,905.0,904.57,905.0,905.0,0
"ISRG","Intuitive Surgical, Inc. - Common Stock","2021-06-24 18:00:00-04:00",904.1,904.1,904.1,904.1,904.1,0
"ISRG","Intuitive Surgical, Inc. - Common Stock","2021-06-25 05:00:00-04:00",904.7,904.7,904.7,904.7,904.7,0
"ISRG","Intuitive Surgical, Inc. - Common Stock","2021-06-25 07:00:00-04:00",904.57,904.57,904.57,904.57,904.57,0
"ISRG","Intuitive Surgical, Inc. - Common Stock","2021-06-25 08:00:00-04:00",905.22,905.22,904.1,904.57,904.57,0
"ISRG","Intuitive Surgical, Inc. - Common Stock","2021-06-25 09:00:00-04:00",906.39,906.44,904.57,906.44,906.44,0
"ISRG","Intuitive Surgical, Inc. - Common Stock","2021-06-25 09:30:00-04:00",905.0,911.1799926757812,905.0,911.1799926757812,911.1799926757812,42165
"ISRG","Intuitive Surgical, Inc. - Common Stock","2021-06-25 10:30:00-04:00",911.260009765625,912.1849975585938,907.3800048828124,907.5349731445312,907.5349731445312,31114
"ISRG","Intuitive Surgical, Inc. - Common Stock","2021-06-25 11:30:00-04:00",907.4071044921876,908.60498046875,905.969970703125,906.4500122070312,906.4500122070312,18147
"ISRG","Intuitive Surgical, Inc. - Common Stock","2021-06-25 12:30:00-04:00",906.4400024414062,907.52001953125,905.1199951171876,905.518798828125,905.518798828125,16835
"ISRG","Intuitive Surgical, Inc. - Common Stock","2021-06-25 13:30:00-04:00",905.2150268554688,907.3099975585938,904.8300170898438,907.3099975585938,907.3099975585938,27480
"ISRG","Intuitive Surgical, Inc. - Common Stock","2021-06-25 14:30:00-04:00",907.1199951171876,911.3400268554688,906.5999755859376,910.719970703125,910.719970703125,40720
"ISRG","Intuitive Surgical, Inc. - Common Stock","2021-06-25 15:30:00-04:00",910.9299926757812,911.2449951171876,903.6500244140624,908.5800170898438,908.5800170898438,90752
"ISRG","Intuitive Surgical, Inc. - Common Stock","2021-06-25 16:00:00-04:00",908.35,918.88,907.31,918.88,918.88,0
"ISRG","Intuitive Surgical, Inc. - Common Stock","2021-06-25 17:00:00-04:00",908.35,911.98,908.35,911.98,911.98,0
"ISRG","Intuitive Surgical, Inc. - Common Stock","2021-06-25 18:00:00-04:00",911.99,911.99,909.0,909.0,909.0,0
"ISRG","Intuitive Surgical, Inc. - Common Stock","2021-06-28 07:00:00-04:00",908.35,911.99,908.35,911.99,911.99,0
"ISRG","Intuitive Surgical, Inc. - Common Stock","2021-06-28 08:00:00-04:00",906.0,911.0,906.0,911.0,911.0,0
"ISRG","Intuitive Surgical, Inc. - Common Stock","2021-06-28 09:00:00-04:00",908.35,911.99,905.5,907.0,907.0,0
"ISRG","Intuitive Surgical, Inc. - Common Stock","2021-06-28 09:30:00-04:00",909.780029296875,914.5499877929688,906.2899780273438,909.3099975585938,909.3099975585938,68338
"ISRG","Intuitive Surgical, Inc. - Common Stock","2021-06-28 10:30:00-04:00",909.3900146484376,909.9395141601562,906.5750122070312,907.9199829101562,907.9199829101562,31754
"ISRG","Intuitive Surgical, Inc. - Common Stock","2021-06-28 11:30:00-04:00",908.1300048828124,909.4400024414062,906.0599975585938,906.4099731445312,906.4099731445312,48973
"ISRG","Intuitive Surgical, Inc. - Common Stock","2021-06-28 12:30:00-04:00",906.3350219726562,908.22998046875,904.5,906.75,906.75,40097
"ISRG","Intuitive Surgical, Inc. - Common Stock","2021-06-28 13:30:00-04:00",907.469970703125,909.02001953125,905.97998046875,909.02001953125,909.02001953125,31899
"ISRG","Intuitive Surgical, Inc. - Common Stock","2021-06-28 14:30:00-04:00",909.0499877929688,911.4299926757812,908.1099853515624,911.0349731445312,911.0349731445312,40930
"ISRG","Intuitive Surgical, Inc. - Common Stock","2021-06-28 15:30:00-04:00",910.9600219726562,914.3685913085938,910.9600219726562,912.52001953125,912.52001953125,63986
"ISRG","Intuitive Surgical, Inc. - Common Stock","2021-06-28 16:00:00-04:00",912.41,912.41,910.99,912.41,912.41,0
"ISRG","Intuitive Surgical, Inc. - Common Stock","2021-06-28 17:00:00-04:00",912.41,913.0,912.16,912.16,912.16,0
"ISRG","Intuitive Surgical, Inc. - Common Stock","2021-06-28 18:00:00-04:00",912.41,912.41,909.0,909.04,909.04,0
"ISRG","Intuitive Surgical, Inc. - Common Stock","2021-06-28 19:00:00-04:00",909.04,912.4,909.04,912.4,912.4,0
"ISRG","Intuitive Surgical, Inc. - Common Stock","2021-06-29 07:00:00-04:00",911.0,911.0,911.0,911.0,911.0,0
"ISRG","Intuitive Surgical, Inc. - Common Stock","2021-06-29 08:00:00-04:00",912.41,939.0,910.0,910.0,910.0,0
"ISRG","Intuitive Surgical, Inc. - Common Stock","2021-06-29 09:00:00-04:00",911.85,912.0,909.0,909.0,909.0,0
"ISRG","Intuitive Surgical, Inc. - Common Stock","2021-06-29 09:30:00-04:00",915.0,924.8200073242188,910.9801025390624,923.4500122070312,923.4500122070312,88625
"ISRG","Intuitive Surgical, Inc. - Common Stock","2021-06-29 10:30:00-04:00",923.4500122070312,925.7999877929688,922.6400146484376,923.6599731445312,923.6599731445312,62208
"ISRG","Intuitive Surgical, Inc. - Common Stock","2021-06-29 11:30:00-04:00",923.989990234375,926.0399780273438,920.1300048828124,923.719970703125,923.719970703125,58459
"ISRG","Intuitive Surgical, Inc. - Common Stock","2021-06-29 12:30:00-04:00",923.4500122070312,923.4500122070312,917.9500122070312,918.3800048828124,918.3800048828124,47482
"ISRG","Intuitive Surgical, Inc. - Common Stock","2021-06-29 13:30:00-04:00",918.0800170898438,920.1799926757812,917.1500244140624,918.9473266601562,918.9473266601562,25895
"ISRG","Intuitive Surgical, Inc. - Common Stock","2021-06-29 14:30:00-04:00",919.489990234375,919.8900146484376,917.27001953125,919.7150268554688,919.7150268554688,34984
"ISRG","Intuitive Surgical, Inc. - Common Stock","2021-06-29 15:30:00-04:00",919.5800170898438,921.97998046875,918.9400024414062,920.7100219726562,920.7100219726562,57559
"ISRG","Intuitive Surgical, Inc. - Common Stock","2021-06-29 16:00:00-04:00",920.72,920.72,919.0,920.72,920.72,0
"ISRG","Intuitive Surgical, Inc. - Common Stock","2021-06-29 17:00:00-04:00",920.72,920.72,920.5,920.72,920.72,0
"ISRG","Intuitive Surgical, Inc. - Common Stock","2021-06-30 18:00:00-04:00",920.0,922.0,918.0,920.0,920.0,0
"ISRG","Intuitive Surgical, Inc. - Common Stock","2021-07-01 04:00:00-04:00",925.0,925.0,925.0,925.0,925.0,0
"ISRG","Intuitive Surgical, Inc. - Common Stock","2021-07-01 07:00:00-04:00",925.0,925.0,919.64,919.64,919.64,0
"ISRG","Intuitive Surgical, Inc. - Common Stock","2021-07-01 08:00:00-04:00",919.92,919.93,919.64,919.93,919.93,0
"ISRG","Intuitive Surgical, Inc. - Common Stock","2021-07-01 09:00:00-04:00",919.64,919.64,919.64,919.64,919.64,0
"ISRG","Intuitive Surgical, Inc. - Common Stock","2021-07-01 09:30:00-04:00",917.530029296875,925.530029296875,916.489990234375,921.9400024414062,921.9400024414062,68352
"ISRG","Intuitive Surgical, Inc. - Common Stock","2021-07-01 10:30:00-04:00",922.6500244140624,923.780029296875,919.6799926757812,922.97998046875,922.97998046875,63268
"ISRG","Intuitive Surgical, Inc. - Common Stock","2021-07-01 11:30:00-04:00",923.4199829101562,924.780029296875,922.0,923.0800170898438,923.0800170898438,26723
"ISRG","Intuitive Surgical, Inc. - Common Stock","2021-07-01 12:30:00-04:00",923.0399780273438,924.3599853515624,921.8800048828124,923.8900146484376,923.8900146484376,32955
"ISRG","Intuitive Surgical, Inc. - Common Stock","2021-07-01 13:30:00-04:00",924.3049926757812,926.6300048828124,924.3049926757812,926.030029296875,926.030029296875,29097
"ISRG","Intuitive Surgical, Inc. - Common Stock","2021-07-01 14:30:00-04:00",926.239990234375,928.0,926.1400756835938,926.22998046875,926.22998046875,36182
"ISRG","Intuitive Surgical, Inc. - Common Stock","2021-07-01 15:30:00-04:00",926.47998046875,927.469970703125,924.6099853515624,927.4500122070312,927.4500122070312,46029
"ISRG","Intuitive Surgical, Inc. - Common Stock","2021-07-01 16:00:00-04:00",927.46,930.565,912.41,928.49,928.49,0
"ISRG","Intuitive Surgical, Inc. - Common Stock","2021-07-01 17:00:00-04:00",930.0,930.0,930.0,930.0,930.0,0
"ISRG","Intuitive Surgical, Inc. - Common Stock","2021-07-01 18:00:00-04:00",923.29,923.29,923.29,923.29,923.29,0
"ISRG","Intuitive Surgical, Inc. - Common Stock","2021-07-01 19:00:00-04:00",931.0,933.35,922.14,923.45,923.45,0
"ISRG","Intuitive Surgical, Inc. - Common Stock","2021-07-02 05:00:00-04:00",927.46,930.0,927.46,930.0,930.0,0
"ISRG","Intuitive Surgical, Inc. - Common Stock","2021-07-02 07:00:00-04:00",926.66,931.94,926.66,931.0,931.0,0
"ISRG","Intuitive Surgical, Inc. - Common Stock","2021-07-02 08:00:00-04:00",932.0,934.75,932.0,933.75,933.75,0
"ISRG","Intuitive Surgical, Inc. - Common Stock","2021-07-02 09:00:00-04:00",933.0,935.0,927.46,935.0,935.0,0
"ISRG","Intuitive Surgical, Inc. - Common Stock","2021-07-02 09:30:00-04:00",930.8800048828124,936.010009765625,930.3200073242188,930.5900268554688,930.5900268554688,51018
"ISRG","Intuitive Surgical, Inc. - Common Stock","2021-07-02 10:30:00-04:00",930.3300170898438,933.1500244140624,929.3099975585938,930.1099853515624,930.1099853515624,50561
"ISRG","Intuitive Surgical, Inc. - Common Stock","2021-07-02 11:30:00-04:00",930.1400146484376,933.6599731445312,929.5999755859376,933.0700073242188,933.0700073242188,23202
"ISRG","Intuitive Surgical, Inc. - Common Stock","2021-07-02 12:30:00-04:00",933.4500122070312,935.260009765625,933.3699951171876,934.1599731445312,934.1599731445312,22554
"ISRG","Intuitive Surgical, Inc. - Common Stock","2021-07-02 13:30:00-04:00",934.8049926757812,935.530029296875,934.4849853515624,935.47998046875,935.47998046875,21202
"ISRG","Intuitive Surgical, Inc. - Common Stock","2021-07-02 14:30:00-04:00",935.6400146484376,936.5499877929688,934.469970703125,936.4600219726562,936.4600219726562,23756
"ISRG","Intuitive Surgical, Inc. - Common Stock","2021-07-02 15:30:00-04:00",936.8599853515624,939.469970703125,936.5200805664062,938.1599731445312,938.1599731445312,69866
"ISRG","Intuitive Surgical, Inc. - Common Stock","2021-07-02 16:00:00-04:00",938.16,944.88,937.0,938.16,938.16,0
"ISRG","Intuitive Surgical, Inc. - Common Stock","2021-07-02 17:00:00-04:00",936.85,940.41,936.85,938.16,938.16,0
"ISRG","Intuitive Surgical, Inc. - Common Stock","2021-07-02 18:00:00-04:00",936.78,943.77,936.78,943.77,943.77,0
"ISRG","Intuitive Surgical, Inc. - Common Stock","2021-07-02 19:00:00-04:00",936.78,936.78,936.78,936.78,936.78,0
"ISRG","Intuitive Surgical, Inc. - Common Stock","2021-07-06 04:00:00-04:00",936.59,943.77,936.13,941.0,941.0,0
"ISRG","Intuitive Surgical, Inc. - Common Stock","2021-07-06 05:00:00-04:00",942.95,948.9,941.5,941.5,941.5,0
"ISRG","Intuitive Surgical, Inc. - Common Stock","2021-07-06 07:00:00-04:00",942.0,948.6,938.16,940.99,940.99,0
"ISRG","Intuitive Surgical, Inc. - Common Stock","2021-07-06 08:00:00-04:00",936.13,950.0,936.13,950.0,950.0,0
"ISRG","Intuitive Surgical, Inc. - Common Stock","2021-07-06 09:00:00-04:00",946.89,946.9,938.16,946.9,946.9,0
"ISRG","Intuitive Surgical, Inc. - Common Stock","2021-07-06 09:30:00-04:00",942.5499877929688,946.6699829101562,932.0,932.5499877929688,932.5499877929688,80019
"ISRG","Intuitive Surgical, Inc. - Common Stock","2021-07-06 10:30:00-04:00",932.1400146484376,939.8099975585938,927.469970703125,939.8099975585938,939.8099975585938,73951
"ISRG","Intuitive Surgical, Inc. - Common Stock","2021-07-06 11:30:00-04:00",939.0,943.5800170898438,937.7000122070312,943.4149780273438,943.4149780273438,58248
"ISRG","Intuitive Surgical, Inc. - Common Stock","2021-07-06 12:30:00-04:00",944.0399780273438,944.4000244140624,942.0999755859376,943.780029296875,943.780029296875,28165
"ISRG","Intuitive Surgical, Inc. - Common Stock","2021-07-06 13:30:00-04:00",944.02001953125,944.719970703125,942.030029296875,944.5999755859376,944.5999755859376,25175
"ISRG","Intuitive Surgical, Inc. - Common Stock","2021-07-06 14:30:00-04:00",944.989990234375,947.5,944.4199829101562,947.4000244140624,947.4000244140624,60644
"ISRG","Intuitive Surgical, Inc. - Common Stock","2021-07-06 15:30:00-04:00",947.344970703125,949.2899780273438,946.72998046875,948.1400146484376,948.1400146484376,107884
"ISRG","Intuitive Surgical, Inc. - Common Stock","2021-07-06 16:00:00-04:00",948.04,948.83,947.44,948.04,948.04,0
"ISRG","Intuitive Surgical, Inc. - Common Stock","2021-07-06 17:00:00-04:00",947.13,948.76,947.13,947.35,947.35,0
"ISRG","Intuitive Surgical, Inc. - Common Stock","2021-07-06 18:00:00-04:00",948.04,950.0,947.0,950.0,950.0,0
"ISRG","Intuitive Surgical, Inc. - Common Stock","2021-07-06 19:00:00-04:00",950.0,950.0,947.47,950.0,950.0,0
"ISRG","Intuitive Surgical, Inc. - Common Stock","2021-07-07 04:00:00-04:00",948.04,948.04,948.04,948.04,948.04,0
"ISRG","Intuitive Surgical, Inc. - Common Stock","2021-07-07 05:00:00-04:00",949.28,950.0,949.28,950.0,950.0,0
"ISRG","Intuitive Surgical, Inc. - Common Stock","2021-07-07 07:00:00-04:00",957.4,957.54,949.28,949.75,949.75,0
"ISRG","Intuitive Surgical, Inc. - Common Stock","2021-07-07 08:00:00-04:00",953.0,953.0,950.0,952.5,952.5,0
"ISRG","Intuitive Surgical, Inc. - Common Stock","2021-07-07 09:00:00-04:00",952.5,957.54,952.5,957.0,957.0,0
"ISRG","Intuitive Surgical, Inc. - Common Stock","2021-07-07 09:30:00-04:00",954.010009765625,960.8699951171876,952.7000122070312,956.52001953125,956.52001953125,98284
"ISRG","Intuitive Surgical, Inc. - Common Stock","2021-07-07 10:30:00-04:00",956.5800170898438,957.7794189453124,948.6849975585938,951.2899780273438,951.2899780273438,70333
"ISRG","Intuitive Surgical, Inc. - Common Stock","2021-07-07 11:30:00-04:00",951.3900146484376,954.0150146484376,949.9349975585938,950.1400146484376,950.1400146484376,70871
"ISRG","Intuitive Surgical, Inc. - Common Stock","2021-07-07 12:30:00-04:00",949.8699951171876,952.510009765625,949.75,952.510009765625,952.510009765625,32918
"ISRG","Intuitive Surgical, Inc. - Common Stock","2021-07-07 13:30:00-04:00",952.6300048828124,953.9650268554688,951.6840209960938,952.0349731445312,952.0349731445312,53106
"ISRG","Intuitive Surgical, Inc. - Common Stock","2021-07-07 14:30:00-04:00",952.1699829101562,956.0,951.539794921875,952.760009765625,952.760009765625,42466
"ISRG","Intuitive Surgical, Inc. - Common Stock","2021-07-07 15:30:00-04:00",952.6649780273438,955.25,951.780029296875,954.3800048828124,954.3800048828124,65244
"ISRG","Intuitive Surgical, Inc. - Common Stock","2021-07-07 16:00:00-04:00",954.69,957.37,954.69,957.37,957.37,0
"ISRG","Intuitive Surgical, Inc. - Common Stock","2021-07-07 17:00:00-04:00",954.7,957.37,954.0,954.69,954.69,0
"ISRG","Intuitive Surgical, Inc. - Common Stock","2021-07-07 18:00:00-04:00",957.3,957.3,957.3,957.3,957.3,0
"ISRG","Intuitive Surgical, Inc. - Common Stock","2021-07-07 19:00:00-04:00",954.69,965.06,954.13,960.0,960.0,0
"ISRG","Intuitive Surgical, Inc. - Common Stock","2021-07-08 04:00:00-04:00",954.13,954.13,948.28,948.28,948.28,0
"ISRG","Intuitive Surgical, Inc. - Common Stock","2021-07-08 05:00:00-04:00",953.87,953.87,947.79,947.79,947.79,0
"ISRG","Intuitive Surgical, Inc. - Common Stock","2021-07-08 06:00:00-04:00",941.01,953.85,938.62,940.1,940.1,0
"ISRG","Intuitive Surgical, Inc. - Common Stock","2021-07-08 07:00:00-04:00",938.0,954.69,938.0,944.2,944.2,0
"ISRG","Intuitive Surgical, Inc. - Common Stock","2021-07-08 08:00:00-04:00",942.87,943.58,916.01,916.01,916.01,0
"ISRG","Intuitive Surgical, Inc. - Common Stock","2021-07-08 09:00:00-04:00",940.0,949.1,932.95,939.43,939.43,0
"ISRG","Intuitive Surgical, Inc. - Common Stock","2021-07-08 09:30:00-04:00",941.239990234375,949.6799926757812,938.8200073242188,942.1300048828124,942.1300048828124,87704
"ISRG","Intuitive Surgical, Inc. - Common Stock","2021-07-08 10:30:00-04:00",943.5800170898438,946.5800170898438,936.3200073242188,944.8499755859376,944.8499755859376,80515
"ISRG","Intuitive Surgical, Inc. - Common Stock","2021-07-08 11:30:00-04:00",943.6599731445312,950.9500122070312,940.8150024414062,950.77001953125,950.77001953125,34733
"ISRG","Intuitive Surgical, Inc. - Common Stock","2021-07-08 12:30:00-04:00",950.6099853515624,952.1799926757812,949.0,950.5150146484376,950.5150146484376,58737
"ISRG","Intuitive Surgical, Inc. - Common Stock","2021-07-08 13:30:00-04:00",951.4600219726562,952.489990234375,949.5850219726562,950.135009765625,950.135009765625,23069
"ISRG","Intuitive Surgical, Inc. - Common Stock","2021-07-08 14:30:00-04:00",949.6300048828124,953.27001953125,949.6300048828124,951.3350219726562,951.3350219726562,22598
"ISRG","Intuitive Surgical, Inc. - Common Stock","2021-07-08 15:30:00-04:00",951.6900024414062,953.8099975585938,949.0700073242188,952.7000122070312,952.7000122070312,79181
"ISRG","Intuitive Surgical, Inc. - Common Stock","2021-07-08 16:00:00-04:00",952.93,960.0,948.9248,953.87,953.87,0
"ISRG","Intuitive Surgical, Inc. - Common Stock","2021-07-08 17:00:00-04:00",953.23,953.23,951.87,953.23,953.23,0
"ISRG","Intuitive Surgical, Inc. - Common Stock","2021-07-08 18:00:00-04:00",953.03,953.03,950.6,950.6,950.6,0
"ISRG","Intuitive Surgical, Inc. - Common Stock","2021-07-08 19:00:00-04:00",951.0,954.39,950.45,954.39,954.39,0
"ISRG","Intuitive Surgical, Inc. - Common Stock","2021-07-09 04:00:00-04:00",961.3,961.3,954.6,954.6,954.6,0
"ISRG","Intuitive Surgical, Inc. - Common Stock","2021-07-09 05:00:00-04:00",959.88,959.88,959.88,959.88,959.88,0
"ISRG","Intuitive Surgical, Inc. - Common Stock","2021-07-09 06:00:00-04:00",952.36,953.0,952.14,952.16,952.16,0
"ISRG","Intuitive Surgical, Inc. - Common Stock","2021-07-09 07:00:00-04:00",954.89,959.65,951.9,952.0,952.0,0
"ISRG","Intuitive Surgical, Inc. - Common Stock","2021-07-09 08:00:00-04:00",955.28,957.0,953.18,954.0,954.0,0
"ISRG","Intuitive Surgical, Inc. - Common Stock","2021-07-09 09:00:00-04:00",953.56,960.0,952.0,953.64,953.64,0
"ISRG","Intuitive Surgical, Inc. - Common Stock","2021-07-09 09:30:00-04:00",951.8699951171876,952.3400268554688,938.1599731445312,944.6900024414062,944.6900024414062,76270
"ISRG","Intuitive Surgical, Inc. - Common Stock","2021-07-09 10:30:00-04:00",943.5800170898438,953.6199951171876,942.489990234375,953.3599853515624,953.3599853515624,44504
"ISRG","Intuitive Surgical, Inc. - Common Stock","2021-07-09 11:30:00-04:00",953.030029296875,955.1900024414062,949.3099975585938,951.0900268554688,951.0900268554688,38575
"ISRG","Intuitive Surgical, Inc. - Common Stock","2021-07-09 12:30:00-04:00",951.0999755859376,952.9199829101562,949.6099853515624,951.6300048828124,951.6300048828124,22011
"ISRG","Intuitive Surgical, Inc. - Common Stock","2021-07-09 13:30:00-04:00",951.3300170898438,952.9600219726562,949.97998046875,949.97998046875,949.97998046875,25755
"ISRG","Intuitive Surgical, Inc. - Common Stock","2021-07-09 14:30:00-04:00",950.1199951171876,951.989990234375,949.5399780273438,951.60498046875,951.60498046875,29331
"ISRG","Intuitive Surgical, Inc. - Common Stock","2021-07-09 15:30:00-04:00",951.8699951171876,953.0800170898438,950.1799926757812,950.2999877929688,950.2999877929688,51599
"ISRG","Intuitive Surgical, Inc. - Common Stock","2021-07-09 16:00:00-04:00",950.78,952.62,948.99,948.99,948.99,0
"ISRG","Intuitive Surgical, Inc. - Common Stock","2021-07-09 17:00:00-04:00",949.0,949.0,948.0,948.0,948.0,0
"ISRG","Intuitive Surgical, Inc. - Common Stock","2021-07-09 18:00:00-04:00",948.99,950.44,948.95,949.0,949.0,0
"ISRG","Intuitive Surgical, Inc. - Common Stock","2021-07-09 19:00:00-04:00",947.0,956.0,947.0,950.44,950.44,0
"ISRG","Intuitive Surgical, Inc. - Common Stock","2021-07-12 04:00:00-04:00",942.0,950.78,942.0,950.78,950.78,0
"ISRG","Intuitive Surgical, Inc. - Common Stock","2021-07-12 07:00:00-04:00",950.78,950.78,944.69,944.69,944.69,0
"ISRG","Intuitive Surgical, Inc. - Common Stock","2021-07-12 08:00:00-04:00",939.01,950.78,939.01,950.5,950.5,0
"ISRG","Intuitive Surgical, Inc. - Common Stock","2021-07-12 09:30:00-04:00",954.3599853515624,954.5499877929688,946.52001953125,953.8499755859376,953.8499755859376,49533
"ISRG","Intuitive Surgical, Inc. - Common Stock","2021-07-12 10:30:00-04:00",954.1799926757812,959.489990234375,952.8699951171876,958.780029296875,958.780029296875,54632
"ISRG","Intuitive Surgical, Inc. - Common Stock","2021-07-12 11:30:00-04:00",959.1500244140624,960.0,957.6500244140624,958.6300048828124,958.6300048828124,35951
"ISRG","Intuitive Surgical, Inc. - Common Stock","2021-07-12 12:30:00-04:00",958.7249755859376,959.72998046875,956.875,958.364990234375,958.364990234375,28835
"ISRG","Intuitive Surgical, Inc. - Common Stock","2021-07-12 13:30:00-04:00",958.4724731445312,958.5900268554688,955.9299926757812,956.8300170898438,956.8300170898438,25755
"ISRG","Intuitive Surgical, Inc. - Common Stock","2021-07-12 14:30:00-04:00",957.4299926757812,958.719970703125,956.7100219726562,958.4349975585938,958.4349975585938,28693
"ISRG","Intuitive Surgical, Inc. - Common Stock","2021-07-12 15:30:00-04:00",958.77001953125,960.6699829101562,957.739990234375,959.0999755859376,959.0999755859376,55425
"ISRG","Intuitive Surgical, Inc. - Common Stock","2021-07-12 16:00:00-04:00",959.05,960.0,958.0,958.0,958.0,0
"ISRG","Intuitive Surgical, Inc. - Common Stock","2021-07-12 17:00:00-04:00",961.06,961.06,955.12,955.12,955.12,0
"ISRG","Intuitive Surgical, Inc. - Common Stock","2021-07-12 18:00:00-04:00",955.12,963.0,955.12,963.0,963.0,0
"ISRG","Intuitive Surgical, Inc. - Common Stock","2021-07-12 19:00:00-04:00",960.87,961.89,960.87,961.89,961.89,0
"ISRG","Intuitive Surgical, Inc. - Common Stock","2021-07-13 07:00:00-04:00",961.89,961.93,961.89,961.93,961.93,0
"ISRG","Intuitive Surgical, Inc. - Common Stock","2021-07-13 08:00:00-04:00",965.0,965.0,961.33,962.0,962.0,0
"ISRG","Intuitive Surgical, Inc. - Common Stock","2021-07-13 09:00:00-04:00",962.0,962.0,955.0,956.0,956.0,0
"ISRG","Intuitive Surgical, Inc. - Common Stock","2021-07-13 09:30:00-04:00",962.3200073242188,965.0,955.3099975585938,956.77001953125,956.77001953125,49219
"ISRG","Intuitive Surgical, Inc. - Common Stock","2021-07-13 10:30:00-04:00",957.4199829101562,965.0499877929688,956.4000244140624,964.5900268554688,964.5900268554688,28425
"ISRG","Intuitive Surgical, Inc. - Common Stock","2021-07-13 11:30:00-04:00",964.3099975585938,964.8300170898438,960.1400146484376,960.7100219726562,960.7100219726562,33272
"ISRG","Intuitive Surgical, Inc. - Common Stock","2021-07-13 12:30:00-04:00",960.844970703125,964.905029296875,958.2000122070312,959.4949951171876,959.4949951171876,33962
"ISRG","Intuitive Surgical, Inc. - Common Stock","2021-07-13 13:30:00-04:00",959.0800170898438,959.1099853515624,955.0,957.0499877929688,957.0499877929688,29606
"ISRG","Intuitive Surgical, Inc. - Common Stock","2021-07-13 14:30:00-04:00",956.6099853515624,957.9099731445312,954.8516845703124,956.8800048828124,956.8800048828124,22676
"ISRG","Intuitive Surgical, Inc. - Common Stock","2021-07-13 15:30:00-04:00",956.844970703125,959.010009765625,955.5,956.4000244140624,956.4000244140624,44628
"ISRG","Intuitive Surgical, Inc. - Common Stock","2021-07-13 16:00:00-04:00",956.25,956.65,956.0,956.0,956.0,0
"ISRG","Intuitive Surgical, Inc. - Common Stock","2021-07-13 17:00:00-04:00",956.0,964.935,956.0,964.935,964.935,0
"ISRG","Intuitive Surgical, Inc. - Common Stock","2021-07-13 18:00:00-04:00",960.0,960.0,960.0,960.0,960.0,0
"ISRG","Intuitive Surgical, Inc. - Common Stock","2021-07-13 19:00:00-04:00",956.25,957.0,950.61,957.0,957.0,0
"ISRG","Intuitive Surgical, Inc. - Common Stock","2021-07-14 07:00:00-04:00",960.0,960.0,957.37,957.46,957.46,0
"ISRG","Intuitive Surgical, Inc. - Common Stock","2021-07-14 08:00:00-04:00",958.0,958.0,957.29,957.59,957.59,0
"ISRG","Intuitive Surgical, Inc. - Common Stock","2021-07-14 09:00:00-04:00",958.0,968.87,956.4987,968.87,968.87,0
"ISRG","Intuitive Surgical, Inc. - Common Stock","2021-07-14 09:30:00-04:00",964.5599975585938,964.9550170898438,956.25,960.0,960.0,60588
"ISRG","Intuitive Surgical, Inc. - Common Stock","2021-07-14 10:30:00-04:00",961.0999755859376,961.97998046875,957.344970703125,957.635009765625,957.635009765625,37117
"ISRG","Intuitive Surgical, Inc. - Common Stock","2021-07-14 11:30:00-04:00",957.7600708007812,958.9500122070312,956.4099731445312,957.9099731445312,957.9099731445312,24416
"ISRG","Intuitive Surgical, Inc. - Common Stock","2021-07-14 12:30:00-04:00",958.1307983398438,958.27001953125,953.5999755859376,953.6749877929688,953.6749877929688,24929
"ISRG","Intuitive Surgical, Inc. - Common Stock","2021-07-14 13:30:00-04:00",953.5150146484376,957.3499755859376,953.5150146484376,956.1900024414062,956.1900024414062,18046
"ISRG","Intuitive Surgical, Inc. - Common Stock","2021-07-14 14:30:00-04:00",955.9299926757812,956.239990234375,952.17626953125,952.530029296875,952.530029296875,49299
"ISRG","Intuitive Surgical, Inc. - Common Stock","2021-07-14 15:30:00-04:00",952.6400146484376,956.27001953125,952.47998046875,955.989990234375,955.989990234375,64633
"ISRG","Intuitive Surgical, Inc. - Common Stock","2021-07-14 16:00:00-04:00",955.08,955.62,955.08,955.08,955.08,0
"ISRG","Intuitive Surgical, Inc. - Common Stock","2021-07-14 17:00:00-04:00",956.5,957.0,955.04,957.0,957.0,0
"ISRG","Intuitive Surgical, Inc. - Common Stock","2021-07-14 18:00:00-04:00",958.25,958.89,958.07,958.07,958.07,0
"ISRG","Intuitive Surgical, Inc. - Common Stock","2021-07-14 19:00:00-04:00",955.0,955.0,955.0,955.0,955.0,0
"ISRG","Intuitive Surgical, Inc. - Common Stock","2021-07-15 06:00:00-04:00",955.09,955.09,955.08,955.08,955.08,0
"ISRG","Intuitive Surgical, Inc. - Common Stock","2021-07-15 07:00:00-04:00",955.1,955.1,955.08,955.08,955.08,0
"ISRG","Intuitive Surgical, Inc. - Common Stock","2021-07-15 08:00:00-04:00",952.0,960.99,952.0,952.0,952.0,0
"ISRG","Intuitive Surgical, Inc. - Common Stock","2021-07-15 09:00:00-04:00",955.0,955.0,952.505,955.0,955.0,0
"ISRG","Intuitive Surgical, Inc. - Common Stock","2021-07-15 09:30:00-04:00",953.0700073242188,956.7000122070312,947.5549926757812,950.4600219726562,950.4600219726562,75215
"ISRG","Intuitive Surgical, Inc. - Common Stock","2021-07-15 10:30:00-04:00",951.6400146484376,958.47998046875,950.8599853515624,957.0700073242188,957.0700073242188,47721
"ISRG","Intuitive Surgical, Inc. - Common Stock","2021-07-15 11:30:00-04:00",957.510009765625,957.5900268554688,953.8099975585938,957.1199951171876,957.1199951171876,39569
"ISRG","Intuitive Surgical, Inc. - Common Stock","2021-07-15 12:30:00-04:00",956.7249755859376,958.9299926757812,954.5700073242188,955.3300170898438,955.3300170898438,26446
"ISRG","Intuitive Surgical, Inc. - Common Stock","2021-07-15 13:30:00-04:00",954.9400024414062,956.9500122070312,953.2999877929688,956.9500122070312,956.9500122070312,30175
"ISRG","Intuitive Surgical, Inc. - Common Stock","2021-07-15 14:30:00-04:00",956.4000244140624,956.9199829101562,953.9600219726562,954.6099853515624,954.6099853515624,30789
"ISRG","Intuitive Surgical, Inc. - Common Stock","2021-07-15 15:30:00-04:00",954.77001953125,957.3699951171876,952.239990234375,953.6300048828124,953.6300048828124,77745
"ISRG","Intuitive Surgical, Inc. - Common Stock","2021-07-15 16:00:00-04:00",953.58,955.0,945.0,955.0,955.0,0
"ISRG","Intuitive Surgical, Inc. - Common Stock","2021-07-15 18:00:00-04:00",953.33,953.66,953.33,953.66,953.66,0
"ISRG","Intuitive Surgical, Inc. - Common Stock","2021-07-15 19:00:00-04:00",953.76,954.0,953.0,953.66,953.66,0
"ISRG","Intuitive Surgical, Inc. - Common Stock","2021-07-16 05:00:00-04:00",953.65,953.65,953.65,953.65,953.65,0
"ISRG","Intuitive Surgical, Inc. - Common Stock","2021-07-16 08:00:00-04:00",976.2,976.2,953.66,954.02,954.02,0
"ISRG","Intuitive Surgical, Inc. - Common Stock","2021-07-16 09:30:00-04:00",955.6400146484376,955.760009765625,949.75,951.1099853515624,951.1099853515624,61975
"ISRG","Intuitive Surgical, Inc. - Common Stock","2021-07-16 10:30:00-04:00",950.85498046875,956.489990234375,950.22998046875,952.5599975585938,952.5599975585938,39318
"ISRG","Intuitive Surgical, Inc. - Common Stock","2021-07-16 11:30:00-04:00",951.6799926757812,958.9099731445312,951.4099731445312,957.4450073242188,957.4450073242188,39914
"ISRG","Intuitive Surgical, Inc. - Common Stock","2021-07-16 12:30:00-04:00",957.489990234375,957.9299926757812,952.0,954.1099853515624,954.1099853515624,34870
"ISRG","Intuitive Surgical, Inc. - Common Stock","2021-07-16 13:30:00-04:00",953.9299926757812,955.1599731445312,950.8350219726562,953.9099731445312,953.9099731445312,25625
"ISRG","Intuitive Surgical, Inc. - Common Stock","2021-07-16 14:30:00-04:00",954.0700073242188,954.219970703125,950.75,951.47998046875,951.47998046875,30131
"ISRG","Intuitive Surgical, Inc. - Common Stock","2021-07-16 15:30:00-04:00",951.0206909179688,952.5999755859376,949.3400268554688,949.5609741210938,949.5609741210938,64570
"ISRG","Intuitive Surgical, Inc. - Common Stock","2021-07-16 16:00:00-04:00",950.11,950.11,950.0,950.11,950.11,0
"ISRG","Intuitive Surgical, Inc. - Common Stock","2021-07-16 17:00:00-04:00",949.1,949.1,949.0,949.0,949.0,0
"ISRG","Intuitive Surgical, Inc. - Common Stock","2021-07-16 18:00:00-04:00",949.75,949.75,949.0,949.0,949.0,0
"ISRG","Intuitive Surgical, Inc. - Common Stock","2021-07-16 19:00:00-04:00",949.75,976.66,941.01,976.66,976.66,0
"ISRG","Intuitive Surgical, Inc. - Common Stock","2021-07-19 05:00:00-04:00",948.79,948.79,942.5,942.5,942.5,0
"ISRG","Intuitive Surgical, Inc. - Common Stock","2021-07-19 06:00:00-04:00",941.16,943.39,941.16,943.39,943.39,0
"ISRG","Intuitive Surgical, Inc. - Common Stock","2021-07-19 07:00:00-04:00",943.39,948.0,942.52,942.79,942.79,0
"ISRG","Intuitive Surgical, Inc. - Common Stock","2021-07-19 08:00:00-04:00",942.39,950.11,932.3,941.81,941.81,0
"ISRG","Intuitive Surgical, Inc. - Common Stock","2021-07-19 09:00:00-04:00",941.07,944.0,926.0,943.0,943.0,0
"ISRG","Intuitive Surgical, Inc. - Common Stock","2021-07-19 09:30:00-04:00",944.0,944.0,929.3800048828124,933.08251953125,933.08251953125,134036
"ISRG","Intuitive Surgical, Inc. - Common Stock","2021-07-19 10:30:00-04:00",932.905029296875,937.155029296875,926.9500122070312,936.7899780273438,936.7899780273438,99675
"ISRG","Intuitive Surgical, Inc. - Common Stock","2021-07-19 11:30:00-04:00",936.77001953125,941.5800170898438,936.0,936.0,936.0,44072
"ISRG","Intuitive Surgical, Inc. - Common Stock","2021-07-19 12:30:00-04:00",935.1699829101562,935.1699829101562,927.6599731445312,929.5599975585938,929.5599975585938,65035
"ISRG","Intuitive Surgical, Inc. - Common Stock","2021-07-19 13:30:00-04:00",927.739990234375,933.7349853515624,926.47998046875,932.9849853515624,932.9849853515624,72133
"ISRG","Intuitive Surgical, Inc. - Common Stock","2021-07-19 14:30:00-04:00",932.3499755859376,932.6799926757812,927.969970703125,929.3200073242188,929.3200073242188,76930
"ISRG","Intuitive Surgical, Inc. - Common Stock","2021-07-19 15:30:00-04:00",930.0,932.9099731445312,927.4099731445312,932.9099731445312,932.9099731445312,89890
"ISRG","Intuitive Surgical, Inc. - Common Stock","2021-07-19 16:00:00-04:00",932.19,940.0,930.03,934.5,934.5,0
"ISRG","Intuitive Surgical, Inc. - Common Stock","2021-07-19 17:00:00-04:00",949.99,949.99,935.0,936.86,936.86,0
"ISRG","Intuitive Surgical, Inc. - Common Stock","2021-07-19 18:00:00-04:00",945.0,945.0,934.0,941.98,941.98,0
"ISRG","Intuitive Surgical, Inc. - Common Stock","2021-07-19 19:00:00-04:00",939.95,939.99,933.0,939.95,939.95,0
"ISRG","Intuitive Surgical, Inc. - Common Stock","2021-07-20 04:00:00-04:00",934.5,934.5,934.5,934.5,934.5,0
"ISRG","Intuitive Surgical, Inc. - Common Stock","2021-07-20 07:00:00-04:00",944.0,944.0,940.0,940.0,940.0,0
"ISRG","Intuitive Surgical, Inc. - Common Stock","2021-07-20 08:00:00-04:00",940.0,943.87,937.0,939.0,939.0,0
"ISRG","Intuitive Surgical, Inc. - Common Stock","2021-07-20 09:00:00-04:00",937.87,946.64,932.19,943.0,943.0,0
"ISRG","Intuitive Surgical, Inc. - Common Stock","2021-07-20 09:30:00-04:00",934.9500122070312,951.4000244140624,928.9299926757812,950.2999877929688,950.2999877929688,115462
"ISRG","Intuitive Surgical, Inc. - Common Stock","2021-07-20 10:30:00-04:00",950.2999877929688,957.2550048828124,950.2999877929688,955.1599731445312,955.1599731445312,106416
"ISRG","Intuitive Surgical, Inc. - Common Stock","2021-07-20 11:30:00-04:00",955.8400268554688,958.0,953.9600219726562,957.5,957.5,68748
"ISRG","Intuitive Surgical, Inc. - Common Stock","2021-07-20 12:30:00-04:00",957.97998046875,961.4400024414062,957.7949829101562,960.25,960.25,64195
"ISRG","Intuitive Surgical, Inc. - Common Stock","2021-07-20 13:30:00-04:00",960.4149780273438,962.27001953125,958.4000244140624,960.0800170898438,960.0800170898438,68112
"ISRG","Intuitive Surgical, Inc. - Common Stock","2021-07-20 14:30:00-04:00",960.1749877929688,965.97998046875,958.5,960.6500244140624,960.6500244140624,132485
"ISRG","Intuitive Surgical, Inc. - Common Stock","2021-07-20 15:30:00-04:00",960.510009765625,961.47998046875,955.4500122070312,955.8800048828124,955.8800048828124,189733
"ISRG","Intuitive Surgical, Inc. - Common Stock","2021-07-20 16:00:00-04:00",955.05,995.0,950.0,985.1,985.1,0
"ISRG","Intuitive Surgical, Inc. - Common Stock","2021-07-20 17:00:00-04:00",985.0,989.0,955.05,984.5,984.5,0
"ISRG","Intuitive Surgical, Inc. - Common Stock","2021-07-20 18:00:00-04:00",985.0,988.0,982.5,983.0,983.0,0
"ISRG","Intuitive Surgical, Inc. - Common Stock","2021-07-20 19:00:00-04:00",984.0,985.0,982.5,983.0,983.0,0
"ISRG","Intuitive Surgical, Inc. - Common Stock","2021-07-21 04:00:00-04:00",997.77,997.77,997.77,997.77,997.77,0
"ISRG","Intuitive Surgical, Inc. - Common Stock","2021-07-21 05:00:00-04:00",990.0,997.77,976.0,994.73,994.73,0
"ISRG","Intuitive Surgical, Inc. - Common Stock","2021-07-21 06:00:00-04:00",994.0,998.57,989.0,998.57,998.57,0
"ISRG","Intuitive Surgical, Inc. - Common Stock","2021-07-21 07:00:00-04:00",998.57,998.57,981.0,984.0,984.0,0
"ISRG","Intuitive Surgical, Inc. - Common Stock","2021-07-21 08:00:00-04:00",985.0,1000.0,955.05,982.0,982.0,0
"ISRG","Intuitive Surgical, Inc. - Common Stock","2021-07-21 09:00:00-04:00",987.0,987.5,955.2716,984.0,984.0,0
"ISRG","Intuitive Surgical, Inc. - Common Stock","2021-07-21 09:30:00-04:00",985.0,987.27001953125,926.52001953125,936.364990234375,936.364990234375,294954
"ISRG","Intuitive Surgical, Inc. - Common Stock","2021-07-21 10:30:00-04:00",935.9749755859376,942.6099853515624,935.6199951171876,941.5,941.5,93454
"ISRG","Intuitive Surgical, Inc. - Common Stock","2021-07-21 11:30:00-04:00",941.3599853515624,943.97998046875,937.3699951171876,940.1699829101562,940.1699829101562,64708
"ISRG","Intuitive Surgical, Inc. - Common Stock","2021-07-21 12:30:00-04:00",940.1599731445312,940.3499755859376,933.9099731445312,935.8499755859376,935.8499755859376,60290
"ISRG","Intuitive Surgical, Inc. - Common Stock","2021-07-21 13:30:00-04:00",935.780029296875,940.5999755859376,933.6799926757812,939.8400268554688,939.8400268554688,54801
"ISRG","Intuitive Surgical, Inc. - Common Stock","2021-07-21 14:30:00-04:00",940.469970703125,946.1798095703124,937.5599975585938,938.4099731445312,938.4099731445312,85683
"ISRG","Intuitive Surgical, Inc. - Common Stock","2021-07-21 15:30:00-04:00",938.0599975585938,945.3200073242188,936.1699829101562,944.9400024414062,944.9400024414062,105688
"ISRG","Intuitive Surgical, Inc. - Common Stock","2021-07-21 16:00:00-04:00",944.94,946.0,944.0,945.0,945.0,0
"ISRG","Intuitive Surgical, Inc. - Common Stock","2021-07-21 17:00:00-04:00",944.2,945.89,944.2,945.44,945.44,0
"ISRG","Intuitive Surgical, Inc. - Common Stock","2021-07-21 18:00:00-04:00",945.0,945.89,945.0,945.44,945.44,0
"ISRG","Intuitive Surgical, Inc. - Common Stock","2021-07-21 19:00:00-04:00",945.44,945.98,944.3,945.98,945.98,0
"ISRG","Intuitive Surgical, Inc. - Common Stock","2021-07-22 04:00:00-04:00",945.5,945.5,945.5,945.5,945.5,0
"ISRG","Intuitive Surgical, Inc. - Common Stock","2021-07-22 05:00:00-04:00",950.95,950.95,947.52,950.93,950.93,0
"ISRG","Intuitive Surgical, Inc. - Common Stock","2021-07-22 06:00:00-04:00",950.93,950.93,945.98,945.98,945.98,0
"ISRG","Intuitive Surgical, Inc. - Common Stock","2021-07-22 07:00:00-04:00",950.95,953.0,944.94,949.01,949.01,0
"ISRG","Intuitive Surgical, Inc. - Common Stock","2021-07-22 08:00:00-04:00",949.99,949.99,930.0,944.94,944.94,0
"ISRG","Intuitive Surgical, Inc. - Common Stock","2021-07-22 09:00:00-04:00",945.0,950.0,941.5,945.99,945.99,0
"ISRG","Intuitive Surgical, Inc. - Common Stock","2021-07-22 09:30:00-04:00",951.2100219726562,968.47998046875,946.3200073242188,968.260009765625,968.260009765625,147615
"ISRG","Intuitive Surgical, Inc. - Common Stock","2021-07-22 10:30:00-04:00",967.3499755859376,974.2899780273438,966.390625,972.3499755859376,972.3499755859376,94448
"ISRG","Intuitive Surgical, Inc. - Common Stock","2021-07-22 11:30:00-04:00",972.1099853515624,974.9299926757812,969.10498046875,969.4500122070312,969.4500122070312,57096
"ISRG","Intuitive Surgical, Inc. - Common Stock","2021-07-22 12:30:00-04:00",969.1799926757812,971.5850219726562,966.9600219726562,970.6900024414062,970.6900024414062,43382
"ISRG","Intuitive Surgical, Inc. - Common Stock","2021-07-22 13:30:00-04:00",970.9400024414062,975.9199829101562,969.6400146484376,974.6900024414062,974.6900024414062,62035
"ISRG","Intuitive Surgical, Inc. - Common Stock","2021-07-22 14:30:00-04:00",974.8400268554688,974.969970703125,970.1900024414062,973.1599731445312,973.1599731445312,65646
"ISRG","Intuitive Surgical, Inc. - Common Stock","2021-07-22 15:30:00-04:00",973.1950073242188,974.8900146484376,971.8300170898438,973.9000244140624,973.9000244140624,82997
"ISRG","Intuitive Surgical, Inc. - Common Stock","2021-07-22 16:00:00-04:00",973.89,976.0,972.87,973.89,973.89,0
"ISRG","Intuitive Surgical, Inc. - Common Stock","2021-07-22 17:00:00-04:00",972.43,973.8,961.0,971.0,971.0,0
"ISRG","Intuitive Surgical, Inc. - Common Stock","2021-07-22 18:00:00-04:00",973.89,973.89,973.89,973.89,973.89,0
"ISRG","Intuitive Surgical, Inc. - Common Stock","2021-07-22 19:00:00-04:00",973.89,973.89,961.0,973.88,973.88,0
"ISRG","Intuitive Surgical, Inc. - Common Stock","2021-07-23 04:00:00-04:00",973.94,975.0,973.94,975.0,975.0,0
"ISRG","Intuitive Surgical, Inc. - Common Stock","2021-07-23 05:00:00-04:00",978.0,978.0,978.0,978.0,978.0,0
"ISRG","Intuitive Surgical, Inc. - Common Stock","2021-07-23 07:00:00-04:00",980.0,980.0,975.0,978.0,978.0,0
"ISRG","Intuitive Surgical, Inc. - Common Stock","2021-07-23 08:00:00-04:00",975.34,978.45,973.0,978.35,978.35,0
"ISRG","Intuitive Surgical, Inc. - Common Stock","2021-07-23 09:00:00-04:00",971.061,978.43,971.061,972.05,972.05,0
"ISRG","Intuitive Surgical, Inc. - Common Stock","2021-07-23 09:30:00-04:00",971.6400146484376,976.0900268554688,962.6199951171876,963.8499755859376,963.8499755859376,104684
"ISRG","Intuitive Surgical, Inc. - Common Stock","2021-07-23 10:30:00-04:00",964.405029296875,974.489990234375,962.52001953125,973.9298706054688,973.9298706054688,60203
"ISRG","Intuitive Surgical, Inc. - Common Stock","2021-07-23 11:30:00-04:00",973.9299926757812,976.1500244140624,973.4605102539062,975.0800170898438,975.0800170898438,43980
"ISRG","Intuitive Surgical, Inc. - Common Stock","2021-07-23 12:30:00-04:00",975.1900024414062,978.3900146484376,973.905029296875,977.6099853515624,977.6099853515624,34007
"ISRG","Intuitive Surgical, Inc. - Common Stock","2021-07-23 13:30:00-04:00",977.510009765625,978.25,975.8499755859376,977.2595825195312,977.2595825195312,47763
"ISRG","Intuitive Surgical, Inc. - Common Stock","2021-07-23 14:30:00-04:00",977.6099853515624,977.6099853515624,973.5225219726562,975.0599975585938,975.0599975585938,31150
"ISRG","Intuitive Surgical, Inc. - Common Stock","2021-07-23 15:30:00-04:00",975.219970703125,977.780029296875,974.9774780273438,975.6799926757812,975.6799926757812,67511
"ISRG","Intuitive Surgical, Inc. - Common Stock","2021-07-23 16:00:00-04:00",976.46,976.46,968.0,968.0,968.0,0
"ISRG","Intuitive Surgical, Inc. - Common Stock","2021-07-23 17:00:00-04:00",975.85,976.46,975.85,976.46,976.46,0
"ISRG","Intuitive Surgical, Inc. - Common Stock","2021-07-23 18:00:00-04:00",975.85,976.46,975.85,976.0,976.0,0
"ISRG","Intuitive Surgical, Inc. - Common Stock","2021-07-23 19:00:00-04:00",976.0,979.0,976.0,976.0,976.0,0
"ISRG","Intuitive Surgical, Inc. - Common Stock","2021-07-26 04:00:00-04:00",978.63,978.63,975.8,976.36,976.36,0
"ISRG","Intuitive Surgical, Inc. - Common Stock","2021-07-26 06:00:00-04:00",976.36,976.46,976.36,976.46,976.46,0
"ISRG","Intuitive Surgical, Inc. - Common Stock","2021-07-26 07:00:00-04:00",976.0,976.0,976.0,976.0,976.0,0
"ISRG","Intuitive Surgical, Inc. - Common Stock","2021-07-26 08:00:00-04:00",976.2,976.2,972.0,974.72,974.72,0
"ISRG","Intuitive Surgical, Inc. - Common Stock","2021-07-26 09:00:00-04:00",974.0,980.8,970.0,970.0,970.0,0
"ISRG","Intuitive Surgical, Inc. - Common Stock","2021-07-26 09:30:00-04:00",969.8300170898438,974.010009765625,954.9299926757812,954.97998046875,954.97998046875,91851
"ISRG","Intuitive Surgical, Inc. - Common Stock","2021-07-26 10:30:00-04:00",954.875,963.0499877929688,954.8599853515624,960.4661865234376,960.4661865234376,53999
"ISRG","Intuitive Surgical, Inc. - Common Stock","2021-07-26 11:30:00-04:00",962.47998046875,966.260009765625,956.6599731445312,956.75,956.75,94960
"ISRG","Intuitive Surgical, Inc. - Common Stock","2021-07-26 12:30:00-04:00",956.739990234375,962.2999877929688,954.25,961.4849853515624,961.4849853515624,62502
"ISRG","Intuitive Surgical, Inc. - Common Stock","2021-07-26 13:30:00-04:00",961.72998046875,964.0499877929688,961.4500122070312,963.6599731445312,963.6599731445312,34448
"ISRG","Intuitive Surgical, Inc. - Common Stock","2021-07-26 14:30:00-04:00",964.02001953125,965.8800048828124,963.1500244140624,964.72998046875,964.72998046875,54008
"ISRG","Intuitive Surgical, Inc. - Common Stock","2021-07-26 15:30:00-04:00",964.7550048828124,966.469970703125,962.8599853515624,965.75,965.75,75778
"ISRG","Intuitive Surgical, Inc. - Common Stock","2021-07-26 16:00:00-04:00",966.1,970.0,961.67,961.67,961.67,0
"ISRG","Intuitive Surgical, Inc. - Common Stock","2021-07-26 17:00:00-04:00",959.5,972.0,959.5,972.0,972.0,0
"ISRG","Intuitive Surgical, Inc. - Common Stock","2021-07-26 18:00:00-04:00",966.15,966.15,964.5,965.0,965.0,0
"ISRG","Intuitive Surgical, Inc. - Common Stock","2021-07-26 19:00:00-04:00",965.0,965.0,965.0,965.0,965.0,0
"ISRG","Intuitive Surgical, Inc. - Common Stock","2021-07-27 04:00:00-04:00",967.97,967.97,967.97,967.97,967.97,0
"ISRG","Intuitive Surgical, Inc. - Common Stock","2021-07-27 07:00:00-04:00",961.74,968.0,961.67,966.1,966.1,0
"ISRG","Intuitive Surgical, Inc. - Common Stock","2021-07-27 08:00:00-04:00",965.0,968.88,965.0,967.0,967.0,0
"ISRG","Intuitive Surgical, Inc. - Common Stock","2021-07-27 09:00:00-04:00",966.1,966.1,965.1,965.1,965.1,0
"ISRG","Intuitive Surgical, Inc. - Common Stock","2021-07-27 09:30:00-04:00",967.6300048828124,972.4600219726562,960.219970703125,969.5599975585938,969.5599975585938,57788
"ISRG","Intuitive Surgical, Inc. - Common Stock","2021-07-27 10:30:00-04:00",965.1400146484376,967.7100219726562,962.2449951171876,967.1900024414062,967.1900024414062,42706
"ISRG","Intuitive Surgical, Inc. - Common Stock","2021-07-27 11:30:00-04:00",967.0499877929688,970.8798828125,966.1500244140624,969.22998046875,969.22998046875,32331
"ISRG","Intuitive Surgical, Inc. - Common Stock","2021-07-27 12:30:00-04:00",969.22998046875,970.5999755859376,966.4600219726562,967.3099975585938,967.3099975585938,32002
"ISRG","Intuitive Surgical, Inc. - Common Stock","2021-07-27 13:30:00-04:00",967.1950073242188,968.6799926757812,965.0,967.0330200195312,967.0330200195312,36891
"ISRG","Intuitive Surgical, Inc. - Common Stock","2021-07-27 14:30:00-04:00",967.4000244140624,972.780029296875,967.4000244140624,972.1699829101562,972.1699829101562,40800
"ISRG","Intuitive Surgical, Inc. - Common Stock","2021-07-27 15:30:00-04:00",971.7100219726562,975.0999755859376,971.4644165039062,975.0999755859376,975.0999755859376,60012
"ISRG","Intuitive Surgical, Inc. - Common Stock","2021-07-27 16:00:00-04:00",974.38,980.0,973.33,973.37,973.37,0
"ISRG","Intuitive Surgical, Inc. - Common Stock","2021-07-27 17:00:00-04:00",975.0,975.0,975.0,975.0,975.0,0
"ISRG","Intuitive Surgical, Inc. - Common Stock","2021-07-27 18:00:00-04:00",975.0,975.0,971.61,972.61,972.61,0
"ISRG","Intuitive Surgical, Inc. - Common Stock","2021-07-27 19:00:00-04:00",971.26,971.26,967.29,967.29,967.29,0
"ISRG","Intuitive Surgical, Inc. - Common Stock","2021-07-28 04:00:00-04:00",974.0,975.08,974.0,975.08,975.08,0
"ISRG","Intuitive Surgical, Inc. - Common Stock","2021-07-28 05:00:00-04:00",974.0,974.0,974.0,974.0,974.0,0
"ISRG","Intuitive Surgical, Inc. - Common Stock","2021-07-28 07:00:00-04:00",975.08,975.74,969.18,975.74,975.74,0
"ISRG","Intuitive Surgical, Inc. - Common Stock","2021-07-28 08:00:00-04:00",975.23,975.76,974.87,975.43,975.43,0
"ISRG","Intuitive Surgical, Inc. - Common Stock","2021-07-28 09:00:00-04:00",975.0,976.45,974.8704,974.8704,974.8704,0
"ISRG","Intuitive Surgical, Inc. - Common Stock","2021-07-28 09:30:00-04:00",975.0800170898438,979.7000122070312,974.0,979.7000122070312,979.7000122070312,38870
"ISRG","Intuitive Surgical, Inc. - Common Stock","2021-07-28 10:30:00-04:00",979.4249877929688,980.0,974.2000122070312,975.5900268554688,975.5900268554688,26370
"ISRG","Intuitive Surgical, Inc. - Common Stock","2021-07-28 11:30:00-04:00",977.7999877929688,978.0399780273438,974.2000122070312,976.219970703125,976.219970703125,28363
"ISRG","Intuitive Surgical, Inc. - Common Stock","2021-07-28 12:30:00-04:00",976.469970703125,976.8900146484376,969.9600219726562,971.9199829101562,971.9199829101562,27489
"ISRG","Intuitive Surgical, Inc. - Common Stock","2021-07-28 13:30:00-04:00",972.239990234375,973.9550170898438,968.94287109375,973.010009765625,973.010009765625,24610
"ISRG","Intuitive Surgical, Inc. - Common Stock","2021-07-28 14:30:00-04:00",972.9000244140624,975.3599853515624,971.2550048828124,974.875,974.875,32877
"ISRG","Intuitive Surgical, Inc. - Common Stock","2021-07-28 15:30:00-04:00",975.0,975.5700073242188,971.8400268554688,971.8400268554688,971.8400268554688,63317
"ISRG","Intuitive Surgical, Inc. - Common Stock","2021-07-28 16:00:00-04:00",972.5,974.5,972.5,972.5,972.5,0
"ISRG","Intuitive Surgical, Inc. - Common Stock","2021-07-28 17:00:00-04:00",973.01,973.58,972.5,972.5,972.5,0
"ISRG","Intuitive Surgical, Inc. - Common Stock","2021-07-28 18:00:00-04:00",972.5,972.5,972.5,972.5,972.5,0
"ISRG","Intuitive Surgical, Inc. - Common Stock","2021-07-28 19:00:00-04:00",973.99,974.49,972.52,972.52,972.52,0
"ISRG","Intuitive Surgical, Inc. - Common Stock","2021-07-29 04:00:00-04:00",972.5,975.0,972.5,975.0,975.0,0
"ISRG","Intuitive Surgical, Inc. - Common Stock","2021-07-29 05:00:00-04:00",975.99,976.0,972.6,976.0,976.0,0
"ISRG","Intuitive Surgical, Inc. - Common Stock","2021-07-29 06:00:00-04:00",972.69,975.99,972.69,975.0,975.0,0
"ISRG","Intuitive Surgical, Inc. - Common Stock","2021-07-29 07:00:00-04:00",975.99,976.0,973.08,973.47,973.47,0
"ISRG","Intuitive Surgical, Inc. - Common Stock","2021-07-29 08:00:00-04:00",974.84,975.0,960.0,974.98,974.98,0
"ISRG","Intuitive Surgical, Inc. - Common Stock","2021-07-29 09:00:00-04:00",974.67,975.0,971.83,973.08,973.08,0
"ISRG","Intuitive Surgical, Inc. - Common Stock","2021-07-29 09:30:00-04:00",973.0,979.0800170898438,970.4099731445312,976.4000244140624,976.4000244140624,46648
"ISRG","Intuitive Surgical, Inc. - Common Stock","2021-07-29 10:30:00-04:00",976.0272827148438,981.3400268554688,974.4199829101562,981.0250244140624,981.0250244140624,50005
"ISRG","Intuitive Surgical, Inc. - Common Stock","2021-07-29 11:30:00-04:00",980.6599731445312,981.9149780273438,978.5399780273438,980.3099975585938,980.3099975585938,32025
"ISRG","Intuitive Surgical, Inc. - Common Stock","2021-07-29 12:30:00-04:00",981.0800170898438,982.2999877929688,980.0399780273438,982.25,982.25,46002
"ISRG","Intuitive Surgical, Inc. - Common Stock","2021-07-29 13:30:00-04:00",982.5,983.1300048828124,978.02001953125,978.40478515625,978.40478515625,32335
"ISRG","Intuitive Surgical, Inc. - Common Stock","2021-07-29 14:30:00-04:00",978.6300048828124,981.6799926757812,977.6199951171876,981.219970703125,981.219970703125,37194
"ISRG","Intuitive Surgical, Inc. - Common Stock","2021-07-29 15:30:00-04:00",980.9000244140624,982.5999755859376,979.739990234375,981.0599975585938,981.0599975585938,36424
"ISRG","Intuitive Surgical, Inc. - Common Stock","2021-07-29 16:00:00-04:00",981.49,983.95,980.65,981.49,981.49,0
"ISRG","Intuitive Surgical, Inc. - Common Stock","2021-07-29 17:00:00-04:00",978.9,981.49,978.3,981.49,981.49,0
"ISRG","Intuitive Surgical, Inc. - Common Stock","2021-07-29 19:00:00-04:00",980.0,980.0,980.0,980.0,980.0,0
"ISRG","Intuitive Surgical, Inc. - Common Stock","2021-07-30 04:00:00-04:00",983.0,985.56,977.0,981.49,981.49,0
"ISRG","Intuitive Surgical, Inc. - Common Stock","2021-07-30 05:00:00-04:00",976.73,976.73,976.73,976.73,976.73,0
"ISRG","Intuitive Surgical, Inc. - Common Stock","2021-07-30 07:00:00-04:00",976.0,976.0,976.0,976.0,976.0,0
"ISRG","Intuitive Surgical, Inc. - Common Stock","2021-07-30 08:00:00-04:00",979.89,979.89,977.0,977.0,977.0,0
"ISRG","Intuitive Surgical, Inc. - Common Stock","2021-07-30 09:00:00-04:00",978.05,979.89,978.05,979.89,979.89,0
"ISRG","Intuitive Surgical, Inc. - Common Stock","2021-07-30 09:30:00-04:00",979.1099853515624,985.0,977.1199951171876,980.79931640625,980.79931640625,60808
"ISRG","Intuitive Surgical, Inc. - Common Stock","2021-07-30 10:30:00-04:00",981.6300048828124,985.1099853515624,980.3900146484376,984.6199951171876,984.6199951171876,41666
"ISRG","Intuitive Surgical, Inc. - Common Stock","2021-07-30 11:30:00-04:00",984.9400024414062,989.4849853515624,983.8400268554688,989.4849853515624,989.4849853515624,32139
"ISRG","Intuitive Surgical, Inc. - Common Stock","2021-07-30 12:30:00-04:00",989.60498046875,993.969970703125,988.7924194335938,992.72998046875,992.72998046875,48195
"ISRG","Intuitive Surgical, Inc. - Common Stock","2021-07-30 13:30:00-04:00",992.9199829101562,995.02001953125,992.9199829101562,993.6699829101562,993.6699829101562,46169
"ISRG","Intuitive Surgical, Inc. - Common Stock","2021-07-30 14:30:00-04:00",993.3800048828124,995.0900268554688,990.6199951171876,990.6199951171876,990.6199951171876,43968
"ISRG","Intuitive Surgical, Inc. - Common Stock","2021-07-30 15:30:00-04:00",990.2999877929688,992.489990234375,988.77001953125,992.0900268554688,992.0900268554688,72271
"ISRG","Intuitive Surgical, Inc. - Common Stock","2021-07-30 16:00:00-04:00",991.47,991.47,989.0,991.4,991.4,0
"ISRG","Intuitive Surgical, Inc. - Common Stock","2021-07-30 17:00:00-04:00",991.46,992.0,991.46,992.0,992.0,0
"ISRG","Intuitive Surgical, Inc. - Common Stock","2021-08-02 04:00:00-04:00",992.0,993.79,992.0,993.79,993.79,0
"ISRG","Intuitive Surgical, Inc. - Common Stock","2021-08-02 05:00:00-04:00",991.5,992.16,991.5,992.16,992.16,0
"ISRG","Intuitive Surgical, Inc. - Common Stock","2021-08-02 07:00:00-04:00",997.4,997.4,992.61,995.0,995.0,0
"ISRG","Intuitive Surgical, Inc. - Common Stock","2021-08-02 08:00:00-04:00",995.94,995.94,991.46,991.46,991.46,0
"ISRG","Intuitive Surgical, Inc. - Common Stock","2021-08-02 09:00:00-04:00",995.89,997.0,994.2,997.0,997.0,0
"ISRG","Intuitive Surgical, Inc. - Common Stock","2021-08-02 09:30:00-04:00",995.989990234375,998.0050048828124,986.030029296875,997.25,997.25,87225
"ISRG","Intuitive Surgical, Inc. - Common Stock","2021-08-02 10:30:00-04:00",997.9000244140624,998.6699829101562,994.760009765625,996.0214233398438,996.0214233398438,27916
"ISRG","Intuitive Surgical, Inc. - Common Stock","2021-08-02 11:30:00-04:00",997.1400146484376,997.344970703125,991.526123046875,991.5599975585938,991.5599975585938,24078
"ISRG","Intuitive Surgical, Inc. - Common Stock","2021-08-02 12:30:00-04:00",991.0499877929688,993.7794189453124,990.8099975585938,992.9400024414062,992.9400024414062,21038
"ISRG","Intuitive Surgical, Inc. - Common Stock","2021-08-02 13:30:00-04:00",992.1849975585938,992.1849975585938,988.47998046875,989.385009765625,989.385009765625,25424
"ISRG","Intuitive Surgical, Inc. - Common Stock","2021-08-02 14:30:00-04:00",989.1799926757812,991.989990234375,988.9199829101562,990.469970703125,990.469970703125,25025
"ISRG","Intuitive Surgical, Inc. - Common Stock","2021-08-02 15:30:00-04:00",990.1400146484376,992.5700073242188,988.6599731445312,992.5700073242188,992.5700073242188,52930
"ISRG","Intuitive Surgical, Inc. - Common Stock","2021-08-02 16:00:00-04:00",992.54,994.5,991.0,992.55,992.55,0
"ISRG","Intuitive Surgical, Inc. - Common Stock","2021-08-02 17:00:00-04:00",988.0,993.2,985.25,990.0,990.0,0
"ISRG","Intuitive Surgical, Inc. - Common Stock","2021-08-02 18:00:00-04:00",991.0,991.0,991.0,991.0,991.0,0
"ISRG","Intuitive Surgical, Inc. - Common Stock","2021-08-02 19:00:00-04:00",991.99,992.55,991.99,992.55,992.55,0
"ISRG","Intuitive Surgical, Inc. - Common Stock","2021-08-03 07:00:00-04:00",996.45,996.45,996.45,996.45,996.45,0
"ISRG","Intuitive Surgical, Inc. - Common Stock","2021-08-03 08:00:00-04:00",996.45,999.99,996.45,997.0,997.0,0
"ISRG","Intuitive Surgical, Inc. - Common Stock","2021-08-03 09:00:00-04:00",997.0,1000.0,993.15,997.0,997.0,0
"ISRG","Intuitive Surgical, Inc. - Common Stock","2021-08-03 09:30:00-04:00",995.030029296875,1001.0,990.5900268554688,993.89501953125,993.89501953125,56750
"ISRG","Intuitive Surgical, Inc. - Common Stock","2021-08-03 10:30:00-04:00",994.5499877929688,994.5499877929688,989.0401000976562,989.0401000976562,989.0401000976562,28269
"ISRG","Intuitive Surgical, Inc. - Common Stock","2021-08-03 11:30:00-04:00",990.655029296875,999.1199951171876,990.010009765625,993.6799926757812,993.6799926757812,27222
"ISRG","Intuitive Surgical, Inc. - Common Stock","2021-08-03 12:30:00-04:00",994.1799926757812,996.8699951171876,993.030029296875,996.4149780273438,996.4149780273438,20801
"ISRG","Intuitive Surgical, Inc. - Common Stock","2021-08-03 13:30:00-04:00",996.6749877929688,998.1300048828124,994.9949951171876,997.7775268554688,997.7775268554688,21230
"ISRG","Intuitive Surgical, Inc. - Common Stock","2021-08-03 14:30:00-04:00",997.7899780273438,999.655029296875,997.2100219726562,998.469970703125,998.469970703125,46193
"ISRG","Intuitive Surgical, Inc. - Common Stock","2021-08-03 15:30:00-04:00",998.3350219726562,1000.8800048828124,998.2449951171876,999.5999755859376,999.5999755859376,59998
"ISRG","Intuitive Surgical, Inc. - Common Stock","2021-08-03 16:00:00-04:00",999.61,1000.7,999.61,1000.7,1000.7,0
"ISRG","Intuitive Surgical, Inc. - Common Stock","2021-08-03 17:00:00-04:00",1000.7,1000.7,1000.7,1000.7,1000.7,0
"ISRG","Intuitive Surgical, Inc. - Common Stock","2021-08-03 18:00:00-04:00",1000.7,1000.7,998.3,998.3,998.3,0
"ISRG","Intuitive Surgical, Inc. - Common Stock","2021-08-03 19:00:00-04:00",1000.7,1003.09,999.0,999.6,999.6,0
"ISRG","Intuitive Surgical, Inc. - Common Stock","2021-08-04 04:00:00-04:00",999.63,999.63,999.63,999.63,999.63,0
"ISRG","Intuitive Surgical, Inc. - Common Stock","2021-08-04 05:00:00-04:00",999.61,999.61,999.61,999.61,999.61,0
"ISRG","Intuitive Surgical, Inc. - Common Stock","2021-08-04 07:00:00-04:00",999.61,1004.0,999.61,1000.0,1000.0,0
"ISRG","Intuitive Surgical, Inc. - Common Stock","2021-08-04 08:00:00-04:00",1000.04,1001.0,999.0,999.0,999.0,0
"ISRG","Intuitive Surgical, Inc. - Common Stock","2021-08-04 09:00:00-04:00",999.0,1001.5,998.3,1000.0,1000.0,0
"ISRG","Intuitive Surgical, Inc. - Common Stock","2021-08-04 09:30:00-04:00",1000.0,1002.0,993.1599731445312,993.1599731445312,993.1599731445312,50902
"ISRG","Intuitive Surgical, Inc. - Common Stock","2021-08-04 10:30:00-04:00",993.0999755859376,995.4199829101562,991.8200073242188,993.030029296875,993.030029296875,31069
"ISRG","Intuitive Surgical, Inc. - Common Stock","2021-08-04 11:30:00-04:00",993.4099731445312,997.0499877929688,993.2849731445312,995.469970703125,995.469970703125,34272
"ISRG","Intuitive Surgical, Inc. - Common Stock","2021-08-04 12:30:00-04:00",995.0599975585938,997.1900024414062,993.4199829101562,995.5399780273438,995.5399780273438,30065
"ISRG","Intuitive Surgical, Inc. - Common Stock","2021-08-04 13:30:00-04:00",995.8499755859376,997.5399780273438,993.8499755859376,995.25,995.25,30076
"ISRG","Intuitive Surgical, Inc. - Common Stock","2021-08-04 14:30:00-04:00",995.6699829101562,996.1115112304688,993.8099975585938,994.7750244140624,994.7750244140624,63708
"ISRG","Intuitive Surgical, Inc. - Common Stock","2021-08-04 15:30:00-04:00",994.5399780273438,995.22998046875,989.7349853515624,990.3400268554688,990.3400268554688,126199
"ISRG","Intuitive Surgical, Inc. - Common Stock","2021-08-04 16:00:00-04:00",990.88,994.2569,989.0,990.0,990.0,0
"ISRG","Intuitive Surgical, Inc. - Common Stock","2021-08-04 17:00:00-04:00",990.88,990.95,990.88,990.95,990.95,0
"ISRG","Intuitive Surgical, Inc. - Common Stock","2021-08-04 18:00:00-04:00",991.0,991.0,984.0,989.48,989.48,0
"ISRG","Intuitive Surgical, Inc. - Common Stock","2021-08-04 19:00:00-04:00",990.0,990.0,988.01,989.99,989.99,0
"ISRG","Intuitive Surgical, Inc. - Common Stock","2021-08-05 04:00:00-04:00",990.99,990.99,989.0,990.88,990.88,0
"ISRG","Intuitive Surgical, Inc. - Common Stock","2021-08-05 07:00:00-04:00",992.99,992.99,992.99,992.99,992.99,0
"ISRG","Intuitive Surgical, Inc. - Common Stock","2021-08-05 08:00:00-04:00",998.2,998.2,990.88,993.2,993.2,0
"ISRG","Intuitive Surgical, Inc. - Common Stock","2021-08-05 09:00:00-04:00",994.0,1028.85,993.2,1028.0,1028.0,0
"ISRG","Intuitive Surgical, Inc. - Common Stock","2021-08-05 09:30:00-04:00",1012.0,1024.0,1001.0599975585938,1006.2550048828124,1006.2550048828124,140651
"ISRG","Intuitive Surgical, Inc. - Common Stock","2021-08-05 10:30:00-04:00",1006.3699951171876,1007.0150146484376,998.6799926757812,1000.25,1000.25,91762
"ISRG","Intuitive Surgical, Inc. - Common Stock","2021-08-05 11:30:00-04:00",1000.1599731445312,1011.739990234375,999.594970703125,1009.5700073242188,1009.5700073242188,62179
"ISRG","Intuitive Surgical, Inc. - Common Stock","2021-08-05 12:30:00-04:00",1009.7000122070312,1013.5,1007.4299926757812,1012.1900024414062,1012.1900024414062,33991
"ISRG","Intuitive Surgical, Inc. - Common Stock","2021-08-05 13:30:00-04:00",1013.02001953125,1015.8350219726562,1011.8156127929688,1015.4299926757812,1015.4299926757812,39109
"ISRG","Intuitive Surgical, Inc. - Common Stock","2021-08-05 14:30:00-04:00",1015.469970703125,1019.6900024414062,1015.469970703125,1017.2999877929688,1017.2999877929688,92386
"ISRG","Intuitive Surgical, Inc. - Common Stock","2021-08-05 15:30:00-04:00",1017.5599975585938,1019.8300170898438,1016.7899780273438,1018.75,1018.75,53177
"ISRG","Intuitive Surgical, Inc. - Common Stock","2021-08-05 16:00:00-04:00",1019.1,1026.0,1018.24,1020.0,1020.0,0
"ISRG","Intuitive Surgical, Inc. - Common Stock","2021-08-05 17:00:00-04:00",1019.57,1024.97,1019.1,1023.0,1023.0,0
"ISRG","Intuitive Surgical, Inc. - Common Stock","2021-08-05 18:00:00-04:00",1023.83,1024.97,1022.13,1022.13,1022.13,0
"ISRG","Intuitive Surgical, Inc. - Common Stock","2021-08-05 19:00:00-04:00",1021.01,1023.79,1020.0,1020.0,1020.0,0
"ISRG","Intuitive Surgical, Inc. - Common Stock","2021-08-06 04:00:00-04:00",1022.0,1026.0,1022.0,1026.0,1026.0,0
"ISRG","Intuitive Surgical, Inc. - Common Stock","2021-08-06 05:00:00-04:00",1032.0,1032.0,1020.13,1021.82,1021.82,0
"ISRG","Intuitive Surgical, Inc. - Common Stock","2021-08-06 06:00:00-04:00",1023.93,1023.93,1023.93,1023.93,1023.93,0
"ISRG","Intuitive Surgical, Inc. - Common Stock","2021-08-06 07:00:00-04:00",1020.14,1033.0,1020.01,1021.04,1021.04,0
"ISRG","Intuitive Surgical, Inc. - Common Stock","2021-08-06 08:00:00-04:00",1029.5,1033.0,1020.0,1028.75,1028.75,0
"ISRG","Intuitive Surgical, Inc. - Common Stock","2021-08-06 09:00:00-04:00",1028.75,1028.87,1021.0,1022.03,1022.03,0
"ISRG","Intuitive Surgical, Inc. - Common Stock","2021-08-06 09:30:00-04:00",1020.0,1020.5999755859376,1007.239990234375,1010.0,1010.0,87839
"ISRG","Intuitive Surgical, Inc. - Common Stock","2021-08-06 10:30:00-04:00",1010.260009765625,1017.6649780273438,1010.0700073242188,1017.60498046875,1017.60498046875,52223
"ISRG","Intuitive Surgical, Inc. - Common Stock","2021-08-06 11:30:00-04:00",1017.12451171875,1019.5399780273438,1014.3900146484376,1019.3099975585938,1019.3099975585938,35627
"ISRG","Intuitive Surgical, Inc. - Common Stock","2021-08-06 12:30:00-04:00",1019.3300170898438,1023.3499755859376,1017.8192138671876,1022.6500854492188,1022.6500854492188,35437
"ISRG","Intuitive Surgical, Inc. - Common Stock","2021-08-06 13:30:00-04:00",1022.5740966796876,1027.739990234375,1022.510009765625,1025.0450439453125,1025.0450439453125,64737
"ISRG","Intuitive Surgical, Inc. - Common Stock","2021-08-06 14:30:00-04:00",1025.0899658203125,1027.4000244140625,1024.9000244140625,1027.219970703125,1027.219970703125,39739
"ISRG","Intuitive Surgical, Inc. - Common Stock","2021-08-06 15:30:00-04:00",1027.1400146484375,1030.482177734375,1026.72998046875,1030.030029296875,1030.030029296875,109747
"ISRG","Intuitive Surgical, Inc. - Common Stock","2021-08-06 16:00:00-04:00",1030.02,1034.81,1030.019,1033.55,1033.55,0
"ISRG","Intuitive Surgical, Inc. - Common Stock","2021-08-06 17:00:00-04:00",1048.87,1048.87,1030.28,1033.55,1033.55,0
"ISRG","Intuitive Surgical, Inc. - Common Stock","2021-08-06 18:00:00-04:00",1033.55,1034.0,1030.0,1033.9,1033.9,0
"ISRG","Intuitive Surgical, Inc. - Common Stock","2021-08-06 19:00:00-04:00",1034.0,1034.0,1029.0,1033.95,1033.95,0
"ISRG","Intuitive Surgical, Inc. - Common Stock","2021-08-09 04:00:00-04:00",1030.0,1033.57,1030.0,1033.0,1033.0,0
"ISRG","Intuitive Surgical, Inc. - Common Stock","2021-08-09 05:00:00-04:00",1033.0,1033.75,1033.0,1033.75,1033.75,0
"ISRG","Intuitive Surgical, Inc. - Common Stock","2021-08-09 06:00:00-04:00",1035.0,1045.42,1033.75,1035.75,1035.75,0
"ISRG","Intuitive Surgical, Inc. - Common Stock","2021-08-09 07:00:00-04:00",1040.0,1040.0,1025.77,1031.0,1031.0,0
"ISRG","Intuitive Surgical, Inc. - Common Stock","2021-08-09 08:00:00-04:00",1030.0,1050.0,1028.12,1032.36,1032.36,0
"ISRG","Intuitive Surgical, Inc. - Common Stock","2021-08-09 09:00:00-04:00",1035.0,1050.0,1029.81,1033.0,1033.0,0
"ISRG","Intuitive Surgical, Inc. - Common Stock","2021-08-09 09:30:00-04:00",1033.0899658203125,1035.8499755859375,1025.800048828125,1035.0899658203125,1035.0899658203125,66116
"ISRG","Intuitive Surgical, Inc. - Common Stock","2021-08-09 10:30:00-04:00",1035.6500244140625,1036.050048828125,1026.93994140625,1029.280029296875,1029.280029296875,47121
"ISRG","Intuitive Surgical, Inc. - Common Stock","2021-08-09 11:30:00-04:00",1029.469970703125,1033.8800048828125,1028.9200439453125,1032.08984375,1032.08984375,35660
"ISRG","Intuitive Surgical, Inc. - Common Stock","2021-08-09 12:30:00-04:00",1031.06005859375,1032.68994140625,1027.3599853515625,1029.6300048828125,1029.6300048828125,39450
"ISRG","Intuitive Surgical, Inc. - Common Stock","2021-08-09 13:30:00-04:00",1028.8599853515625,1033.949951171875,1027.6199951171875,1032.5400390625,1032.5400390625,43761
"ISRG","Intuitive Surgical, Inc. - Common Stock","2021-08-09 14:30:00-04:00",1032.29052734375,1033.949951171875,1031.64501953125,1032.4300537109375,1032.4300537109375,38560
"ISRG","Intuitive Surgical, Inc. - Common Stock","2021-08-09 15:30:00-04:00",1032.7979736328125,1033.7484130859375,1031.3800048828125,1031.3800048828125,1031.3800048828125,48469
"ISRG","Intuitive Surgical, Inc. - Common Stock","2021-08-09 16:00:00-04:00",1032.0,1032.0,1032.0,1032.0,1032.0,0
"ISRG","Intuitive Surgical, Inc. - Common Stock","2021-08-09 17:00:00-04:00",1032.0,1033.99,1032.0,1032.0,1032.0,0
"ISRG","Intuitive Surgical, Inc. - Common Stock","2021-08-09 18:00:00-04:00",1033.99,1035.0,1032.5,1033.01,1033.01,0
"ISRG","Intuitive Surgical, Inc. - Common Stock","2021-08-09 19:00:00-04:00",1033.0,1035.0,1030.0,1035.0,1035.0,0
"ISRG","Intuitive Surgical, Inc. - Common Stock","2021-08-10 04:00:00-04:00",1032.5,1035.0,1032.0,1035.0,1035.0,0
"ISRG","Intuitive Surgical, Inc. - Common Stock","2021-08-10 05:00:00-04:00",1032.0,1035.0,1031.0,1031.0,1031.0,0
"ISRG","Intuitive Surgical, Inc. - Common Stock","2021-08-10 07:00:00-04:00",1032.0,1034.66,1025.0,1030.0,1030.0,0
"ISRG","Intuitive Surgical, Inc. - Common Stock","2021-08-10 08:00:00-04:00",1030.0,1035.0,1025.0,1030.0,1030.0,0
"ISRG","Intuitive Surgical, Inc. - Common Stock","2021-08-10 09:00:00-04:00",1030.0,1035.0,1030.0,1034.99,1034.99,0
"ISRG","Intuitive Surgical, Inc. - Common Stock","2021-08-10 09:30:00-04:00",1033.8900146484375,1035.0999755859375,1015.6199951171876,1015.6199951171876,1015.6199951171876,98010
"ISRG","Intuitive Surgical, Inc. - Common Stock","2021-08-10 10:30:00-04:00",1014.405029296875,1015.7899780273438,1005.5999755859376,1007.0150146484376,1007.0150146484376,73173
"ISRG","Intuitive Surgical, Inc. - Common Stock","2021-08-10 11:30:00-04:00",1008.489990234375,1013.4000244140624,1007.594970703125,1013.3099975585938,1013.3099975585938,63430
"ISRG","Intuitive Surgical, Inc. - Common Stock","2021-08-10 12:30:00-04:00",1013.1199951171876,1013.1199951171876,1003.9199829101562,1004.2949829101562,1004.2949829101562,27253
"ISRG","Intuitive Surgical, Inc. - Common Stock","2021-08-10 13:30:00-04:00",1005.5693969726562,1007.9749755859376,1003.4000244140624,1004.9298706054688,1004.9298706054688,65670
"ISRG","Intuitive Surgical, Inc. - Common Stock","2021-08-10 14:30:00-04:00",1004.9299926757812,1005.7999877929688,998.2800903320312,998.3900146484376,998.3900146484376,78362
"ISRG","Intuitive Surgical, Inc. - Common Stock","2021-08-10 15:30:00-04:00",998.5675048828124,1000.1199951171876,994.405029296875,995.6699829101562,995.6699829101562,126713
"ISRG","Intuitive Surgical, Inc. - Common Stock","2021-08-10 16:00:00-04:00",995.62,1009.62,994.24,997.99,997.99,0
"ISRG","Intuitive Surgical, Inc. - Common Stock","2021-08-10 17:00:00-04:00",999.505,1004.0,994.24,999.5,999.5,0
"ISRG","Intuitive Surgical, Inc. - Common Stock","2021-08-10 18:00:00-04:00",998.99,1002.0,998.25,998.99,998.99,0
"ISRG","Intuitive Surgical, Inc. - Common Stock","2021-08-10 19:00:00-04:00",998.99,1002.0,994.0,995.0,995.0,0
"ISRG","Intuitive Surgical, Inc. - Common Stock","2021-08-11 04:00:00-04:00",1008.0,1008.0,1008.0,1008.0,1008.0,0
"ISRG","Intuitive Surgical, Inc. - Common Stock","2021-08-11 05:00:00-04:00",995.67,1001.0,995.67,1001.0,1001.0,0
"ISRG","Intuitive Surgical, Inc. - Common Stock","2021-08-11 06:00:00-04:00",1000.71,1000.71,996.0,996.0,996.0,0
"ISRG","Intuitive Surgical, Inc. - Common Stock","2021-08-11 07:00:00-04:00",997.01,997.01,994.0,994.0,994.0,0
"ISRG","Intuitive Surgical, Inc. - Common Stock","2021-08-11 08:00:00-04:00",994.0,995.0,990.0,995.0,995.0,0
"ISRG","Intuitive Surgical, Inc. - Common Stock","2021-08-11 09:00:00-04:00",995.0,1018.2,995.0,1004.99,1004.99,0
"ISRG","Intuitive Surgical, Inc. - Common Stock","2021-08-11 09:30:00-04:00",999.510009765625,1007.02001953125,996.0,997.6599731445312,997.6599731445312,66789
"ISRG","Intuitive Surgical, Inc. - Common Stock","2021-08-11 10:30:00-04:00",998.0,1001.3900146484376,988.1199951171876,989.47998046875,989.47998046875,79409
"ISRG","Intuitive Surgical, Inc. - Common Stock","2021-08-11 11:30:00-04:00",989.5700073242188,991.7899780273438,987.2000122070312,989.010009765625,989.010009765625,61693
"ISRG","Intuitive Surgical, Inc. - Common Stock","2021-08-11 12:30:00-04:00",989.57958984375,992.97998046875,986.6699829101562,992.9400024414062,992.9400024414062,39179
"ISRG","Intuitive Surgical, Inc. - Common Stock","2021-08-11 13:30:00-04:00",992.8150024414062,998.8499755859376,992.6199951171876,998.719970703125,998.719970703125,33674
"ISRG","Intuitive Surgical, Inc. - Common Stock","2021-08-11 14:30:00-04:00",998.7999877929688,1000.72998046875,994.6199951171876,994.6199951171876,994.6199951171876,47075
"ISRG","Intuitive Surgical, Inc. - Common Stock","2021-08-11 15:30:00-04:00",994.4600219726562,996.52001953125,993.469970703125,995.9600219726562,995.9600219726562,77146
"ISRG","Intuitive Surgical, Inc. - Common Stock","2021-08-11 16:00:00-04:00",995.65,997.0,995.0,997.0,997.0,0
"ISRG","Intuitive Surgical, Inc. - Common Stock","2021-08-11 17:00:00-04:00",998.0,998.99,995.65,995.65,995.65,0
"ISRG","Intuitive Surgical, Inc. - Common Stock","2021-08-11 18:00:00-04:00",998.89,998.99,998.6,998.75,998.75,0
"ISRG","Intuitive Surgical, Inc. - Common Stock","2021-08-11 19:00:00-04:00",998.0,998.0,996.03,996.2,996.2,0
"ISRG","Intuitive Surgical, Inc. - Common Stock","2021-08-12 04:00:00-04:00",995.0,1010.61,995.0,999.7,999.7,0
"ISRG","Intuitive Surgical, Inc. - Common Stock","2021-08-12 06:00:00-04:00",1002.5,1005.12,1002.5,1005.12,1005.12,0
"ISRG","Intuitive Surgical, Inc. - Common Stock","2021-08-12 07:00:00-04:00",1005.0,1005.12,999.99,1001.99,1001.99,0
"ISRG","Intuitive Surgical, Inc. - Common Stock","2021-08-12 08:00:00-04:00",1000.1,1003.01,995.65,1002.0,1002.0,0
"ISRG","Intuitive Surgical, Inc. - Common Stock","2021-08-12 09:00:00-04:00",1002.0,1002.0,996.0,998.27,998.27,0
"ISRG","Intuitive Surgical, Inc. - Common Stock","2021-08-12 09:30:00-04:00",998.760009765625,1006.2000122070312,996.47998046875,1006.2000122070312,1006.2000122070312,56138
"ISRG","Intuitive Surgical, Inc. - Common Stock","2021-08-12 10:30:00-04:00",1006.6199951171876,1011.1099853515624,1004.1900024414062,1010.7650146484376,1010.7650146484376,66237
"ISRG","Intuitive Surgical, Inc. - Common Stock","2021-08-12 11:30:00-04:00",1010.780029296875,1010.780029296875,1001.1950073242188,1002.8699951171876,1002.8699951171876,58396
"ISRG","Intuitive Surgical, Inc. - Common Stock","2021-08-12 12:30:00-04:00",1002.9849853515624,1003.4199829101562,1000.489990234375,1001.5399780273438,1001.5399780273438,97414
"ISRG","Intuitive Surgical, Inc. - Common Stock","2021-08-12 13:30:00-04:00",1002.0,1002.0,999.1400146484376,1000.1500244140624,1000.1500244140624,47071
"ISRG","Intuitive Surgical, Inc. - Common Stock","2021-08-12 14:30:00-04:00",1000.0050048828124,1000.3300170898438,998.5,998.6599731445312,998.6599731445312,54625
"ISRG","Intuitive Surgical, Inc. - Common Stock","2021-08-12 15:30:00-04:00",998.9299926757812,1002.0,998.5800170898438,999.0999755859376,999.0999755859376,102696
"ISRG","Intuitive Surgical, Inc. - Common Stock","2021-08-12 16:00:00-04:00",1000.0,1000.0,998.0,999.5,999.5,0
"ISRG","Intuitive Surgical, Inc. - Common Stock","2021-08-12 17:00:00-04:00",999.9,1000.23,999.9,1000.0,1000.0,0
"ISRG","Intuitive Surgical, Inc. - Common Stock","2021-08-12 18:00:00-04:00",998.0,1000.0,998.0,1000.0,1000.0,0
"ISRG","Intuitive Surgical, Inc. - Common Stock","2021-08-12 19:00:00-04:00",1000.0,1000.0,998.01,1000.0,1000.0,0
"ISRG","Intuitive Surgical, Inc. - Common Stock","2021-08-13 04:00:00-04:00",1000.0,1000.0,1000.0,1000.0,1000.0,0
"ISRG","Intuitive Surgical, Inc. - Common Stock","2021-08-13 05:00:00-04:00",1000.2,1000.2,1000.2,1000.2,1000.2,0
"ISRG","Intuitive Surgical, Inc. - Common Stock","2021-08-13 07:00:00-04:00",1001.0,1004.54,1000.4,1004.54,1004.54,0
"ISRG","Intuitive Surgical, Inc. - Common Stock","2021-08-13 08:00:00-04:00",1004.0,1004.54,1000.2,1000.3,1000.3,0
"ISRG","Intuitive Surgical, Inc. - Common Stock","2021-08-13 09:00:00-04:00",1004.05,1004.99,1002.3,1004.54,1004.54,0
"ISRG","Intuitive Surgical, Inc. - Common Stock","2021-08-13 09:30:00-04:00",1001.6900024414062,1005.5,996.9500122070312,998.6699829101562,998.6699829101562,73161
"ISRG","Intuitive Surgical, Inc. - Common Stock","2021-08-13 10:30:00-04:00",998.72998046875,1000.5399780273438,996.4000244140624,997.830322265625,997.830322265625,50802
"ISRG","Intuitive Surgical, Inc. - Common Stock","2021-08-13 11:30:00-04:00",998.82958984375,1000.969970703125,998.780029296875,999.4099731445312,999.4099731445312,33672
"ISRG","Intuitive Surgical, Inc. - Common Stock","2021-08-13 12:30:00-04:00",999.6900024414062,999.9600219726562,997.4400024414062,997.8300170898438,997.8300170898438,49036
"ISRG","Intuitive Surgical, Inc. - Common Stock","2021-08-13 13:30:00-04:00",998.02001953125,998.2349853515624,997.6599731445312,998.02001953125,998.02001953125,90336
"ISRG","Intuitive Surgical, Inc. - Common Stock","2021-08-13 14:30:00-04:00",998.0999755859376,1001.7349853515624,997.9000244140624,1000.8499755859376,1000.8499755859376,75524
"ISRG","Intuitive Surgical, Inc. - Common Stock","2021-08-13 15:30:00-04:00",1000.9299926757812,1003.5,1000.5499877929688,1003.0399780273438,1003.0399780273438,73495
"ISRG","Intuitive Surgical, Inc. - Common Stock","2021-08-13 16:00:00-04:00",1003.04,1015.0,998.0,1015.0,1015.0,0
"ISRG","Intuitive Surgical, Inc. - Common Stock","2021-08-13 17:00:00-04:00",1003.02,1003.5,1003.0,1003.0,1003.0,0
"ISRG","Intuitive Surgical, Inc. - Common Stock","2021-08-13 19:00:00-04:00",1003.0,1003.99,1002.0,1003.99,1003.99,0
"ISRG","Intuitive Surgical, Inc. - Common Stock","2021-08-16 05:00:00-04:00",1003.33,1003.33,1003.33,1003.33,1003.33,0
"ISRG","Intuitive Surgical, Inc. - Common Stock","2021-08-16 06:00:00-04:00",1003.33,1003.33,999.5,999.5,999.5,0
"ISRG","Intuitive Surgical, Inc. - Common Stock","2021-08-16 07:00:00-04:00",1002.44,1002.44,1001.0,1001.0,1001.0,0
"ISRG","Intuitive Surgical, Inc. - Common Stock","2021-08-16 08:00:00-04:00",1001.0,1001.94,999.5,999.5,999.5,0
"ISRG","Intuitive Surgical, Inc. - Common Stock","2021-08-16 09:00:00-04:00",1002.0,1007.51,1001.35,1007.51,1007.51,0
"ISRG","Intuitive Surgical, Inc. - Common Stock","2021-08-16 09:30:00-04:00",1004.2100219726562,1008.3040161132812,999.489990234375,1007.989990234375,1007.989990234375,79812
"ISRG","Intuitive Surgical, Inc. - Common Stock","2021-08-16 10:30:00-04:00",1004.969970703125,1009.97998046875,1002.280029296875,1008.1300048828124,1008.1300048828124,45497
"ISRG","Intuitive Surgical, Inc. - Common Stock","2021-08-16 11:30:00-04:00",1008.52001953125,1013.7150268554688,1008.3400268554688,1013.3300170898438,1013.3300170898438,38957
"ISRG","Intuitive Surgical, Inc. - Common Stock","2021-08-16 12:30:00-04:00",1013.719970703125,1016.3400268554688,1011.9099731445312,1014.4849853515624,1014.4849853515624,31744
"ISRG","Intuitive Surgical, Inc. - Common Stock","2021-08-16 13:30:00-04:00",1015.3599853515624,1016.989990234375,1011.1699829101562,1011.3200073242188,1011.3200073242188,32854
"ISRG","Intuitive Surgical, Inc. - Common Stock","2021-08-16 14:30:00-04:00",1011.8699951171876,1016.0936889648438,1011.47998046875,1015.5999755859376,1015.5999755859376,35449
"ISRG","Intuitive Surgical, Inc. - Common Stock","2021-08-16 15:30:00-04:00",1015.4249877929688,1019.0599975585938,1015.27001953125,1018.239990234375,1018.239990234375,64644
"ISRG","Intuitive Surgical, Inc. - Common Stock","2021-08-16 16:00:00-04:00",1018.24,1020.65,1018.24,1018.24,1018.24,0
"ISRG","Intuitive Surgical, Inc. - Common Stock","2021-08-16 17:00:00-04:00",1019.4,1020.64,1018.24,1018.24,1018.24,0
"ISRG","Intuitive Surgical, Inc. - Common Stock","2021-08-16 19:00:00-04:00",1018.3,1020.0,1018.0,1018.0,1018.0,0
"ISRG","Intuitive Surgical, Inc. - Common Stock","2021-08-17 04:00:00-04:00",1019.0,1019.0,1018.24,1018.24,1018.24,0
"ISRG","Intuitive Surgical, Inc. - Common Stock","2021-08-17 05:00:00-04:00",1018.24,1018.24,1018.24,1018.24,1018.24,0
"ISRG","Intuitive Surgical, Inc. - Common Stock","2021-08-17 06:00:00-04:00",1015.0,1017.12,1015.0,1017.12,1017.12,0
"ISRG","Intuitive Surgical, Inc. - Common Stock","2021-08-17 07:00:00-04:00",1014.9,1020.0,1014.87,1016.1,1016.1,0
"ISRG","Intuitive Surgical, Inc. - Common Stock","2021-08-17 08:00:00-04:00",1016.1,1022.0,1012.0,1012.0,1012.0,0
"ISRG","Intuitive Surgical, Inc. - Common Stock","2021-08-17 09:00:00-04:00",1016.31,1018.24,1009.0,1015.5,1015.5,0
"ISRG","Intuitive Surgical, Inc. - Common Stock","2021-08-17 09:30:00-04:00",1015.9199829101562,1020.969970703125,1011.6102294921876,1018.635009765625,1018.635009765625,64304
"ISRG","Intuitive Surgical, Inc. - Common Stock","2021-08-17 10:30:00-04:00",1019.230224609375,1028.9449462890625,1017.239990234375,1027.43994140625,1027.43994140625,72159
"ISRG","Intuitive Surgical, Inc. - Common Stock","2021-08-17 11:30:00-04:00",1027.6298828125,1030.739990234375,1027.2447509765625,1030.3599853515625,1030.3599853515625,57925
"ISRG","Intuitive Surgical, Inc. - Common Stock","2021-08-17 12:30:00-04:00",1030.47998046875,1033.1199951171875,1029.449951171875,1033.1199951171875,1033.1199951171875,41074
"ISRG","Intuitive Surgical, Inc. - Common Stock","2021-08-17 13:30:00-04:00",1033.780029296875,1040.0,1033.06005859375,1038.655029296875,1038.655029296875,66038
"ISRG","Intuitive Surgical, Inc. - Common Stock","2021-08-17 14:30:00-04:00",1038.655029296875,1038.8900146484375,1033.1400146484375,1034.1500244140625,1034.1500244140625,57486
"ISRG","Intuitive Surgical, Inc. - Common Stock","2021-08-17 15:30:00-04:00",1034.6500244140625,1036.7899169921875,1032.199951171875,1035.3299560546875,1035.3299560546875,83964
"ISRG","Intuitive Surgical, Inc. - Common Stock","2021-08-17 16:00:00-04:00",1035.0,1036.0,1030.41,1033.99,1033.99,0
"ISRG","Intuitive Surgical, Inc. - Common Stock","2021-08-17 17:00:00-04:00",1033.99,1038.0,1033.99,1036.0,1036.0,0
"ISRG","Intuitive Surgical, Inc. - Common Stock","2021-08-17 18:00:00-04:00",1040.0,1045.0,1030.0,1030.0,1030.0,0
"ISRG","Intuitive Surgical, Inc. - Common Stock","2021-08-17 19:00:00-04:00",1035.0,1036.99,1033.18,1035.99,1035.99,0
"ISRG","Intuitive Surgical, Inc. - Common Stock","2021-08-18 04:00:00-04:00",1040.0,1040.0,1040.0,1040.0,1040.0,0
"ISRG","Intuitive Surgical, Inc. - Common Stock","2021-08-18 05:00:00-04:00",1039.97,1039.97,1039.97,1039.97,1039.97,0
"ISRG","Intuitive Surgical, Inc. - Common Stock","2021-08-18 06:00:00-04:00",1039.97,1042.0,1039.97,1041.75,1041.75,0
"ISRG","Intuitive Surgical, Inc. - Common Stock","2021-08-18 07:00:00-04:00",1025.38,1041.75,1023.2,1039.97,1039.97,0
"ISRG","Intuitive Surgical, Inc. - Common Stock","2021-08-18 08:00:00-04:00",1038.0,1041.99,1036.11,1040.4,1040.4,0
"ISRG","Intuitive Surgical, Inc. - Common Stock","2021-08-18 09:00:00-04:00",1038.42,1050.0,1035.3726,1037.0,1037.0,0
"ISRG","Intuitive Surgical, Inc. - Common Stock","2021-08-18 09:30:00-04:00",1033.4300537109375,1047.6500244140625,1033.030029296875,1047.199951171875,1047.199951171875,84493
"ISRG","Intuitive Surgical, Inc. - Common Stock","2021-08-18 10:30:00-04:00",1048.4000244140625,1049.0,1042.699951171875,1043.827392578125,1043.827392578125,48640
"ISRG","Intuitive Surgical, Inc. - Common Stock","2021-08-18 11:30:00-04:00",1044.050048828125,1045.0,1039.31005859375,1043.6500244140625,1043.6500244140625,47801
"ISRG","Intuitive Surgical, Inc. - Common Stock","2021-08-18 12:30:00-04:00",1043.875,1046.76513671875,1043.449951171875,1044.0,1044.0,49542
"ISRG","Intuitive Surgical, Inc. - Common Stock","2021-08-18 13:30:00-04:00",1044.8900146484375,1048.0,1039.56005859375,1044.8299560546875,1044.8299560546875,30232
"ISRG","Intuitive Surgical, Inc. - Common Stock","2021-08-18 14:30:00-04:00",1045.0999755859375,1047.1800537109375,1041.260009765625,1042.760009765625,1042.760009765625,38206
"ISRG","Intuitive Surgical, Inc. - Common Stock","2021-08-18 15:30:00-04:00",1042.0150146484375,1042.31005859375,1037.010009765625,1039.31005859375,1039.31005859375,72854
"ISRG","Intuitive Surgical, Inc. - Common Stock","2021-08-18 16:00:00-04:00",1039.38,1039.38,1035.01,1037.99,1037.99,0
"ISRG","Intuitive Surgical, Inc. - Common Stock","2021-08-18 17:00:00-04:00",1038.01,1050.0,1030.505,1039.38,1039.38,0
"ISRG","Intuitive Surgical, Inc. - Common Stock","2021-08-18 18:00:00-04:00",1037.99,1050.0,1037.0,1041.0,1041.0,0
"ISRG","Intuitive Surgical, Inc. - Common Stock","2021-08-18 19:00:00-04:00",1041.99,1050.0,1038.0,1043.99,1043.99,0
"ISRG","Intuitive Surgical, Inc. - Common Stock","2021-08-19 04:00:00-04:00",1037.88,1037.88,1035.0,1035.0,1035.0,0
"ISRG","Intuitive Surgical, Inc. - Common Stock","2021-08-19 05:00:00-04:00",1035.0,1035.0,1015.5,1015.5,1015.5,0
"ISRG","Intuitive Surgical, Inc. - Common Stock","2021-08-19 06:00:00-04:00",1025.0,1034.0,1015.5,1032.94,1032.94,0
"ISRG","Intuitive Surgical, Inc. - Common Stock","2021-08-19 07:00:00-04:00",1033.98,1033.98,1024.94,1025.15,1025.15,0
"ISRG","Intuitive Surgical, Inc. - Common Stock","2021-08-19 08:00:00-04:00",1032.76,1041.978,1012.1,1032.0,1032.0,0
"ISRG","Intuitive Surgical, Inc. - Common Stock","2021-08-19 09:00:00-04:00",1033.35,1033.37,1028.0,1033.37,1033.37,0
"ISRG","Intuitive Surgical, Inc. - Common Stock","2021-08-19 09:30:00-04:00",1037.8199462890625,1043.75927734375,1033.43994140625,1043.43994140625,1043.43994140625,64561
"ISRG","Intuitive Surgical, Inc. - Common Stock","2021-08-19 10:30:00-04:00",1043.1400146484375,1050.4300537109375,1040.6650390625,1046.989990234375,1046.989990234375,55846
"ISRG","Intuitive Surgical, Inc. - Common Stock","2021-08-19 11:30:00-04:00",1046.6400146484375,1053.22998046875,1046.0,1052.969970703125,1052.969970703125,48151
"ISRG","Intuitive Surgical, Inc. - Common Stock","2021-08-19 12:30:00-04:00",1053.4100341796875,1054.8900146484375,1051.4599609375,1052.4100341796875,1052.4100341796875,45843
"ISRG","Intuitive Surgical, Inc. - Common Stock","2021-08-19 13:30:00-04:00",1053.06005859375,1054.85498046875,1048.97998046875,1051.7099609375,1051.7099609375,53161
"ISRG","Intuitive Surgical, Inc. - Common Stock","2021-08-19 14:30:00-04:00",1052.1500244140625,1058.8599853515625,1050.9100341796875,1057.699951171875,1057.699951171875,56253
"ISRG","Intuitive Surgical, Inc. - Common Stock","2021-08-19 15:30:00-04:00",1058.0400390625,1058.929931640625,1054.489990234375,1055.6300048828125,1055.6300048828125,98465
"ISRG","Intuitive Surgical, Inc. - Common Stock","2021-08-19 16:00:00-04:00",1055.64,1060.0,1045.0,1057.0,1057.0,0
"ISRG","Intuitive Surgical, Inc. - Common Stock","2021-08-19 17:00:00-04:00",1060.0,1060.0,1055.63,1055.63,1055.63,0
"ISRG","Intuitive Surgical, Inc. - Common Stock","2021-08-19 18:00:00-04:00",1055.62,1055.62,1055.62,1055.62,1055.62,0
"ISRG","Intuitive Surgical, Inc. - Common Stock","2021-08-19 19:00:00-04:00",1056.0,1056.85,1055.0,1055.0,1055.0,0
"ISRG","Intuitive Surgical, Inc. - Common Stock","2021-08-20 04:00:00-04:00",1055.64,1055.64,1055.64,1055.64,1055.64,0
"ISRG","Intuitive Surgical, Inc. - Common Stock","2021-08-20 05:00:00-04:00",1045.0,1055.64,1045.0,1055.64,1055.64,0
"ISRG","Intuitive Surgical, Inc. - Common Stock","2021-08-20 07:00:00-04:00",1054.48,1056.0,1053.0,1053.0,1053.0,0
"ISRG","Intuitive Surgical, Inc. - Common Stock","2021-08-20 08:00:00-04:00",1054.48,1055.65,1047.92,1047.92,1047.92,0
"ISRG","Intuitive Surgical, Inc. - Common Stock","2021-08-20 09:00:00-04:00",1054.48,1058.0,1047.9,1058.0,1058.0,0
"ISRG","Intuitive Surgical, Inc. - Common Stock","2021-08-20 09:30:00-04:00",1056.3609619140625,1061.8297119140625,1045.0,1052.719970703125,1052.719970703125,118385
"ISRG","Intuitive Surgical, Inc. - Common Stock","2021-08-20 10:30:00-04:00",1053.300048828125,1053.300048828125,1040.9100341796875,1044.1650390625,1044.1650390625,75466
"ISRG","Intuitive Surgical, Inc. - Common Stock","2021-08-20 11:30:00-04:00",1044.22998046875,1049.68994140625,1040.97998046875,1049.68994140625,1049.68994140625,60142
"ISRG","Intuitive Surgical, Inc. - Common Stock","2021-08-20 12:30:00-04:00",1050.155029296875,1050.5849609375,1049.219970703125,1049.574951171875,1049.574951171875,43444
"ISRG","Intuitive Surgical, Inc. - Common Stock","2021-08-20 13:30:00-04:00",1049.5999755859375,1050.85498046875,1048.800048828125,1049.5899658203125,1049.5899658203125,50703
"ISRG","Intuitive Surgical, Inc. - Common Stock","2021-08-20 14:30:00-04:00",1049.6099853515625,1050.199951171875,1047.06005859375,1048.9300537109375,1048.9300537109375,46802
"ISRG","Intuitive Surgical, Inc. - Common Stock","2021-08-20 15:30:00-04:00",1048.6800537109375,1050.5799560546875,1043.300048828125,1043.7900390625,1043.7900390625,134140
"ISRG","Intuitive Surgical, Inc. - Common Stock","2021-08-20 16:00:00-04:00",1043.82,1044.0,1030.0,1039.7,1039.7,0
"ISRG","Intuitive Surgical, Inc. - Common Stock","2021-08-20 17:00:00-04:00",1030.0,1043.82,1030.0,1043.82,1043.82,0
"ISRG","Intuitive Surgical, Inc. - Common Stock","2021-08-20 18:00:00-04:00",1043.82,1044.43,1043.82,1044.0,1044.0,0
"ISRG","Intuitive Surgical, Inc. - Common Stock","2021-08-20 19:00:00-04:00",1043.82,1047.5,1043.82,1046.0,1046.0,0
"ISRG","Intuitive Surgical, Inc. - Common Stock","2021-08-23 04:00:00-04:00",1055.64,1055.64,1043.82,1045.0,1045.0,0
"ISRG","Intuitive Surgical, Inc. - Common Stock","2021-08-23 06:00:00-04:00",1049.04,1049.04,1046.24,1046.24,1046.24,0
"ISRG","Intuitive Surgical, Inc. - Common Stock","2021-08-23 07:00:00-04:00",1048.01,1055.98,1046.73,1047.0,1047.0,0
"ISRG","Intuitive Surgical, Inc. - Common Stock","2021-08-23 08:00:00-04:00",1053.62,1055.88,1043.82,1047.42,1047.42,0
"ISRG","Intuitive Surgical, Inc. - Common Stock","2021-08-23 09:00:00-04:00",1049.06,1064.0,1044.13,1053.0,1053.0,0
"ISRG","Intuitive Surgical, Inc. - Common Stock","2021-08-23 09:30:00-04:00",1051.719970703125,1051.719970703125,1034.33251953125,1045.68994140625,1045.68994140625,101646
"ISRG","Intuitive Surgical, Inc. - Common Stock","2021-08-23 10:30:00-04:00",1046.3050537109375,1050.5,1044.8653564453125,1050.5,1050.5,47722
"ISRG","Intuitive Surgical, Inc. - Common Stock","2021-08-23 11:30:00-04:00",1050.8125,1059.8050537109375,1050.8125,1057.1300048828125,1057.1300048828125,83609
"ISRG","Intuitive Surgical, Inc. - Common Stock","2021-08-23 12:30:00-04:00",1057.739990234375,1058.02001953125,1051.385009765625,1051.385009765625,1051.385009765625,31340
"ISRG","Intuitive Surgical, Inc. - Common Stock","2021-08-23 13:30:00-04:00",1051.7099609375,1054.625,1051.6075439453125,1052.5799560546875,1052.5799560546875,31440
"ISRG","Intuitive Surgical, Inc. - Common Stock","2021-08-23 14:30:00-04:00",1052.405029296875,1053.989990234375,1049.989990234375,1050.06005859375,1050.06005859375,48887
"ISRG","Intuitive Surgical, Inc. - Common Stock","2021-08-23 15:30:00-04:00",1050.260009765625,1051.239990234375,1045.77001953125,1046.0699462890625,1046.0699462890625,80581
"ISRG","Intuitive Surgical, Inc. - Common Stock","2021-08-23 16:00:00-04:00",1046.02,1051.315,1044.98,1046.02,1046.02,0
"ISRG","Intuitive Surgical, Inc. - Common Stock","2021-08-23 17:00:00-04:00",1046.02,1047.99,1043.02,1044.01,1044.01,0
"ISRG","Intuitive Surgical, Inc. - Common Stock","2021-08-23 18:00:00-04:00",1030.0,1045.0,1030.0,1040.0,1040.0,0
"ISRG","Intuitive Surgical, Inc. - Common Stock","2021-08-23 19:00:00-04:00",1060.0,1060.0,1045.99,1046.02,1046.02,0
"ISRG","Intuitive Surgical, Inc. - Common Stock","2021-08-24 04:00:00-04:00",1046.02,1046.03,1046.0,1046.03,1046.03,0
"ISRG","Intuitive Surgical, Inc. - Common Stock","2021-08-24 05:00:00-04:00",1060.0,1060.0,1050.0,1055.0,1055.0,0
"ISRG","Intuitive Surgical, Inc. - Common Stock","2021-08-24 06:00:00-04:00",1055.0,1057.77,1051.0,1057.24,1057.24,0
"ISRG","Intuitive Surgical, Inc. - Common Stock","2021-08-24 07:00:00-04:00",1055.0,1055.0,1047.95,1047.95,1047.95,0
"ISRG","Intuitive Surgical, Inc. - Common Stock","2021-08-24 08:00:00-04:00",1048.5,1050.27,1047.5,1049.99,1049.99,0
"ISRG","Intuitive Surgical, Inc. - Common Stock","2021-08-24 09:00:00-04:00",1060.0,1060.0,1046.02,1050.99,1050.99,0
"ISRG","Intuitive Surgical, Inc. - Common Stock","2021-08-24 09:30:00-04:00",1050.0,1053.989990234375,1039.7320556640625,1049.25,1049.25,63865
"ISRG","Intuitive Surgical, Inc. - Common Stock","2021-08-24 10:30:00-04:00",1049.97998046875,1056.68994140625,1048.75,1056.1400146484375,1056.1400146484375,45531
"ISRG","Intuitive Surgical, Inc. - Common Stock","2021-08-24 11:30:00-04:00",1056.2650146484375,1058.9100341796875,1053.4599609375,1053.4599609375,1053.4599609375,37204
"ISRG","Intuitive Surgical, Inc. - Common Stock","2021-08-24 12:30:00-04:00",1053.22998046875,1054.574951171875,1052.199951171875,1054.030029296875,1054.030029296875,27172
"ISRG","Intuitive Surgical, Inc. - Common Stock","2021-08-24 13:30:00-04:00",1054.199951171875,1057.72998046875,1053.31005859375,1054.0250244140625,1054.0250244140625,41977
"ISRG","Intuitive Surgical, Inc. - Common Stock","2021-08-24 14:30:00-04:00",1053.635009765625,1053.8900146484375,1050.5799560546875,1051.300048828125,1051.300048828125,56534
"ISRG","Intuitive Surgical, Inc. - Common Stock","2021-08-24 15:30:00-04:00",1051.3299560546875,1052.0699462890625,1045.3599853515625,1046.699951171875,1046.699951171875,125720
"ISRG","Intuitive Surgical, Inc. - Common Stock","2021-08-24 16:00:00-04:00",1046.69,1047.0,1046.68,1046.69,1046.69,0
"ISRG","Intuitive Surgical, Inc. - Common Stock","2021-08-24 17:00:00-04:00",1046.69,1046.69,1046.6,1046.69,1046.69,0
"ISRG","Intuitive Surgical, Inc. - Common Stock","2021-08-24 18:00:00-04:00",1046.65,1046.7,1046.0,1046.0,1046.0,0
"ISRG","Intuitive Surgical, Inc. - Common Stock","2021-08-24 19:00:00-04:00",1048.99,1048.99,1035.0,1035.0,1035.0,0
"ISRG","Intuitive Surgical, Inc. - Common Stock","2021-08-25 04:00:00-04:00",1046.7,1046.7,1044.82,1046.7,1046.7,0
"ISRG","Intuitive Surgical, Inc. - Common Stock","2021-08-25 05:00:00-04:00",1046.7,1046.7,1046.7,1046.7,1046.7,0
"ISRG","Intuitive Surgical, Inc. - Common Stock","2021-08-25 06:00:00-04:00",1057.4,1057.4,1055.85,1055.85,1055.85,0
"ISRG","Intuitive Surgical, Inc. - Common Stock","2021-08-25 07:00:00-04:00",1051.0,1057.4,1046.69,1046.69,1046.69,0
"ISRG","Intuitive Surgical, Inc. - Common Stock","2021-08-25 08:00:00-04:00",1048.38,1051.0,1046.69,1050.0,1050.0,0
"ISRG","Intuitive Surgical, Inc. - Common Stock","2021-08-25 09:00:00-04:00",1050.66,1050.98,1047.0,1049.89,1049.89,0
"ISRG","Intuitive Surgical, Inc. - Common Stock","2021-08-25 09:30:00-04:00",1046.699951171875,1048.4200439453125,1040.3800048828125,1042.3299560546875,1042.3299560546875,55573
"ISRG","Intuitive Surgical, Inc. - Common Stock","2021-08-25 10:30:00-04:00",1040.77001953125,1046.780029296875,1039.050048828125,1045.6949462890625,1045.6949462890625,35669
"ISRG","Intuitive Surgical, Inc. - Common Stock","2021-08-25 11:30:00-04:00",1046.030029296875,1046.77001953125,1043.550048828125,1044.0250244140625,1044.0250244140625,34155
"ISRG","Intuitive Surgical, Inc. - Common Stock","2021-08-25 12:30:00-04:00",1044.1300048828125,1048.199951171875,1043.8699951171875,1046.47998046875,1046.47998046875,41237
"ISRG","Intuitive Surgical, Inc. - Common Stock","2021-08-25 13:30:00-04:00",1046.52001953125,1048.18994140625,1043.81494140625,1047.75,1047.75,38676
"ISRG","Intuitive Surgical, Inc. - Common Stock","2021-08-25 14:30:00-04:00",1047.93994140625,1048.35498046875,1046.0400390625,1046.9599609375,1046.9599609375,55404
"ISRG","Intuitive Surgical, Inc. - Common Stock","2021-08-25 15:30:00-04:00",1046.6400146484375,1049.9998779296875,1043.2099609375,1043.9599609375,1043.9599609375,129331
"ISRG","Intuitive Surgical, Inc. - Common Stock","2021-08-25 16:00:00-04:00",1043.96,1048.05,1035.0,1043.13,1043.13,0
"ISRG","Intuitive Surgical, Inc. - Common Stock","2021-08-25 17:00:00-04:00",1044.0,1044.1,1044.0,1044.1,1044.1,0
"ISRG","Intuitive Surgical, Inc. - Common Stock","2021-08-25 18:00:00-04:00",1050.0,1050.0,1035.0,1035.0,1035.0,0
"ISRG","Intuitive Surgical, Inc. - Common Stock","2021-08-25 19:00:00-04:00",1044.0,1050.0,1036.0,1050.0,1050.0,0
"ISRG","Intuitive Surgical, Inc. - Common Stock","2021-08-26 05:00:00-04:00",1043.96,1043.96,1043.96,1043.96,1043.96,0
"ISRG","Intuitive Surgical, Inc. - Common Stock","2021-08-26 06:00:00-04:00",1043.96,1050.96,1043.96,1050.0,1050.0,0
"ISRG","Intuitive Surgical, Inc. - Common Stock","2021-08-26 07:00:00-04:00",1051.56,1051.56,1044.06,1049.0,1049.0,0
"ISRG","Intuitive Surgical, Inc. - Common Stock","2021-08-26 08:00:00-04:00",1048.0,1051.0,1043.5,1043.96,1043.96,0
"ISRG","Intuitive Surgical, Inc. - Common Stock","2021-08-26 09:00:00-04:00",1047.01,1050.0,1045.03,1046.8,1046.8,0
"ISRG","Intuitive Surgical, Inc. - Common Stock","2021-08-26 09:30:00-04:00",1048.1199951171875,1050.06005859375,1035.9000244140625,1038.6055908203125,1038.6055908203125,65736
"ISRG","Intuitive Surgical, Inc. - Common Stock","2021-08-26 10:30:00-04:00",1038.2449951171875,1043.175048828125,1038.0050048828125,1041.22998046875,1041.22998046875,72991
"ISRG","Intuitive Surgical, Inc. - Common Stock","2021-08-26 11:30:00-04:00",1042.0250244140625,1044.094970703125,1039.1500244140625,1043.3399658203125,1043.3399658203125,49740
"ISRG","Intuitive Surgical, Inc. - Common Stock","2021-08-26 12:30:00-04:00",1043.0849609375,1044.0799560546875,1041.4300537109375,1043.010009765625,1043.010009765625,30352
"ISRG","Intuitive Surgical, Inc. - Common Stock","2021-08-26 13:30:00-04:00",1043.260009765625,1045.6400146484375,1042.1099853515625,1043.6800537109375,1043.6800537109375,30993
"ISRG","Intuitive Surgical, Inc. - Common Stock","2021-08-26 14:30:00-04:00",1044.1800537109375,1044.72998046875,1041.27001953125,1042.3050537109375,1042.3050537109375,52092
"ISRG","Intuitive Surgical, Inc. - Common Stock","2021-08-26 15:30:00-04:00",1042.1800537109375,1044.72998046875,1039.0699462890625,1041.199951171875,1041.199951171875,116675
"ISRG","Intuitive Surgical, Inc. - Common Stock","2021-08-26 16:00:00-04:00",1042.25,1050.0,1042.24,1043.99,1043.99,0
"ISRG","Intuitive Surgical, Inc. - Common Stock","2021-08-26 17:00:00-04:00",1042.5,1043.99,1042.25,1042.25,1042.25,0
"ISRG","Intuitive Surgical, Inc. - Common Stock","2021-08-26 18:00:00-04:00",1039.05,1044.0,1039.05,1042.99,1042.99,0
"ISRG","Intuitive Surgical, Inc. - Common Stock","2021-08-26 19:00:00-04:00",1039.05,1042.5,1039.0,1042.5,1042.5,0
"ISRG","Intuitive Surgical, Inc. - Common Stock","2021-08-27 04:00:00-04:00",1050.0,1050.0,1050.0,1050.0,1050.0,0
"ISRG","Intuitive Surgical, Inc. - Common Stock","2021-08-27 06:00:00-04:00",1050.0,1050.0,1050.0,1050.0,1050.0,0
"ISRG","Intuitive Surgical, Inc. - Common Stock","2021-08-27 07:00:00-04:00",1048.25,1049.85,1048.25,1049.85,1049.85,0
"ISRG","Intuitive Surgical, Inc. - Common Stock","2021-08-27 08:00:00-04:00",1049.53,1049.66,1042.25,1042.25,1042.25,0
"ISRG","Intuitive Surgical, Inc. - Common Stock","2021-08-27 09:00:00-04:00",1047.0,1047.0,1043.0,1044.5,1044.5,0
"ISRG","Intuitive Surgical, Inc. - Common Stock","2021-08-27 09:30:00-04:00",1045.5400390625,1050.1500244140625,1038.800048828125,1044.77001953125,1044.77001953125,69731
"ISRG","Intuitive Surgical, Inc. - Common Stock","2021-08-27 10:30:00-04:00",1044.5,1045.550048828125,1037.300048828125,1037.904541015625,1037.904541015625,56833
"ISRG","Intuitive Surgical, Inc. - Common Stock","2021-08-27 11:30:00-04:00",1037.780029296875,1041.3299560546875,1037.010009765625,1038.22998046875,1038.22998046875,49980
"ISRG","Intuitive Surgical, Inc. - Common Stock","2021-08-27 12:30:00-04:00",1038.3399658203125,1039.1400146484375,1035.949951171875,1035.949951171875,1035.949951171875,45138
"ISRG","Intuitive Surgical, Inc. - Common Stock","2021-08-27 13:30:00-04:00",1036.530029296875,1037.25,1034.010009765625,1036.9554443359375,1036.9554443359375,44262
"ISRG","Intuitive Surgical, Inc. - Common Stock","2021-08-27 14:30:00-04:00",1037.37255859375,1039.3399658203125,1037.0899658203125,1038.1500244140625,1038.1500244140625,47582
"ISRG","Intuitive Surgical, Inc. - Common Stock","2021-08-27 15:30:00-04:00",1038.0799560546875,1038.425048828125,1034.029541015625,1036.5,1036.5,76009
"ISRG","Intuitive Surgical, Inc. - Common Stock","2021-08-27 16:00:00-04:00",1036.52,1045.0,1036.0,1036.52,1036.52,0
"ISRG","Intuitive Surgical, Inc. - Common Stock","2021-08-27 17:00:00-04:00",1036.52,1050.0,1036.52,1050.0,1050.0,0
"ISRG","Intuitive Surgical, Inc. - Common Stock","2021-08-27 18:00:00-04:00",1036.52,1039.1,1036.52,1037.01,1037.01,0
"ISRG","Intuitive Surgical, Inc. - Common Stock","2021-08-27 19:00:00-04:00",1037.01,1037.01,1037.0,1037.0,1037.0,0
"ISRG","Intuitive Surgical, Inc. - Common Stock","2021-08-30 04:00:00-04:00",1036.52,1036.52,1036.52,1036.52,1036.52,0
"ISRG","Intuitive Surgical, Inc. - Common Stock","2021-08-30 05:00:00-04:00",1038.0,1038.0,1033.0,1036.0,1036.0,0
"ISRG","Intuitive Surgical, Inc. - Common Stock","2021-08-30 06:00:00-04:00",1036.52,1040.0,1036.0,1040.0,1040.0,0
"ISRG","Intuitive Surgical, Inc. - Common Stock","2021-08-30 07:00:00-04:00",1041.0,1041.0,1036.5,1037.0,1037.0,0
"ISRG","Intuitive Surgical, Inc. - Common Stock","2021-08-30 08:00:00-04:00",1039.99,1046.0,1036.8,1041.0,1041.0,0
"ISRG","Intuitive Surgical, Inc. - Common Stock","2021-08-30 09:00:00-04:00",1036.52,1042.9,1030.56,1042.9,1042.9,0
"ISRG","Intuitive Surgical, Inc. - Common Stock","2021-08-30 09:30:00-04:00",1041.1700439453125,1056.0699462890625,1041.1700439453125,1054.77001953125,1054.77001953125,50990
"ISRG","Intuitive Surgical, Inc. - Common Stock","2021-08-30 10:30:00-04:00",1054.0233154296875,1058.780029296875,1053.4449462890625,1054.09228515625,1054.09228515625,33949
"ISRG","Intuitive Surgical, Inc. - Common Stock","2021-08-30 11:30:00-04:00",1055.550048828125,1057.6199951171875,1053.530029296875,1054.1573486328125,1054.1573486328125,23613
"ISRG","Intuitive Surgical, Inc. - Common Stock","2021-08-30 12:30:00-04:00",1053.06005859375,1059.949951171875,1053.06005859375,1058.43994140625,1058.43994140625,29238
"ISRG","Intuitive Surgical, Inc. - Common Stock","2021-08-30 13:30:00-04:00",1058.43994140625,1059.300048828125,1057.0999755859375,1057.9949951171875,1057.9949951171875,26152
"ISRG","Intuitive Surgical, Inc. - Common Stock","2021-08-30 14:30:00-04:00",1058.0899658203125,1059.6400146484375,1055.6400146484375,1058.989990234375,1058.989990234375,32681
"ISRG","Intuitive Surgical, Inc. - Common Stock","2021-08-30 15:30:00-04:00",1058.0999755859375,1059.9300537109375,1057.4599609375,1058.31005859375,1058.31005859375,48542
"ISRG","Intuitive Surgical, Inc. - Common Stock","2021-08-30 16:00:00-04:00",1058.91,1063.0,1056.0,1060.0,1060.0,0
"ISRG","Intuitive Surgical, Inc. - Common Stock","2021-08-30 17:00:00-04:00",1059.0371,1060.0,1036.52,1060.0,1060.0,0
"ISRG","Intuitive Surgical, Inc. - Common Stock","2021-08-31 19:00:00-04:00",1058.0,1058.0,1055.99,1055.99,1055.99,0
"ISRG","Intuitive Surgical, Inc. - Common Stock","2021-09-01 04:00:00-04:00",1056.0,1056.0,1056.0,1056.0,1056.0,0
"ISRG","Intuitive Surgical, Inc. - Common Stock","2021-09-01 05:00:00-04:00",1059.42,1060.27,1053.54,1060.27,1060.27,0
"ISRG","Intuitive Surgical, Inc. - Common Stock","2021-09-01 07:00:00-04:00",1060.27,1062.8,1055.0,1058.22,1058.22,0
"ISRG","Intuitive Surgical, Inc. - Common Stock","2021-09-01 08:00:00-04:00",1059.0,1060.0,1053.56,1057.0,1057.0,0
"ISRG","Intuitive Surgical, Inc. - Common Stock","2021-09-01 09:00:00-04:00",1059.0,1060.0,1053.8656,1055.0,1055.0,0
"ISRG","Intuitive Surgical, Inc. - Common Stock","2021-09-01 09:30:00-04:00",1055.0,1061.594970703125,1047.949951171875,1056.3599853515625,1056.3599853515625,67725
"ISRG","Intuitive Surgical, Inc. - Common Stock","2021-09-01 10:30:00-04:00",1056.5,1058.1300048828125,1054.0400390625,1058.1300048828125,1058.1300048828125,35088
"ISRG","Intuitive Surgical, Inc. - Common Stock","2021-09-01 11:30:00-04:00",1058.780029296875,1061.1700439453125,1058.780029296875,1059.9200439453125,1059.9200439453125,24599
"ISRG","Intuitive Surgical, Inc. - Common Stock","2021-09-01 12:30:00-04:00",1060.06005859375,1060.300048828125,1057.4599609375,1059.25,1059.25,22053
"ISRG","Intuitive Surgical, Inc. - Common Stock","2021-09-01 13:30:00-04:00",1059.8499755859375,1064.256103515625,1059.8499755859375,1063.675048828125,1063.675048828125,43514
"ISRG","Intuitive Surgical, Inc. - Common Stock","2021-09-01 14:30:00-04:00",1063.77001953125,1064.364990234375,1060.2650146484375,1061.3699951171875,1061.3699951171875,29764
"ISRG","Intuitive Surgical, Inc. - Common Stock","2021-09-01 15:30:00-04:00",1061.27001953125,1063.5999755859375,1060.8499755859375,1062.719970703125,1062.719970703125,71395
"ISRG","Intuitive Surgical, Inc. - Common Stock","2021-09-01 16:00:00-04:00",1062.71,1071.355,1062.709,1063.0,1063.0,0
"ISRG","Intuitive Surgical, Inc. - Common Stock","2021-09-01 17:00:00-04:00",1062.71,1063.33,1062.71,1063.0,1063.0,0
"ISRG","Intuitive Surgical, Inc. - Common Stock","2021-09-01 18:00:00-04:00",1063.0,1067.99,1063.0,1063.01,1063.01,0
"ISRG","Intuitive Surgical, Inc. - Common Stock","2021-09-01 19:00:00-04:00",1064.83,1064.83,1064.01,1064.01,1064.01,0
"ISRG","Intuitive Surgical, Inc. - Common Stock","2021-09-02 04:00:00-04:00",1070.0,1070.0,1062.89,1065.48,1065.48,0
"ISRG","Intuitive Surgical, Inc. - Common Stock","2021-09-02 06:00:00-04:00",1065.48,1066.19,1063.0,1063.0,1063.0,0
"ISRG","Intuitive Surgical, Inc. - Common Stock","2021-09-02 07:00:00-04:00",1066.19,1066.96,1064.0,1064.0,1064.0,0
"ISRG","Intuitive Surgical, Inc. - Common Stock","2021-09-02 08:00:00-04:00",1066.96,1072.74,1065.0,1068.0,1068.0,0
"ISRG","Intuitive Surgical, Inc. - Common Stock","2021-09-02 09:00:00-04:00",1068.0,1076.0,1066.87,1069.93,1069.93,0
"ISRG","Intuitive Surgical, Inc. - Common Stock","2021-09-02 09:30:00-04:00",1067.47998046875,1077.0799560546875,1066.4749755859375,1071.3199462890625,1071.3199462890625,98068
"ISRG","Intuitive Surgical, Inc. - Common Stock","2021-09-02 10:30:00-04:00",1071.449951171875,1072.0,1066.699951171875,1067.717529296875,1067.717529296875,47192
"ISRG","Intuitive Surgical, Inc. - Common Stock","2021-09-02 11:30:00-04:00",1067.949951171875,1068.89990234375,1066.2750244140625,1068.31005859375,1068.31005859375,32993
"ISRG","Intuitive Surgical, Inc. - Common Stock","2021-09-02 12:30:00-04:00",1068.739990234375,1071.6500244140625,1067.324951171875,1071.6500244140625,1071.6500244140625,24883
"ISRG","Intuitive Surgical, Inc. - Common Stock","2021-09-02 13:30:00-04:00",1071.280029296875,1072.6800537109375,1067.6500244140625,1071.389892578125,1071.389892578125,29205
"ISRG","Intuitive Surgical, Inc. - Common Stock","2021-09-02 14:30:00-04:00",1071.56396484375,1074.31005859375,1070.4549560546875,1072.3699951171875,1072.3699951171875,44656
"ISRG","Intuitive Surgical, Inc. - Common Stock","2021-09-02 15:30:00-04:00",1072.68994140625,1072.68994140625,1068.8199462890625,1072.0699462890625,1072.0699462890625,60267
"ISRG","Intuitive Surgical, Inc. - Common Stock","2021-09-02 16:00:00-04:00",1071.53,1074.0,1071.2,1072.01,1072.01,0
"ISRG","Intuitive Surgical, Inc. - Common Stock","2021-09-02 17:00:00-04:00",1075.0,1075.0,1073.99,1074.99,1074.99,0
"ISRG","Intuitive Surgical, Inc. - Common Stock","2021-09-02 18:00:00-04:00",1073.26,1074.99,1072.38,1074.0,1074.0,0
"ISRG","Intuitive Surgical, Inc. - Common Stock","2021-09-02 19:00:00-04:00",1073.5,1073.84,1073.01,1073.01,1073.01,0
"ISRG","Intuitive Surgical, Inc. - Common Stock","2021-09-03 05:00:00-04:00",1079.7,1079.7,1079.7,1079.7,1079.7,0
"ISRG","Intuitive Surgical, Inc. - Common Stock","2021-09-03 07:00:00-04:00",1073.0,1075.99,1071.94,1075.99,1075.99,0
"ISRG","Intuitive Surgical, Inc. - Common Stock","2021-09-03 08:00:00-04:00",1075.99,1080.0,1073.0,1077.99,1077.99,0
"ISRG","Intuitive Surgical, Inc. - Common Stock","2021-09-03 09:00:00-04:00",1077.0,1077.0,1069.27,1069.67,1069.67,0
"ISRG","Intuitive Surgical, Inc. - Common Stock","2021-09-03 09:30:00-04:00",1071.31005859375,1076.2900390625,1058.050048828125,1060.22998046875,1060.22998046875,81486
"ISRG","Intuitive Surgical, Inc. - Common Stock","2021-09-03 10:30:00-04:00",1060.31005859375,1068.8499755859375,1060.31005859375,1068.5799560546875,1068.5799560546875,37270
"ISRG","Intuitive Surgical, Inc. - Common Stock","2021-09-03 11:30:00-04:00",1067.8499755859375,1070.9000244140625,1066.0986328125,1069.6700439453125,1069.6700439453125,28469
"ISRG","Intuitive Surgical, Inc. - Common Stock","2021-09-03 12:30:00-04:00",1069.5999755859375,1072.699951171875,1067.2249755859375,1070.0849609375,1070.0849609375,43333
"ISRG","Intuitive Surgical, Inc. - Common Stock","2021-09-03 13:30:00-04:00",1070.52001953125,1070.8199462890625,1069.4300537109375,1070.22998046875,1070.22998046875,16814
"ISRG","Intuitive Surgical, Inc. - Common Stock","2021-09-03 14:30:00-04:00",1070.5,1072.800048828125,1069.9000244140625,1070.699951171875,1070.699951171875,23059
"ISRG","Intuitive Surgical, Inc. - Common Stock","2021-09-03 15:30:00-04:00",1070.5,1072.7099609375,1069.77001953125,1072.22998046875,1072.22998046875,47872
"ISRG","Intuitive Surgical, Inc. - Common Stock","2021-09-03 16:00:00-04:00",1071.77,1073.68,1071.77,1073.0,1073.0,0
"ISRG","Intuitive Surgical, Inc. - Common Stock","2021-09-03 17:00:00-04:00",1073.0,1073.31,1072.99,1073.31,1073.31,0
"ISRG","Intuitive Surgical, Inc. - Common Stock","2021-09-03 18:00:00-04:00",1073.3,1073.31,1072.0,1072.0,1072.0,0
"ISRG","Intuitive Surgical, Inc. - Common Stock","2021-09-03 19:00:00-04:00",1073.0,1075.0,1073.0,1073.0,1073.0,0
"ISRG","Intuitive Surgical, Inc. - Common Stock","2021-09-07 04:00:00-04:00",1078.89,1078.89,1073.0,1073.0,1073.0,0
"ISRG","Intuitive Surgical, Inc. - Common Stock","2021-09-07 05:00:00-04:00",1080.7,1080.7,1071.78,1073.1,1073.1,0
"ISRG","Intuitive Surgical, Inc. - Common Stock","2021-09-07 06:00:00-04:00",1073.1,1076.43,1073.0,1073.0,1073.0,0
"ISRG","Intuitive Surgical, Inc. - Common Stock","2021-09-07 07:00:00-04:00",1073.0,1076.78,1071.86,1076.0,1076.0,0
"ISRG","Intuitive Surgical, Inc. - Common Stock","2021-09-07 08:00:00-04:00",1075.0,1078.05,1067.05,1075.88,1075.88,0
"ISRG","Intuitive Surgical, Inc. - Common Stock","2021-09-07 09:00:00-04:00",1075.0,1076.92,1070.25,1070.25,1070.25,0
"ISRG","Intuitive Surgical, Inc. - Common Stock","2021-09-07 09:30:00-04:00",1074.0999755859375,1074.0999755859375,1063.0,1069.030029296875,1069.030029296875,81941
"ISRG","Intuitive Surgical, Inc. - Common Stock","2021-09-07 10:30:00-04:00",1069.7581787109375,1074.0,1068.02001953125,1070.9300537109375,1070.9300537109375,35893
"ISRG","Intuitive Surgical, Inc. - Common Stock","2021-09-07 11:30:00-04:00",1070.9200439453125,1074.469970703125,1069.4200439453125,1071.77001953125,1071.77001953125,22065
"ISRG","Intuitive Surgical, Inc. - Common Stock","2021-09-07 12:30:00-04:00",1071.344970703125,1075.3399658203125,1071.344970703125,1074.5799560546875,1074.5799560546875,31653
"ISRG","Intuitive Surgical, Inc. - Common Stock","2021-09-07 13:30:00-04:00",1074.9549560546875,1074.9549560546875,1069.8800048828125,1074.2750244140625,1074.2750244140625,30052
"ISRG","Intuitive Surgical, Inc. - Common Stock","2021-09-07 14:30:00-04:00",1073.52001953125,1076.1400146484375,1073.0,1075.199951171875,1075.199951171875,23273
"ISRG","Intuitive Surgical, Inc. - Common Stock","2021-09-07 15:30:00-04:00",1074.8800048828125,1078.56005859375,1074.0400390625,1078.1600341796875,1078.1600341796875,52357
"ISRG","Intuitive Surgical, Inc. - Common Stock","2021-09-07 16:00:00-04:00",1078.16,1080.0,1072.866,1080.0,1080.0,0
"ISRG","Intuitive Surgical, Inc. - Common Stock","2021-09-07 17:00:00-04:00",1079.99,1079.99,1078.0,1078.25,1078.25,0
"ISRG","Intuitive Surgical, Inc. - Common Stock","2021-09-07 18:00:00-04:00",1078.25,1078.25,1077.0,1077.0,1077.0,0
"ISRG","Intuitive Surgical, Inc. - Common Stock","2021-09-07 19:00:00-04:00",1078.25,1079.99,1078.25,1079.99,1079.99,0
"ISRG","Intuitive Surgical, Inc. - Common Stock","2021-09-08 04:00:00-04:00",1078.16,1079.0,1075.0,1078.5,1078.5,0
"ISRG","Intuitive Surgical, Inc. - Common Stock","2021-09-08 06:00:00-04:00",1078.12,1078.5,1078.12,1078.5,1078.5,0
"ISRG","Intuitive Surgical, Inc. - Common Stock","2021-09-08 07:00:00-04:00",1078.5,1079.0,1078.12,1078.16,1078.16,0
"ISRG","Intuitive Surgical, Inc. - Common Stock","2021-09-08 08:00:00-04:00",1078.5,1081.55,1077.66,1078.02,1078.02,0
"ISRG","Intuitive Surgical, Inc. - Common Stock","2021-09-08 09:00:00-04:00",1078.5,1100.0,1077.57,1078.0,1078.0,0
"ISRG","Intuitive Surgical, Inc. - Common Stock","2021-09-08 09:30:00-04:00",1078.0,1087.010009765625,1072.4000244140625,1082.0,1082.0,53554
"ISRG","Intuitive Surgical, Inc. - Common Stock","2021-09-08 10:30:00-04:00",1082.0352783203125,1083.25,1076.712890625,1081.77001953125,1081.77001953125,42024
"ISRG","Intuitive Surgical, Inc. - Common Stock","2021-09-08 11:30:00-04:00",1082.969970703125,1085.4100341796875,1077.4200439453125,1084.81494140625,1084.81494140625,35468
"ISRG","Intuitive Surgical, Inc. - Common Stock","2021-09-08 12:30:00-04:00",1084.42626953125,1085.9599609375,1081.4599609375,1083.030029296875,1083.030029296875,25714
"ISRG","Intuitive Surgical, Inc. - Common Stock","2021-09-08 13:30:00-04:00",1083.260009765625,1085.5400390625,1082.1500244140625,1085.0999755859375,1085.0999755859375,29869
"ISRG","Intuitive Surgical, Inc. - Common Stock","2021-09-08 14:30:00-04:00",1084.3900146484375,1086.0150146484375,1082.3399658203125,1082.5400390625,1082.5400390625,24605
"ISRG","Intuitive Surgical, Inc. - Common Stock","2021-09-08 15:30:00-04:00",1082.050048828125,1083.8499755859375,1080.1500244140625,1082.510009765625,1082.510009765625,59206
"ISRG","Intuitive Surgical, Inc. - Common Stock","2021-09-08 16:00:00-04:00",1082.56,1087.0,1082.02,1083.0,1083.0,0
"ISRG","Intuitive Surgical, Inc. - Common Stock","2021-09-08 17:00:00-04:00",1083.0,1083.99,1082.55,1083.0,1083.0,0
"ISRG","Intuitive Surgical, Inc. - Common Stock","2021-09-08 18:00:00-04:00",1083.99,1083.99,1077.25,1083.0,1083.0,0
"ISRG","Intuitive Surgical, Inc. - Common Stock","2021-09-08 19:00:00-04:00",1083.0,1083.0,1082.0,1082.0,1082.0,0
"ISRG","Intuitive Surgical, Inc. - Common Stock","2021-09-09 04:00:00-04:00",1082.56,1082.56,1082.56,1082.56,1082.56,0
"ISRG","Intuitive Surgical, Inc. - Common Stock","2021-09-09 05:00:00-04:00",1082.18,1082.18,1082.0,1082.0,1082.0,0
"ISRG","Intuitive Surgical, Inc. - Common Stock","2021-09-09 06:00:00-04:00",1082.56,1082.56,1081.0,1081.0,1081.0,0
"ISRG","Intuitive Surgical, Inc. - Common Stock","2021-09-09 07:00:00-04:00",1081.0,1084.56,1080.4,1083.0,1083.0,0
"ISRG","Intuitive Surgical, Inc. - Common Stock","2021-09-09 08:00:00-04:00",1084.44,1086.47,1082.0,1085.24,1085.24,0
"ISRG","Intuitive Surgical, Inc. - Common Stock","2021-09-09 09:00:00-04:00",1085.0,1085.97,1082.0,1085.0,1085.0,0
"ISRG","Intuitive Surgical, Inc. - Common Stock","2021-09-09 09:30:00-04:00",1083.1600341796875,1085.85986328125,1078.010009765625,1081.6400146484375,1081.6400146484375,76061
"ISRG","Intuitive Surgical, Inc. - Common Stock","2021-09-09 10:30:00-04:00",1081.1500244140625,1082.260009765625,1074.0799560546875,1078.8599853515625,1078.8599853515625,43541
"ISRG","Intuitive Surgical, Inc. - Common Stock","2021-09-09 11:30:00-04:00",1078.1700439453125,1083.050048828125,1074.5899658203125,1074.6400146484375,1074.6400146484375,35892
"ISRG","Intuitive Surgical, Inc. - Common Stock","2021-09-09 12:30:00-04:00",1074.489990234375,1077.06005859375,1072.3599853515625,1073.780029296875,1073.780029296875,44324
"ISRG","Intuitive Surgical, Inc. - Common Stock","2021-09-09 13:30:00-04:00",1073.800048828125,1073.800048828125,1071.0699462890625,1073.530029296875,1073.530029296875,29875
"ISRG","Intuitive Surgical, Inc. - Common Stock","2021-09-09 14:30:00-04:00",1073.22998046875,1074.949951171875,1071.5400390625,1073.56005859375,1073.56005859375,41314
"ISRG","Intuitive Surgical, Inc. - Common Stock","2021-09-09 15:30:00-04:00",1072.5699462890625,1073.550048828125,1069.6500244140625,1070.3699951171875,1070.3699951171875,64373
"ISRG","Intuitive Surgical, Inc. - Common Stock","2021-09-09 16:00:00-04:00",1070.01,1085.495,1070.0,1071.0,1071.0,0
"ISRG","Intuitive Surgical, Inc. - Common Stock","2021-09-09 17:00:00-04:00",1070.01,1071.99,1065.0,1071.99,1071.99,0
"ISRG","Intuitive Surgical, Inc. - Common Stock","2021-09-09 18:00:00-04:00",1070.3,1072.5,1070.2,1072.5,1072.5,0
"ISRG","Intuitive Surgical, Inc. - Common Stock","2021-09-09 19:00:00-04:00",1072.5,1072.5,1070.3,1070.3,1070.3,0
"ISRG","Intuitive Surgical, Inc. - Common Stock","2021-09-10 04:00:00-04:00",1070.01,1072.99,1070.01,1072.99,1072.99,0
"ISRG","Intuitive Surgical, Inc. - Common Stock","2021-09-10 07:00:00-04:00",1078.68,1079.55,1074.49,1076.26,1076.26,0
"ISRG","Intuitive Surgical, Inc. - Common Stock","2021-09-10 08:00:00-04:00",1077.0,1084.0,1077.0,1077.01,1077.01,0
"ISRG","Intuitive Surgical, Inc. - Common Stock","2021-09-10 09:00:00-04:00",1077.01,1078.72,1075.0,1075.0,1075.0,0
"ISRG","Intuitive Surgical, Inc. - Common Stock","2021-09-10 09:30:00-04:00",1078.6500244140625,1082.0450439453125,1073.050048828125,1073.050048828125,1073.050048828125,47438
"ISRG","Intuitive Surgical, Inc. - Common Stock","2021-09-10 10:30:00-04:00",1071.9200439453125,1074.1400146484375,1068.300048828125,1073.4599609375,1073.4599609375,37016
"ISRG","Intuitive Surgical, Inc. - Common Stock","2021-09-10 11:30:00-04:00",1074.0,1080.81005859375,1073.690185546875,1080.81005859375,1080.81005859375,20385
"ISRG","Intuitive Surgical, Inc. - Common Stock","2021-09-10 12:30:00-04:00",1079.31005859375,1080.8714599609375,1015.1300048828124,1030.010009765625,1030.010009765625,432650
"ISRG","Intuitive Surgical, Inc. - Common Stock","2021-09-10 13:30:00-04:00",1029.5999755859375,1029.5999755859375,1013.0,1019.77001953125,1019.77001953125,252454
"ISRG","Intuitive Surgical, Inc. - Common Stock","2021-09-10 14:30:00-04:00",1019.02001953125,1029.9599609375,1018.010009765625,1024.2049560546875,1024.2049560546875,144849
"ISRG","Intuitive Surgical, Inc. - Common Stock","2021-09-10 15:30:00-04:00",1024.2149658203125,1028.57568359375,1022.3099975585938,1023.219970703125,1023.219970703125,143304
"ISRG","Intuitive Surgical, Inc. - Common Stock","2021-09-10 16:00:00-04:00",1023.47,1036.505,1020.0,1025.0,1025.0,0
"ISRG","Intuitive Surgical, Inc. - Common Stock","2021-09-10 17:00:00-04:00",1025.0,1055.0,1023.0,1025.0,1025.0,0
"ISRG","Intuitive Surgical, Inc. - Common Stock","2021-09-10 18:00:00-04:00",1020.0,1027.0,1020.0,1025.0,1025.0,0
"ISRG","Intuitive Surgical, Inc. - Common Stock","2021-09-10 19:00:00-04:00",1021.01,1032.0,1021.01,1026.0,1026.0,0
"ISRG","Intuitive Surgical, Inc. - Common Stock","2021-09-13 04:00:00-04:00",1023.47,1038.75,1023.47,1038.75,1038.75,0
"ISRG","Intuitive Surgical, Inc. - Common Stock","2021-09-13 05:00:00-04:00",1038.75,1040.0,1032.98,1038.67,1038.67,0
"ISRG","Intuitive Surgical, Inc. - Common Stock","2021-09-13 06:00:00-04:00",1038.67,1038.67,1035.0,1036.0,1036.0,0
"ISRG","Intuitive Surgical, Inc. - Common Stock","2021-09-13 07:00:00-04:00",1038.57,1047.27,1033.0,1035.0,1035.0,0
"ISRG","Intuitive Surgical, Inc. - Common Stock","2021-09-13 08:00:00-04:00",1037.46,1060.0,1023.47,1033.92,1033.92,0
"ISRG","Intuitive Surgical, Inc. - Common Stock","2021-09-13 09:00:00-04:00",1033.92,1039.96,1030.0,1034.66,1034.66,0
"ISRG","Intuitive Surgical, Inc. - Common Stock","2021-09-13 09:30:00-04:00",1028.0,1029.9100341796875,1011.6500244140624,1014.1500244140624,1014.1500244140624,137377
"ISRG","Intuitive Surgical, Inc. - Common Stock","2021-09-13 10:30:00-04:00",1014.1799926757812,1020.0,1011.0001220703124,1012.97998046875,1012.97998046875,79983
"ISRG","Intuitive Surgical, Inc. - Common Stock","2021-09-13 11:30:00-04:00",1013.4000244140624,1022.1002197265624,1011.6699829101562,1019.719970703125,1019.719970703125,62863
"ISRG","Intuitive Surgical, Inc. - Common Stock","2021-09-13 12:30:00-04:00",1020.635009765625,1028.260009765625,1019.3499755859376,1026.43994140625,1026.43994140625,36163
"ISRG","Intuitive Surgical, Inc. - Common Stock","2021-09-13 13:30:00-04:00",1026.719970703125,1028.616943359375,1018.5266723632812,1018.989990234375,1018.989990234375,45851
"ISRG","Intuitive Surgical, Inc. - Common Stock","2021-09-13 14:30:00-04:00",1019.114990234375,1023.8300170898438,1018.635009765625,1023.8300170898438,1023.8300170898438,40783
"ISRG","Intuitive Surgical, Inc. - Common Stock","2021-09-13 15:30:00-04:00",1023.1199951171876,1029.4100341796875,1021.280029296875,1027.8699951171875,1027.8699951171875,70981
"ISRG","Intuitive Surgical, Inc. - Common Stock","2021-09-13 16:00:00-04:00",1027.82,1031.0,1013.01,1029.99,1029.99,0
"ISRG","Intuitive Surgical, Inc. - Common Stock","2021-09-13 17:00:00-04:00",1027.82,1030.0,1027.82,1027.82,1027.82,0
"ISRG","Intuitive Surgical, Inc. - Common Stock","2021-09-13 18:00:00-04:00",1027.82,1027.82,1026.0,1027.5,1027.5,0
"ISRG","Intuitive Surgical, Inc. - Common Stock","2021-09-13 19:00:00-04:00",1028.0,1031.0,1016.0,1027.99,1027.99,0
"ISRG","Intuitive Surgical, Inc. - Common Stock","2021-09-14 04:00:00-04:00",1027.82,1027.82,1027.82,1027.82,1027.82,0
"ISRG","Intuitive Surgical, Inc. - Common Stock","2021-09-14 05:00:00-04:00",1037.0,1037.0,1036.0,1036.0,1036.0,0
"ISRG","Intuitive Surgical, Inc. - Common Stock","2021-09-14 06:00:00-04:00",1037.0,1037.0,1029.43,1029.43,1029.43,0
"ISRG","Intuitive Surgical, Inc. - Common Stock","2021-09-14 07:00:00-04:00",1029.43,1032.0,1029.0,1030.0,1030.0,0
"ISRG","Intuitive Surgical, Inc. - Common Stock","2021-09-14 08:00:00-04:00",1029.0,1032.99,1027.13,1027.82,1027.82,0
"ISRG","Intuitive Surgical, Inc. - Common Stock","2021-09-14 09:00:00-04:00",1030.0,1038.8,1030.0,1035.0,1035.0,0
"ISRG","Intuitive Surgical, Inc. - Common Stock","2021-09-14 09:30:00-04:00",1033.5699462890625,1043.510009765625,1031.0400390625,1034.050048828125,1034.050048828125,72054
"ISRG","Intuitive Surgical, Inc. - Common Stock","2021-09-14 10:30:00-04:00",1034.81005859375,1038.1800537109375,1027.97998046875,1034.3699951171875,1034.3699951171875,74450
"ISRG","Intuitive Surgical, Inc. - Common Stock","2021-09-14 11:30:00-04:00",1034.6600341796875,1040.344970703125,1033.9000244140625,1039.3399658203125,1039.3399658203125,37354
"ISRG","Intuitive Surgical, Inc. - Common Stock","2021-09-14 12:30:00-04:00",1038.8499755859375,1040.0999755859375,1036.0699462890625,1039.550048828125,1039.550048828125,48776
"ISRG","Intuitive Surgical, Inc. - Common Stock","2021-09-14 13:30:00-04:00",1039.56005859375,1046.8699951171875,1038.6800537109375,1041.22998046875,1041.22998046875,45278
"ISRG","Intuitive Surgical, Inc. - Common Stock","2021-09-14 14:30:00-04:00",1040.8399658203125,1042.93994140625,1038.77001953125,1039.3699951171875,1039.3699951171875,49182
"ISRG","Intuitive Surgical, Inc. - Common Stock","2021-09-14 15:30:00-04:00",1039.18994140625,1042.1600341796875,1034.3699951171875,1038.8299560546875,1038.8299560546875,132712
"ISRG","Intuitive Surgical, Inc. - Common Stock","2021-09-14 16:00:00-04:00",1039.01,1039.67,1032.2,1039.01,1039.01,0
"ISRG","Intuitive Surgical, Inc. - Common Stock","2021-09-14 17:00:00-04:00",1035.99,1039.01,1035.0,1035.0,1035.0,0
"ISRG","Intuitive Surgical, Inc. - Common Stock","2021-09-14 18:00:00-04:00",1035.9,1036.18,1034.0,1034.99,1034.99,0
"ISRG","Intuitive Surgical, Inc. - Common Stock","2021-09-14 19:00:00-04:00",1034.99,1036.0,1034.99,1035.0,1035.0,0
"ISRG","Intuitive Surgical, Inc. - Common Stock","2021-09-15 04:00:00-04:00",1045.0,1045.0,1045.0,1045.0,1045.0,0
"ISRG","Intuitive Surgical, Inc. - Common Stock","2021-09-15 05:00:00-04:00",1044.0,1044.0,1034.8,1039.01,1039.01,0
"ISRG","Intuitive Surgical, Inc. - Common Stock","2021-09-15 06:00:00-04:00",1048.0,1048.0,1039.01,1039.01,1039.01,0
"ISRG","Intuitive Surgical, Inc. - Common Stock","2021-09-15 07:00:00-04:00",1039.01,1043.85,1039.01,1040.0,1040.0,0
"ISRG","Intuitive Surgical, Inc. - Common Stock","2021-09-15 08:00:00-04:00",1039.0,1041.99,1038.99,1039.1,1039.1,0
"ISRG","Intuitive Surgical, Inc. - Common Stock","2021-09-15 09:00:00-04:00",1040.0,1041.0,1039.02,1040.99,1040.99,0
"ISRG","Intuitive Surgical, Inc. - Common Stock","2021-09-15 09:30:00-04:00",1040.0,1040.989990234375,1031.1199951171875,1037.06005859375,1037.06005859375,63234
"ISRG","Intuitive Surgical, Inc. - Common Stock","2021-09-15 10:30:00-04:00",1036.300048828125,1040.739990234375,1034.405029296875,1034.405029296875,1034.405029296875,44149
"ISRG","Intuitive Surgical, Inc. - Common Stock","2021-09-15 11:30:00-04:00",1034.5400390625,1036.0799560546875,1031.6500244140625,1034.989990234375,1034.989990234375,64241
"ISRG","Intuitive Surgical, Inc. - Common Stock","2021-09-15 12:30:00-04:00",1034.1700439453125,1042.719970703125,1032.6700439453125,1042.719970703125,1042.719970703125,57147
"ISRG","Intuitive Surgical, Inc. - Common Stock","2021-09-15 13:30:00-04:00",1042.9200439453125,1045.5968017578125,1041.6199951171875,1043.3394775390625,1043.3394775390625,23951
"ISRG","Intuitive Surgical, Inc. - Common Stock","2021-09-15 14:30:00-04:00",1043.4300537109375,1046.0096435546875,1041.4100341796875,1044.8699951171875,1044.8699951171875,56255
"ISRG","Intuitive Surgical, Inc. - Common Stock","2021-09-15 15:30:00-04:00",1045.2349853515625,1046.9599609375,1042.8599853515625,1045.530029296875,1045.530029296875,72214
"ISRG","Intuitive Surgical, Inc. - Common Stock","2021-09-15 16:00:00-04:00",1045.52,1049.0,1040.0,1045.52,1045.52,0
"ISRG","Intuitive Surgical, Inc. - Common Stock","2021-09-15 17:00:00-04:00",1045.52,1047.48,1043.1,1047.48,1047.48,0
"ISRG","Intuitive Surgical, Inc. - Common Stock","2021-09-15 18:00:00-04:00",1047.0,1048.5,1045.5,1045.5,1045.5,0
"ISRG","Intuitive Surgical, Inc. - Common Stock","2021-09-15 19:00:00-04:00",1045.52,1047.99,1043.01,1043.01,1043.01,0
"ISRG","Intuitive Surgical, Inc. - Common Stock","2021-09-16 04:00:00-04:00",1045.66,1045.66,1045.52,1045.52,1045.52,0
"ISRG","Intuitive Surgical, Inc. - Common Stock","2021-09-16 05:00:00-04:00",1045.55,1045.67,1043.01,1045.4,1045.4,0
"ISRG","Intuitive Surgical, Inc. - Common Stock","2021-09-16 07:00:00-04:00",1045.4,1045.66,1042.0,1044.0,1044.0,0
"ISRG","Intuitive Surgical, Inc. - Common Stock","2021-09-16 08:00:00-04:00",1043.0,1045.67,1040.06,1045.67,1045.67,0
"ISRG","Intuitive Surgical, Inc. - Common Stock","2021-09-16 09:00:00-04:00",1045.4,1045.6,1042.01,1045.6,1045.6,0
"ISRG","Intuitive Surgical, Inc. - Common Stock","2021-09-16 09:30:00-04:00",1043.5150146484375,1047.425048828125,1028.97998046875,1032.6650390625,1032.6650390625,102701
"ISRG","Intuitive Surgical, Inc. - Common Stock","2021-09-16 10:30:00-04:00",1031.3299560546875,1036.010009765625,1028.760009765625,1032.8699951171875,1032.8699951171875,54633
"ISRG","Intuitive Surgical, Inc. - Common Stock","2021-09-16 11:30:00-04:00",1033.2550048828125,1033.2550048828125,1029.3199462890625,1031.4949951171875,1031.4949951171875,48647
"ISRG","Intuitive Surgical, Inc. - Common Stock","2021-09-16 12:30:00-04:00",1031.030029296875,1031.6099853515625,1030.0,1031.530029296875,1031.530029296875,40899
"ISRG","Intuitive Surgical, Inc. - Common Stock","2021-09-16 13:30:00-04:00",1031.3900146484375,1032.93994140625,1029.4100341796875,1031.81689453125,1031.81689453125,34033
"ISRG","Intuitive Surgical, Inc. - Common Stock","2021-09-16 14:30:00-04:00",1030.3599853515625,1033.6600341796875,1029.8699951171875,1032.4000244140625,1032.4000244140625,54234
"ISRG","Intuitive Surgical, Inc. - Common Stock","2021-09-16 15:30:00-04:00",1032.405029296875,1036.4599609375,1031.93994140625,1034.0,1034.0,110249
"ISRG","Intuitive Surgical, Inc. - Common Stock","2021-09-16 16:00:00-04:00",1034.01,1035.0,1025.0,1034.0,1034.0,0
"ISRG","Intuitive Surgical, Inc. - Common Stock","2021-09-16 17:00:00-04:00",1034.01,1034.01,1034.0,1034.0,1034.0,0
"ISRG","Intuitive Surgical, Inc. - Common Stock","2021-09-16 18:00:00-04:00",1034.0,1034.0,1031.01,1034.0,1034.0,0
"ISRG","Intuitive Surgical, Inc. - Common Stock","2021-09-16 19:00:00-04:00",1034.0,1034.01,1033.5,1033.5,1033.5,0
"ISRG","Intuitive Surgical, Inc. - Common Stock","2021-09-17 04:00:00-04:00",1034.5,1039.0,1034.5,1039.0,1039.0,0
"ISRG","Intuitive Surgical, Inc. - Common Stock","2021-09-17 06:00:00-04:00",1038.43,1038.94,1038.43,1038.9,1038.9,0
"ISRG","Intuitive Surgical, Inc. - Common Stock","2021-09-17 07:00:00-04:00",1033.7,1038.07,1029.0,1034.0,1034.0,0
"ISRG","Intuitive Surgical, Inc. - Common Stock","2021-09-17 08:00:00-04:00",1032.72,1033.0,1030.58,1032.0,1032.0,0
"ISRG","Intuitive Surgical, Inc. - Common Stock","2021-09-17 09:00:00-04:00",1034.27,1034.27,1034.0,1034.0,1034.0,0
"ISRG","Intuitive Surgical, Inc. - Common Stock","2021-09-17 09:30:00-04:00",1035.2900390625,1037.1099853515625,1028.030029296875,1035.5849609375,1035.5849609375,171674
"ISRG","Intuitive Surgical, Inc. - Common Stock","2021-09-17 10:30:00-04:00",1034.4000244140625,1037.614990234375,1031.2650146484375,1034.9100341796875,1034.9100341796875,40932
"ISRG","Intuitive Surgical, Inc. - Common Stock","2021-09-17 11:30:00-04:00",1034.114990234375,1035.5699462890625,1031.3699951171875,1034.4124755859375,1034.4124755859375,23099
"ISRG","Intuitive Surgical, Inc. - Common Stock","2021-09-17 12:30:00-04:00",1034.1300048828125,1035.2850341796875,1031.1500244140625,1032.1700439453125,1032.1700439453125,26111
"ISRG","Intuitive Surgical, Inc. - Common Stock","2021-09-17 13:30:00-04:00",1032.4300537109375,1036.030029296875,1031.31005859375,1033.449951171875,1033.449951171875,21167
"ISRG","Intuitive Surgical, Inc. - Common Stock","2021-09-17 14:30:00-04:00",1033.9000244140625,1037.550048828125,1032.989990234375,1036.02001953125,1036.02001953125,24304
"ISRG","Intuitive Surgical, Inc. - Common Stock","2021-09-17 15:30:00-04:00",1036.449951171875,1040.4599609375,1035.0999755859375,1037.260009765625,1037.260009765625,80026
"ISRG","Intuitive Surgical, Inc. - Common Stock","2021-09-17 16:00:00-04:00",1037.27,1037.2738,1030.0,1037.27,1037.27,0
"ISRG","Intuitive Surgical, Inc. - Common Stock","2021-09-17 17:00:00-04:00",1037.27,1040.01,1034.01,1034.01,1034.01,0
"ISRG","Intuitive Surgical, Inc. - Common Stock","2021-09-17 18:00:00-04:00",1030.0,1036.68,1030.0,1034.99,1034.99,0
"ISRG","Intuitive Surgical, Inc. - Common Stock","2021-09-17 19:00:00-04:00",1034.0,1036.99,1033.01,1033.02,1033.02,0
"ISRG","Intuitive Surgical, Inc. - Common Stock","2021-09-20 04:00:00-04:00",1037.0,1037.0,1021.0,1025.0,1025.0,0
"ISRG","Intuitive Surgical, Inc. - Common Stock","2021-09-20 05:00:00-04:00",1025.0,1025.0,1020.01,1020.1,1020.1,0
"ISRG","Intuitive Surgical, Inc. - Common Stock","2021-09-20 06:00:00-04:00",1020.1,1020.1,1020.01,1020.01,1020.01,0
"ISRG","Intuitive Surgical, Inc. - Common Stock","2021-09-20 07:00:00-04:00",1022.0,1025.0,1020.01,1022.92,1022.92,0
"ISRG","Intuitive Surgical, Inc. - Common Stock","2021-09-20 08:00:00-04:00",1022.0,1037.27,1017.0,1020.0,1020.0,0
"ISRG","Intuitive Surgical, Inc. - Common Stock","2021-09-20 09:00:00-04:00",1020.46,1037.27,1017.0,1021.07,1021.07,0
"ISRG","Intuitive Surgical, Inc. - Common Stock","2021-09-20 09:30:00-04:00",1019.010009765625,1030.550048828125,1017.25,1030.550048828125,1030.550048828125,89208
"ISRG","Intuitive Surgical, Inc. - Common Stock","2021-09-20 10:30:00-04:00",1031.8699951171875,1031.8699951171875,1017.75,1026.449951171875,1026.449951171875,49664
"ISRG","Intuitive Surgical, Inc. - Common Stock","2021-09-20 11:30:00-04:00",1026.4200439453125,1026.6500244140625,1011.0999755859376,1011.6209716796876,1011.6209716796876,64661
"ISRG","Intuitive Surgical, Inc. - Common Stock","2021-09-20 12:30:00-04:00",1012.0599975585938,1014.6300048828124,1009.469970703125,1013.5999755859376,1013.5999755859376,61783
"ISRG","Intuitive Surgical, Inc. - Common Stock","2021-09-20 13:30:00-04:00",1013.3599853515624,1014.6900024414062,1005.5900268554688,1006.0449829101562,1006.0449829101562,72533
"ISRG","Intuitive Surgical, Inc. - Common Stock","2021-09-20 14:30:00-04:00",1005.6099853515624,1007.5599975585938,1000.0499877929688,1005.0,1005.0,77759
"ISRG","Intuitive Surgical, Inc. - Common Stock","2021-09-20 15:30:00-04:00",1004.9400024414062,1015.2999877929688,1002.7899780273438,1013.989990234375,1013.989990234375,108299
"ISRG","Intuitive Surgical, Inc. - Common Stock","2021-09-20 16:00:00-04:00",1013.99,1027.245,1010.01,1011.01,1011.01,0
"ISRG","Intuitive Surgical, Inc. - Common Stock","2021-09-20 17:00:00-04:00",1011.22,1015.0,1011.22,1011.22,1011.22,0
"ISRG","Intuitive Surgical, Inc. - Common Stock","2021-09-20 18:00:00-04:00",1040.0,1040.0,1015.0,1015.0,1015.0,0
"ISRG","Intuitive Surgical, Inc. - Common Stock","2021-09-20 19:00:00-04:00",1012.01,1014.49,1012.01,1014.49,1014.49,0
"ISRG","Intuitive Surgical, Inc. - Common Stock","2021-09-21 04:00:00-04:00",1016.61,1023.37,1016.61,1023.37,1023.37,0
"ISRG","Intuitive Surgical, Inc. - Common Stock","2021-09-21 05:00:00-04:00",1023.37,1030.0,1023.37,1030.0,1030.0,0
"ISRG","Intuitive Surgical, Inc. - Common Stock","2021-09-21 06:00:00-04:00",1030.0,1030.0,1029.0,1030.0,1030.0,0
"ISRG","Intuitive Surgical, Inc. - Common Stock","2021-09-21 07:00:00-04:00",1030.0,1030.0,1023.33,1027.0,1027.0,0
"ISRG","Intuitive Surgical, Inc. - Common Stock","2021-09-21 08:00:00-04:00",1029.99,1041.0,1015.0,1029.62,1029.62,0
"ISRG","Intuitive Surgical, Inc. - Common Stock","2021-09-21 09:00:00-04:00",1022.28,1029.49,1013.99,1022.3,1022.3,0
"ISRG","Intuitive Surgical, Inc. - Common Stock","2021-09-21 09:30:00-04:00",1020.8599853515624,1029.5699462890625,1015.719970703125,1024.3399658203125,1024.3399658203125,197073
"ISRG","Intuitive Surgical, Inc. - Common Stock","2021-09-21 10:30:00-04:00",1024.9000244140625,1028.0,1018.791015625,1022.27001953125,1022.27001953125,49187
"ISRG","Intuitive Surgical, Inc. - Common Stock","2021-09-21 11:30:00-04:00",1022.1500244140624,1025.0,1020.306396484375,1022.260009765625,1022.260009765625,48461
"ISRG","Intuitive Surgical, Inc. - Common Stock","2021-09-21 12:30:00-04:00",1019.6300048828124,1021.8300170898438,1017.3099975585938,1017.52001953125,1017.52001953125,48174
"ISRG","Intuitive Surgical, Inc. - Common Stock","2021-09-21 13:30:00-04:00",1019.530029296875,1020.5399780273438,1013.6599731445312,1013.9949951171876,1013.9949951171876,32809
"ISRG","Intuitive Surgical, Inc. - Common Stock","2021-09-21 14:30:00-04:00",1013.6699829101562,1018.8798828125,1013.6699829101562,1016.3099975585938,1016.3099975585938,51719
"ISRG","Intuitive Surgical, Inc. - Common Stock","2021-09-21 15:30:00-04:00",1017.0,1018.5800170898438,1013.0,1013.1199951171876,1013.1199951171876,74925
"ISRG","Intuitive Surgical, Inc. - Common Stock","2021-09-21 16:00:00-04:00",1013.12,1014.25,1012.0,1013.98,1013.98,0
"ISRG","Intuitive Surgical, Inc. - Common Stock","2021-09-21 17:00:00-04:00",1014.04,1014.04,1012.0,1013.98,1013.98,0
"ISRG","Intuitive Surgical, Inc. - Common Stock","2021-09-21 18:00:00-04:00",1013.6,1013.6,1013.6,1013.6,1013.6,0
"ISRG","Intuitive Surgical, Inc. - Common Stock","2021-09-21 19:00:00-04:00",1013.0,1014.0,1012.0,1014.0,1014.0,0
"ISRG","Intuitive Surgical, Inc. - Common Stock","2021-09-22 04:00:00-04:00",1028.78,1028.78,1028.78,1028.78,1028.78,0
"ISRG","Intuitive Surgical, Inc. - Common Stock","2021-09-22 05:00:00-04:00",1014.04,1024.63,1014.04,1014.05,1014.05,0
"ISRG","Intuitive Surgical, Inc. - Common Stock","2021-09-22 07:00:00-04:00",1014.05,1023.98,1014.05,1021.48,1021.48,0
"ISRG","Intuitive Surgical, Inc. - Common Stock","2021-09-22 08:00:00-04:00",1015.5,1019.31,1015.5,1017.0,1017.0,0
"ISRG","Intuitive Surgical, Inc. - Common Stock","2021-09-22 09:00:00-04:00",1017.53,1028.5,1017.53,1024.01,1024.01,0
"ISRG","Intuitive Surgical, Inc. - Common Stock","2021-09-22 09:30:00-04:00",1020.0,1024.925048828125,1015.0,1022.8699951171876,1022.8699951171876,72739
"ISRG","Intuitive Surgical, Inc. - Common Stock","2021-09-22 10:30:00-04:00",1022.219970703125,1024.3499755859375,1020.77001953125,1024.3499755859375,1024.3499755859375,57957
"ISRG","Intuitive Surgical, Inc. - Common Stock","2021-09-22 11:30:00-04:00",1024.530029296875,1032.9599609375,1024.3199462890625,1030.5999755859375,1030.5999755859375,45326
"ISRG","Intuitive Surgical, Inc. - Common Stock","2021-09-22 12:30:00-04:00",1031.06494140625,1032.8599853515625,1027.0,1027.5999755859375,1027.5999755859375,29213
"ISRG","Intuitive Surgical, Inc. - Common Stock","2021-09-22 13:30:00-04:00",1028.52001953125,1037.3199462890625,1025.7900390625,1035.2935791015625,1035.2935791015625,60541
"ISRG","Intuitive Surgical, Inc. - Common Stock","2021-09-22 14:30:00-04:00",1035.31005859375,1035.31005859375,1025.3699951171875,1028.550048828125,1028.550048828125,63595
"ISRG","Intuitive Surgical, Inc. - Common Stock","2021-09-22 15:30:00-04:00",1028.469970703125,1031.2850341796875,1025.1300048828125,1028.47998046875,1028.47998046875,71668
"ISRG","Intuitive Surgical, Inc. - Common Stock","2021-09-22 16:00:00-04:00",1028.47,1030.0,1018.8269,1028.0,1028.0,0
"ISRG","Intuitive Surgical, Inc. - Common Stock","2021-09-22 17:00:00-04:00",1050.0,1050.0,1027.0,1028.47,1028.47,0
"ISRG","Intuitive Surgical, Inc. - Common Stock","2021-09-22 18:00:00-04:00",1028.5,1028.5,1028.5,1028.5,1028.5,0
"ISRG","Intuitive Surgical, Inc. - Common Stock","2021-09-22 19:00:00-04:00",1028.0,1030.73,1028.0,1030.73,1030.73,0
"ISRG","Intuitive Surgical, Inc. - Common Stock","2021-09-23 04:00:00-04:00",1037.0,1037.0,1037.0,1037.0,1037.0,0
"ISRG","Intuitive Surgical, Inc. - Common Stock","2021-09-23 05:00:00-04:00",1032.0,1036.5,1032.0,1036.5,1036.5,0
"ISRG","Intuitive Surgical, Inc. - Common Stock","2021-09-23 06:00:00-04:00",1038.0,1040.0,1034.42,1036.0,1036.0,0
"ISRG","Intuitive Surgical, Inc. - Common Stock","2021-09-23 07:00:00-04:00",1034.42,1035.0,1032.75,1033.5,1033.5,0
"ISRG","Intuitive Surgical, Inc. - Common Stock","2021-09-23 08:00:00-04:00",1035.0,1036.0,1033.51,1034.8,1034.8,0
"ISRG","Intuitive Surgical, Inc. - Common Stock","2021-09-23 09:00:00-04:00",1036.0,1039.99,1030.0,1030.12,1030.12,0
"ISRG","Intuitive Surgical, Inc. - Common Stock","2021-09-23 09:30:00-04:00",1031.25,1039.239990234375,1030.530029296875,1037.5799560546875,1037.5799560546875,61320
"ISRG","Intuitive Surgical, Inc. - Common Stock","2021-09-23 10:30:00-04:00",1037.6199951171875,1047.6500244140625,1036.0,1041.2099609375,1041.2099609375,51547
"ISRG","Intuitive Surgical, Inc. - Common Stock","2021-09-23 11:30:00-04:00",1041.4200439453125,1044.550048828125,1040.5999755859375,1043.199951171875,1043.199951171875,59577
"ISRG","Intuitive Surgical, Inc. - Common Stock","2021-09-23 12:30:00-04:00",1043.8800048828125,1050.989990234375,1042.97998046875,1050.4150390625,1050.4150390625,34696
"ISRG","Intuitive Surgical, Inc. - Common Stock","2021-09-23 13:30:00-04:00",1050.6199951171875,1051.9000244140625,1047.56005859375,1047.824951171875,1047.824951171875,36703
"ISRG","Intuitive Surgical, Inc. - Common Stock","2021-09-23 14:30:00-04:00",1048.1199951171875,1050.3800048828125,1045.93505859375,1046.0450439453125,1046.0450439453125,46681
"ISRG","Intuitive Surgical, Inc. - Common Stock","2021-09-23 15:30:00-04:00",1046.0050048828125,1048.89501953125,1043.9599609375,1043.9599609375,1043.9599609375,77833
"ISRG","Intuitive Surgical, Inc. - Common Stock","2021-09-23 16:00:00-04:00",1044.84,1047.99,1044.84,1047.51,1047.51,0
"ISRG","Intuitive Surgical, Inc. - Common Stock","2021-09-23 17:00:00-04:00",1046.01,1048.48,1044.8,1045.0,1045.0,0
"ISRG","Intuitive Surgical, Inc. - Common Stock","2021-09-23 18:00:00-04:00",1049.4,1054.8,1044.84,1046.01,1046.01,0
"ISRG","Intuitive Surgical, Inc. - Common Stock","2021-09-23 19:00:00-04:00",1045.0,1047.95,1045.0,1045.0,1045.0,0
"ISRG","Intuitive Surgical, Inc. - Common Stock","2021-09-24 04:00:00-04:00",1049.5,1049.5,1044.84,1044.84,1044.84,0
"ISRG","Intuitive Surgical, Inc. - Common Stock","2021-09-24 05:00:00-04:00",1043.5,1045.0,1043.5,1045.0,1045.0,0
"ISRG","Intuitive Surgical, Inc. - Common Stock","2021-09-24 06:00:00-04:00",1044.8,1045.0,1043.94,1043.94,1043.94,0
"ISRG","Intuitive Surgical, Inc. - Common Stock","2021-09-24 07:00:00-04:00",1035.35,1044.84,1035.35,1042.0,1042.0,0
"ISRG","Intuitive Surgical, Inc. - Common Stock","2021-09-24 08:00:00-04:00",1040.0,1044.84,1037.35,1037.35,1037.35,0
"ISRG","Intuitive Surgical, Inc. - Common Stock","2021-09-24 09:00:00-04:00",1038.0,1043.62,1037.0,1038.01,1038.01,0
"ISRG","Intuitive Surgical, Inc. - Common Stock","2021-09-24 09:30:00-04:00",1040.5799560546875,1041.4200439453125,1035.0,1038.2099609375,1038.2099609375,56407
"ISRG","Intuitive Surgical, Inc. - Common Stock","2021-09-24 10:30:00-04:00",1037.4599609375,1037.6650390625,1032.1300048828125,1032.18994140625,1032.18994140625,35717
"ISRG","Intuitive Surgical, Inc. - Common Stock","2021-09-24 11:30:00-04:00",1030.9300537109375,1036.3900146484375,1030.469970703125,1035.9000244140625,1035.9000244140625,32144
"ISRG","Intuitive Surgical, Inc. - Common Stock","2021-09-24 12:30:00-04:00",1036.25,1040.780029296875,1036.25,1039.3900146484375,1039.3900146484375,33531
"ISRG","Intuitive Surgical, Inc. - Common Stock","2021-09-24 13:30:00-04:00",1040.18994140625,1040.7249755859375,1037.199951171875,1040.43994140625,1040.43994140625,29372
"ISRG","Intuitive Surgical, Inc. - Common Stock","2021-09-24 14:30:00-04:00",1040.3299560546875,1044.27001953125,1040.3199462890625,1042.739990234375,1042.739990234375,25795
"ISRG","Intuitive Surgical, Inc. - Common Stock","2021-09-24 15:30:00-04:00",1042.449951171875,1045.969970703125,1038.8199462890625,1043.9000244140625,1043.9000244140625,91510
"ISRG","Intuitive Surgical, Inc. - Common Stock","2021-09-24 16:00:00-04:00",1043.33,1043.4,1023.04,1043.33,1043.33,0
"ISRG","Intuitive Surgical, Inc. - Common Stock","2021-09-24 17:00:00-04:00",1043.0,1045.0,1038.03,1038.03,1038.03,0
"ISRG","Intuitive Surgical, Inc. - Common Stock","2021-09-24 18:00:00-04:00",1038.03,1044.99,1030.0,1041.02,1041.02,0
"ISRG","Intuitive Surgical, Inc. - Common Stock","2021-09-24 19:00:00-04:00",1043.33,1045.0,1043.3,1044.99,1044.99,0
"ISRG","Intuitive Surgical, Inc. - Common Stock","2021-09-27 04:00:00-04:00",1045.0,1045.0,1045.0,1045.0,1045.0,0
"ISRG","Intuitive Surgical, Inc. - Common Stock","2021-09-27 05:00:00-04:00",1047.2,1047.2,1043.35,1047.05,1047.05,0
"ISRG","Intuitive Surgical, Inc. - Common Stock","2021-09-27 06:00:00-04:00",1047.05,1047.05,1043.34,1045.24,1045.24,0
"ISRG","Intuitive Surgical, Inc. - Common Stock","2021-09-27 07:00:00-04:00",1043.34,1045.62,1037.79,1039.03,1039.03,0
"ISRG","Intuitive Surgical, Inc. - Common Stock","2021-09-27 08:00:00-04:00",1040.0,1045.938,1037.53,1037.53,1037.53,0
"ISRG","Intuitive Surgical, Inc. - Common Stock","2021-09-27 09:00:00-04:00",1039.34,1042.2,1038.0,1039.8,1039.8,0
"ISRG","Intuitive Surgical, Inc. - Common Stock","2021-09-27 09:30:00-04:00",1039.8900146484375,1039.989990234375,1015.030029296875,1017.0499877929688,1017.0499877929688,102002
"ISRG","Intuitive Surgical, Inc. - Common Stock","2021-09-27 10:30:00-04:00",1017.0499877929688,1023.239990234375,1008.64501953125,1013.1599731445312,1013.1599731445312,58920
"ISRG","Intuitive Surgical, Inc. - Common Stock","2021-09-27 11:30:00-04:00",1012.844482421875,1012.9000244140624,1003.760009765625,1006.5700073242188,1006.5700073242188,72656
"ISRG","Intuitive Surgical, Inc. - Common Stock","2021-09-27 12:30:00-04:00",1006.530029296875,1009.9400024414062,1003.0,1009.8800048828124,1009.8800048828124,45401
"ISRG","Intuitive Surgical, Inc. - Common Stock","2021-09-27 13:30:00-04:00",1009.77001953125,1011.6599731445312,1006.52001953125,1011.22998046875,1011.22998046875,45892
"ISRG","Intuitive Surgical, Inc. - Common Stock","2021-09-27 14:30:00-04:00",1011.8300170898438,1017.989990234375,1010.4400024414062,1013.1300048828124,1013.1300048828124,47613
"ISRG","Intuitive Surgical, Inc. - Common Stock","2021-09-27 15:30:00-04:00",1013.010009765625,1014.0900268554688,1008.260009765625,1013.75,1013.75,74643
"ISRG","Intuitive Surgical, Inc. - Common Stock","2021-09-27 16:00:00-04:00",1013.75,1015.99,1013.0,1014.0,1014.0,0
"ISRG","Intuitive Surgical, Inc. - Common Stock","2021-09-27 17:00:00-04:00",1015.0,1017.95,1013.0,1013.75,1013.75,0
"ISRG","Intuitive Surgical, Inc. - Common Stock","2021-09-27 18:00:00-04:00",1013.75,1016.99,1013.5,1015.37,1015.37,0
"ISRG","Intuitive Surgical, Inc. - Common Stock","2021-09-27 19:00:00-04:00",1014.77,1016.8,1013.0,1015.99,1015.99,0
"ISRG","Intuitive Surgical, Inc. - Common Stock","2021-09-28 04:00:00-04:00",1010.48,1010.48,1001.99,1004.45,1004.45,0
"ISRG","Intuitive Surgical, Inc. - Common Stock","2021-09-28 05:00:00-04:00",1003.18,1012.0,1001.01,1012.0,1012.0,0
"ISRG","Intuitive Surgical, Inc. - Common Stock","2021-09-28 06:00:00-04:00",1004.8,1008.9,1001.5,1001.5,1001.5,0
"ISRG","Intuitive Surgical, Inc. - Common Stock","2021-09-28 07:00:00-04:00",1001.5,1010.81,1001.25,1005.01,1005.01,0
"ISRG","Intuitive Surgical, Inc. - Common Stock","2021-09-28 08:00:00-04:00",1003.0,1016.284,1001.0,1011.0,1011.0,0
"ISRG","Intuitive Surgical, Inc. - Common Stock","2021-09-28 09:00:00-04:00",1002.0,1007.99,1001.0,1005.0,1005.0,0
"ISRG","Intuitive Surgical, Inc. - Common Stock","2021-09-28 09:30:00-04:00",1005.530029296875,1006.72998046875,978.530029296875,985.625,985.625,147017
"ISRG","Intuitive Surgical, Inc. - Common Stock","2021-09-28 10:30:00-04:00",985.4400024414062,997.239990234375,981.7000122070312,996.8350219726562,996.8350219726562,105971
"ISRG","Intuitive Surgical, Inc. - Common Stock","2021-09-28 11:30:00-04:00",995.9500122070312,998.3400268554688,990.1300048828124,992.3599853515624,992.3599853515624,47342
"ISRG","Intuitive Surgical, Inc. - Common Stock","2021-09-28 12:30:00-04:00",991.6799926757812,994.97998046875,985.7100219726562,994.97998046875,994.97998046875,39461
"ISRG","Intuitive Surgical, Inc. - Common Stock","2021-09-28 13:30:00-04:00",994.239990234375,996.7100219726562,990.02001953125,994.780029296875,994.780029296875,39015
"ISRG","Intuitive Surgical, Inc. - Common Stock","2021-09-28 14:30:00-04:00",994.6099853515624,999.6799926757812,994.0900268554688,997.4849853515624,997.4849853515624,59082
"ISRG","Intuitive Surgical, Inc. - Common Stock","2021-09-28 15:30:00-04:00",997.239990234375,997.9400024414062,989.9099731445312,992.47998046875,992.47998046875,106686
"ISRG","Intuitive Surgical, Inc. - Common Stock","2021-09-28 16:00:00-04:00",992.49,1010.0,992.49,992.49,992.49,0
"ISRG","Intuitive Surgical, Inc. - Common Stock","2021-09-28 17:00:00-04:00",992.49,995.0,992.49,992.63,992.63,0
"ISRG","Intuitive Surgical, Inc. - Common Stock","2021-09-28 18:00:00-04:00",992.9,999.2,992.49,998.8,998.8,0
"ISRG","Intuitive Surgical, Inc. - Common Stock","2021-09-28 19:00:00-04:00",995.0,996.43,993.5,996.43,996.43,0
"ISRG","Intuitive Surgical, Inc. - Common Stock","2021-09-29 04:00:00-04:00",992.45,1002.0,992.45,992.5,992.5,0
"ISRG","Intuitive Surgical, Inc. - Common Stock","2021-09-29 05:00:00-04:00",993.1,993.1,993.1,993.1,993.1,0
"ISRG","Intuitive Surgical, Inc. - Common Stock","2021-09-29 06:00:00-04:00",1001.11,1004.12,1000.0,1001.16,1001.16,0
"ISRG","Intuitive Surgical, Inc. - Common Stock","2021-09-29 07:00:00-04:00",1002.0,1010.0,998.0,1003.0,1003.0,0
"ISRG","Intuitive Surgical, Inc. - Common Stock","2021-09-29 08:00:00-04:00",1001.76,1010.0,998.0,1002.99,1002.99,0
"ISRG","Intuitive Surgical, Inc. - Common Stock","2021-09-29 09:00:00-04:00",1004.99,1004.99,990.25,1000.0,1000.0,0
"ISRG","Intuitive Surgical, Inc. - Common Stock","2021-09-29 09:30:00-04:00",995.9000244140624,1004.0349731445312,991.5399780273438,1000.3699951171876,1000.3699951171876,67363
"ISRG","Intuitive Surgical, Inc. - Common Stock","2021-09-29 10:30:00-04:00",999.239990234375,1000.27001953125,992.0,994.010009765625,994.010009765625,53904
"ISRG","Intuitive Surgical, Inc. - Common Stock","2021-09-29 11:30:00-04:00",994.4099731445312,998.155029296875,991.7899780273438,992.3499755859376,992.3499755859376,40971
"ISRG","Intuitive Surgical, Inc. - Common Stock","2021-09-29 12:30:00-04:00",992.1699829101562,994.2999877929688,989.010009765625,991.1400146484376,991.1400146484376,33556
"ISRG","Intuitive Surgical, Inc. - Common Stock","2021-09-29 13:30:00-04:00",990.219970703125,999.1599731445312,989.9500122070312,997.8499755859376,997.8499755859376,31907
"ISRG","Intuitive Surgical, Inc. - Common Stock","2021-09-29 14:30:00-04:00",997.780029296875,1000.123779296875,995.1699829101562,996.9400024414062,996.9400024414062,40740
"ISRG","Intuitive Surgical, Inc. - Common Stock","2021-09-29 15:30:00-04:00",997.1099853515624,997.4401245117188,990.6400146484376,992.614990234375,992.614990234375,73116
"ISRG","Intuitive Surgical, Inc. - Common Stock","2021-09-29 16:00:00-04:00",992.35,999.49,991.85,992.5,992.5,0
"ISRG","Intuitive Surgical, Inc. - Common Stock","2021-09-29 17:00:00-04:00",992.35,993.99,992.35,992.5,992.5,0
"ISRG","Intuitive Surgical, Inc. - Common Stock","2021-09-30 18:00:00-04:00",993.99,995.0,993.99,994.5,994.5,0
"ISRG","Intuitive Surgical, Inc. - Common Stock","2021-09-30 19:00:00-04:00",994.15,997.18,994.15,997.0,997.0,0
"ISRG","Intuitive Surgical, Inc. - Common Stock","2021-10-01 04:00:00-04:00",996.0,996.0,994.0,994.0,994.0,0
"ISRG","Intuitive Surgical, Inc. - Common Stock","2021-10-01 05:00:00-04:00",994.0,994.0,994.0,994.0,994.0,0
"ISRG","Intuitive Surgical, Inc. - Common Stock","2021-10-01 06:00:00-04:00",992.43,992.43,984.8,985.94,985.94,0
"ISRG","Intuitive Surgical, Inc. - Common Stock","2021-10-01 07:00:00-04:00",985.89,990.85,981.0,990.85,990.85,0
"ISRG","Intuitive Surgical, Inc. - Common Stock","2021-10-01 08:00:00-04:00",990.75,994.15,985.0,992.2,992.2,0
"ISRG","Intuitive Surgical, Inc. - Common Stock","2021-10-01 09:00:00-04:00",992.25,994.99,990.0,994.0,994.0,0
"ISRG","Intuitive Surgical, Inc. - Common Stock","2021-10-01 09:30:00-04:00",994.0,997.2150268554688,976.0,979.5900268554688,979.5900268554688,173859
"ISRG","Intuitive Surgical, Inc. - Common Stock","2021-10-01 10:30:00-04:00",978.4099731445312,991.8099975585938,978.0399780273438,990.3099975585938,990.3099975585938,61179
"ISRG","Intuitive Surgical, Inc. - Common Stock","2021-10-01 11:30:00-04:00",991.1920166015624,995.77001953125,988.9500122070312,988.9500122070312,988.9500122070312,34157
"ISRG","Intuitive Surgical, Inc. - Common Stock","2021-10-01 12:30:00-04:00",989.52001953125,994.1199951171876,989.52001953125,993.4149780273438,993.4149780273438,32784
"ISRG","Intuitive Surgical, Inc. - Common Stock","2021-10-01 13:30:00-04:00",993.4000244140624,996.8599853515624,993.4000244140624,995.1400146484376,995.1400146484376,29064
"ISRG","Intuitive Surgical, Inc. - Common Stock","2021-10-01 14:30:00-04:00",995.22998046875,1006.47998046875,994.8900146484376,1003.6199951171876,1003.6199951171876,81612
"ISRG","Intuitive Surgical, Inc. - Common Stock","2021-10-01 15:30:00-04:00",1003.3779296875,1021.5599975585938,1002.030029296875,1010.5599975585938,1010.5599975585938,227312
"ISRG","Intuitive Surgical, Inc. - Common Stock","2021-10-01 16:00:00-04:00",1009.5,1009.5,1007.0,1009.0,1009.0,0
"ISRG","Intuitive Surgical, Inc. - Common Stock","2021-10-01 17:00:00-04:00",1008.0,1009.5,1008.0,1008.06,1008.06,0
"ISRG","Intuitive Surgical, Inc. - Common Stock","2021-10-01 18:00:00-04:00",1009.5,1009.5,1008.05,1008.05,1008.05,0
"ISRG","Intuitive Surgical, Inc. - Common Stock","2021-10-01 19:00:00-04:00",1009.5,1010.56,1009.0,1009.5,1009.5,0
"ISRG","Intuitive Surgical, Inc. - Common Stock","2021-10-04 04:00:00-04:00",1012.44,1016.0,1010.02,1010.02,1010.02,0
"ISRG","Intuitive Surgical, Inc. - Common Stock","2021-10-04 05:00:00-04:00",1010.02,1010.02,1009.5,1009.5,1009.5,0
"ISRG","Intuitive Surgical, Inc. - Common Stock","2021-10-04 06:00:00-04:00",1009.5,1009.5,1005.61,1005.61,1005.61,0
"ISRG","Intuitive Surgical, Inc. - Common Stock","2021-10-04 07:00:00-04:00",1007.73,1007.73,1000.0,1000.0,1000.0,0
"ISRG","Intuitive Surgical, Inc. - Common Stock","2021-10-04 08:00:00-04:00",1003.5,1009.5,1000.0,1009.5,1009.5,0
"ISRG","Intuitive Surgical, Inc. - Common Stock","2021-10-04 09:00:00-04:00",1005.0,1008.0,1004.0,1004.0,1004.0,0
"ISRG","Intuitive Surgical, Inc. - Common Stock","2021-10-04 09:30:00-04:00",1000.0599975585938,1001.1478881835938,981.3099975585938,984.72998046875,984.72998046875,143334
"ISRG","Intuitive Surgical, Inc. - Common Stock","2021-10-04 10:30:00-04:00",982.47998046875,982.780029296875,974.030029296875,981.489990234375,981.489990234375,112127
"ISRG","Intuitive Surgical, Inc. - Common Stock","2021-10-04 11:30:00-04:00",980.4099731445312,982.219970703125,965.739990234375,966.9600219726562,966.9600219726562,77333
"ISRG","Intuitive Surgical, Inc. - Common Stock","2021-10-04 12:30:00-04:00",967.8699951171876,971.0499877929688,963.1599731445312,969.1300048828124,969.1300048828124,48259
"ISRG","Intuitive Surgical, Inc. - Common Stock","2021-10-04 13:30:00-04:00",968.8099975585938,973.3200073242188,966.4400024414062,971.405029296875,971.405029296875,49667
"ISRG","Intuitive Surgical, Inc. - Common Stock","2021-10-04 14:30:00-04:00",970.8599853515624,974.5399780273438,965.614990234375,966.5050048828124,966.5050048828124,57908
"ISRG","Intuitive Surgical, Inc. - Common Stock","2021-10-04 15:30:00-04:00",965.9349975585938,971.1799926757812,963.2999877929688,970.9600219726562,970.9600219726562,91519
"ISRG","Intuitive Surgical, Inc. - Common Stock","2021-10-04 16:00:00-04:00",970.5,986.25,323.49966,970.5,970.5,0
"ISRG","Intuitive Surgical, Inc. - Common Stock","2021-10-04 17:00:00-04:00",974.44,982.75,973.88,982.75,982.75,0
"ISRG","Intuitive Surgical, Inc. - Common Stock","2021-10-04 18:00:00-04:00",972.0,975.0,972.0,973.0,973.0,0
"ISRG","Intuitive Surgical, Inc. - Common Stock","2021-10-04 19:00:00-04:00",975.0,975.0,971.25,971.26,971.26,0
"ISRG","Intuitive Surgical, Inc. - Common Stock","2021-10-05 04:00:00-04:00",355.85,355.85,325.0,325.0,325.0,0
"ISRG","Intuitive Surgical, Inc. - Common Stock","2021-10-05 05:00:00-04:00",328.7,328.83,326.0,326.0,326.0,0
"ISRG","Intuitive Surgical, Inc. - Common Stock","2021-10-05 06:00:00-04:00",328.35,328.35,326.0,326.0,326.0,0
"ISRG","Intuitive Surgical, Inc. - Common Stock","2021-10-05 07:00:00-04:00",326.0,328.65,324.11,326.95,326.95,0
"ISRG","Intuitive Surgical, Inc. - Common Stock","2021-10-05 08:00:00-04:00",326.9,328.69,325.5,325.8,325.8,0
"ISRG","Intuitive Surgical, Inc. - Common Stock","2021-10-05 09:00:00-04:00",325.66,326.49,325.0,325.99,325.99,0
"ISRG","Intuitive Surgical, Inc. - Common Stock","2021-10-05 09:30:00-04:00",325.92999267578125,331.7300109863281,323.6000061035156,331.5299987792969,331.5299987792969,298358
"ISRG","Intuitive Surgical, Inc. - Common Stock","2021-10-05 10:30:00-04:00",331.54998779296875,334.25,330.0,333.4750061035156,333.4750061035156,210035
"ISRG","Intuitive Surgical, Inc. - Common Stock","2021-10-05 11:30:00-04:00",333.5299987792969,334.5299072265625,332.29998779296875,333.6449890136719,333.6449890136719,149799
"ISRG","Intuitive Surgical, Inc. - Common Stock","2021-10-05 12:30:00-04:00",333.7900085449219,333.9200134277344,332.5400085449219,332.88720703125,332.88720703125,91723
"ISRG","Intuitive Surgical, Inc. - Common Stock","2021-10-05 13:30:00-04:00",332.989990234375,334.8800048828125,332.7300109863281,334.82000732421875,334.82000732421875,114876
"ISRG","Intuitive Surgical, Inc. - Common Stock","2021-10-05 14:30:00-04:00",334.8999938964844,335.0799865722656,330.1600036621094,330.69000244140625,330.69000244140625,148761
"ISRG","Intuitive Surgical, Inc. - Common Stock","2021-10-05 15:30:00-04:00",330.6600036621094,331.82000732421875,330.0299987792969,330.3900146484375,330.3900146484375,173324
"ISRG","Intuitive Surgical, Inc. - Common Stock","2021-10-05 16:00:00-04:00",330.07,334.0,330.07,330.71,330.71,0
"ISRG","Intuitive Surgical, Inc. - Common Stock","2021-10-05 17:00:00-04:00",330.51,331.0,330.07,330.5,330.5,0
"ISRG","Intuitive Surgical, Inc. - Common Stock","2021-10-05 18:00:00-04:00",331.0,331.0,330.495,330.495,330.495,0
"ISRG","Intuitive Surgical, Inc. - Common Stock","2021-10-05 19:00:00-04:00",330.495,331.0,330.0,330.02,330.02,0
"ISRG","Intuitive Surgical, Inc. - Common Stock","2021-10-06 04:00:00-04:00",332.0,332.0,328.64,328.68,328.68,0
"ISRG","Intuitive Surgical, Inc. - Common Stock","2021-10-06 05:00:00-04:00",328.45,328.55,327.51,327.95,327.95,0
"ISRG","Intuitive Surgical, Inc. - Common Stock","2021-10-06 06:00:00-04:00",327.95,328.0,326.9,326.9,326.9,0
"ISRG","Intuitive Surgical, Inc. - Common Stock","2021-10-06 07:00:00-04:00",327.0,328.31,326.7,326.8,326.8,0
"ISRG","Intuitive Surgical, Inc. - Common Stock","2021-10-06 08:00:00-04:00",326.64,328.6,325.0,328.49,328.49,0
"ISRG","Intuitive Surgical, Inc. - Common Stock","2021-10-06 09:00:00-04:00",327.9,330.1624,326.57,327.9,327.9,0
"ISRG","Intuitive Surgical, Inc. - Common Stock","2021-10-06 09:30:00-04:00",329.5400085449219,333.5599975585937,327.5400085449219,332.0199890136719,332.0199890136719,384779
"ISRG","Intuitive Surgical, Inc. - Common Stock","2021-10-06 10:30:00-04:00",332.1099853515625,333.8922119140625,329.6561889648437,331.5,331.5,349746
"ISRG","Intuitive Surgical, Inc. - Common Stock","2021-10-06 11:30:00-04:00",331.20001220703125,331.3500061035156,328.2300109863281,328.79998779296875,328.79998779296875,145961
"ISRG","Intuitive Surgical, Inc. - Common Stock","2021-10-06 12:30:00-04:00",328.5899963378906,330.3399963378906,327.5,330.3099975585937,330.3099975585937,144011
"ISRG","Intuitive Surgical, Inc. - Common Stock","2021-10-06 13:30:00-04:00",330.2900085449219,333.1090087890625,330.0199890136719,332.7799987792969,332.7799987792969,127053
"ISRG","Intuitive Surgical, Inc. - Common Stock","2021-10-06 14:30:00-04:00",332.7099914550781,333.989990234375,331.8299865722656,333.010009765625,333.010009765625,162859
"ISRG","Intuitive Surgical, Inc. - Common Stock","2021-10-06 15:30:00-04:00",333.05499267578125,335.3800048828125,332.57000732421875,334.94000244140625,334.94000244140625,250818
"ISRG","Intuitive Surgical, Inc. - Common Stock","2021-10-06 16:00:00-04:00",334.94,340.0,331.908,334.75,334.75,0
"ISRG","Intuitive Surgical, Inc. - Common Stock","2021-10-06 17:00:00-04:00",334.95,335.9,334.94,335.9,335.9,0
"ISRG","Intuitive Surgical, Inc. - Common Stock","2021-10-06 18:00:00-04:00",335.58,336.21,334.52,336.0,336.0,0
"ISRG","Intuitive Surgical, Inc. - Common Stock","2021-10-06 19:00:00-04:00",336.0,337.99,335.01,336.3,336.3,0
"ISRG","Intuitive Surgical, Inc. - Common Stock","2021-10-07 04:00:00-04:00",339.29,339.29,336.79,337.0,337.0,0
"ISRG","Intuitive Surgical, Inc. - Common Stock","2021-10-07 05:00:00-04:00",339.42,339.42,336.77,338.23,338.23,0
"ISRG","Intuitive Surgical, Inc. - Common Stock","2021-10-07 06:00:00-04:00",338.23,338.27,338.23,338.27,338.27,0
"ISRG","Intuitive Surgical, Inc. - Common Stock","2021-10-07 07:00:00-04:00",338.23,339.09,336.86,338.0,338.0,0
"ISRG","Intuitive Surgical, Inc. - Common Stock","2021-10-07 08:00:00-04:00",338.0,339.4,338.0,338.61,338.61,0
"ISRG","Intuitive Surgical, Inc. - Common Stock","2021-10-07 09:00:00-04:00",339.39,339.39,338.0,339.1,339.1,0
"ISRG","Intuitive Surgical, Inc. - Common Stock","2021-10-07 09:30:00-04:00",341.3599853515625,345.82000732421875,337.8500061035156,345.0799865722656,345.0799865722656,467723
"ISRG","Intuitive Surgical, Inc. - Common Stock","2021-10-07 10:30:00-04:00",345.0,346.8399963378906,343.25,344.1499938964844,344.1499938964844,312131
"ISRG","Intuitive Surgical, Inc. - Common Stock","2021-10-07 11:30:00-04:00",344.5,345.4200134277344,342.29998779296875,342.7799987792969,342.7799987792969,162052
"ISRG","Intuitive Surgical, Inc. - Common Stock","2021-10-07 12:30:00-04:00",342.7850036621094,343.19000244140625,341.1600036621094,341.45001220703125,341.45001220703125,129501
"ISRG","Intuitive Surgical, Inc. - Common Stock","2021-10-07 13:30:00-04:00",341.54998779296875,341.54998779296875,339.4200134277344,339.6050109863281,339.6050109863281,125514
"ISRG","Intuitive Surgical, Inc. - Common Stock","2021-10-07 14:30:00-04:00",339.6300048828125,339.9100036621094,338.3999938964844,339.29998779296875,339.29998779296875,171495
"ISRG","Intuitive Surgical, Inc. - Common Stock","2021-10-07 15:30:00-04:00",339.2099914550781,339.4049987792969,338.17999267578125,338.5,338.5,251188
"ISRG","Intuitive Surgical, Inc. - Common Stock","2021-10-07 16:00:00-04:00",338.34,341.46,338.18,339.0,339.0,0
"ISRG","Intuitive Surgical, Inc. - Common Stock","2021-10-07 17:00:00-04:00",338.3806,341.46,338.0,339.5,339.5,0
"ISRG","Intuitive Surgical, Inc. - Common Stock","2021-10-07 18:00:00-04:00",339.5,340.0,339.49,339.49,339.49,0
"ISRG","Intuitive Surgical, Inc. - Common Stock","2021-10-07 19:00:00-04:00",339.0,340.0,338.0,339.01,339.01,0
"ISRG","Intuitive Surgical, Inc. - Common Stock","2021-10-08 04:00:00-04:00",337.8,340.34,337.8,340.34,340.34,0
"ISRG","Intuitive Surgical, Inc. - Common Stock","2021-10-08 05:00:00-04:00",340.34,340.34,338.34,338.76,338.76,0
"ISRG","Intuitive Surgical, Inc. - Common Stock","2021-10-08 06:00:00-04:00",338.76,340.34,338.5,338.76,338.76,0
"ISRG","Intuitive Surgical, Inc. - Common Stock","2021-10-08 07:00:00-04:00",338.68,340.46,338.68,340.34,340.34,0
"ISRG","Intuitive Surgical, Inc. - Common Stock","2021-10-08 08:00:00-04:00",340.01,341.31,338.0,341.04,341.04,0
"ISRG","Intuitive Surgical, Inc. - Common Stock","2021-10-08 09:00:00-04:00",341.0,343.17,338.85,340.53,340.53,0
"ISRG","Intuitive Surgical, Inc. - Common Stock","2021-10-08 09:30:00-04:00",339.69000244140625,342.1000061035156,335.3500061035156,335.7099914550781,335.7099914550781,149927
"ISRG","Intuitive Surgical, Inc. - Common Stock","2021-10-08 10:30:00-04:00",335.7799987792969,336.1099853515625,331.0050048828125,331.510009765625,331.510009765625,163634
"ISRG","Intuitive Surgical, Inc. - Common Stock","2021-10-08 11:30:00-04:00",331.4970092773437,332.5,330.5299987792969,330.9700012207031,330.9700012207031,124066
"ISRG","Intuitive Surgical, Inc. - Common Stock","2021-10-08 12:30:00-04:00",330.6300048828125,331.7799987792969,329.67999267578125,329.79998779296875,329.79998779296875,125408
"ISRG","Intuitive Surgical, Inc. - Common Stock","2021-10-08 13:30:00-04:00",329.7900085449219,331.2449951171875,329.1300048828125,331.2449951171875,331.2449951171875,129943
"ISRG","Intuitive Surgical, Inc. - Common Stock","2021-10-08 14:30:00-04:00",331.2749938964844,332.0799865722656,329.3500061035156,329.4195861816406,329.4195861816406,128933
"ISRG","Intuitive Surgical, Inc. - Common Stock","2021-10-08 15:30:00-04:00",329.4750061035156,329.54998779296875,328.010009765625,328.3999938964844,328.3999938964844,269487
"ISRG","Intuitive Surgical, Inc. - Common Stock","2021-10-08 16:00:00-04:00",328.49,329.99,328.0,328.54,328.54,0
"ISRG","Intuitive Surgical, Inc. - Common Stock","2021-10-08 17:00:00-04:00",330.0,332.0,328.01,329.26,329.26,0
"ISRG","Intuitive Surgical, Inc. - Common Stock","2021-10-08 18:00:00-04:00",329.26,329.26,328.1,329.26,329.26,0
"ISRG","Intuitive Surgical, Inc. - Common Stock","2021-10-08 19:00:00-04:00",328.84,329.0,328.5,328.5,328.5,0
"ISRG","Intuitive Surgical, Inc. - Common Stock","2021-10-11 04:00:00-04:00",328.9,328.9,326.8,328.0,328.0,0
"ISRG","Intuitive Surgical, Inc. - Common Stock","2021-10-11 05:00:00-04:00",328.68,328.68,326.0,328.44,328.44,0
"ISRG","Intuitive Surgical, Inc. - Common Stock","2021-10-11 06:00:00-04:00",328.28,328.28,327.0,327.0,327.0,0
"ISRG","Intuitive Surgical, Inc. - Common Stock","2021-10-11 07:00:00-04:00",326.79,330.0,325.96,327.5,327.5,0
"ISRG","Intuitive Surgical, Inc. - Common Stock","2021-10-11 08:00:00-04:00",327.56,332.9,325.0,327.06,327.06,0
"ISRG","Intuitive Surgical, Inc. - Common Stock","2021-10-11 09:00:00-04:00",327.99,328.0,326.0,326.5,326.5,0
"ISRG","Intuitive Surgical, Inc. - Common Stock","2021-10-11 09:30:00-04:00",326.5,329.2099914550781,325.1700134277344,327.32000732421875,327.32000732421875,223709
"ISRG","Intuitive Surgical, Inc. - Common Stock","2021-10-11 10:30:00-04:00",327.5199890136719,328.95001220703125,326.9100036621094,327.1303100585937,327.1303100585937,80626
"ISRG","Intuitive Surgical, Inc. - Common Stock","2021-10-11 11:30:00-04:00",327.125,328.07000732421875,326.1099853515625,326.82501220703125,326.82501220703125,65029
"ISRG","Intuitive Surgical, Inc. - Common Stock","2021-10-11 12:30:00-04:00",326.8299865722656,327.6849975585937,325.29998779296875,325.3099975585937,325.3099975585937,64828
"ISRG","Intuitive Surgical, Inc. - Common Stock","2021-10-11 13:30:00-04:00",325.32501220703125,325.5950012207031,324.5400085449219,325.5950012207031,325.5950012207031,136698
"ISRG","Intuitive Surgical, Inc. - Common Stock","2021-10-11 14:30:00-04:00",325.5,325.9599914550781,323.8515014648437,324.04998779296875,324.04998779296875,106285
"ISRG","Intuitive Surgical, Inc. - Common Stock","2021-10-11 15:30:00-04:00",324.1000061035156,324.6932067871094,323.8399963378906,323.92999267578125,323.92999267578125,181437
"ISRG","Intuitive Surgical, Inc. - Common Stock","2021-10-11 16:00:00-04:00",324.18,324.22,323.41,324.18,324.18,0
"ISRG","Intuitive Surgical, Inc. - Common Stock","2021-10-11 17:00:00-04:00",324.18,327.49,323.81,324.8,324.8,0
"ISRG","Intuitive Surgical, Inc. - Common Stock","2021-10-11 18:00:00-04:00",323.81,325.49,323.54,324.27,324.27,0
"ISRG","Intuitive Surgical, Inc. - Common Stock","2021-10-11 19:00:00-04:00",324.0,324.18,323.33,324.13,324.13,0
"ISRG","Intuitive Surgical, Inc. - Common Stock","2021-10-12 04:00:00-04:00",323.22,325.14,323.22,324.18,324.18,0
"ISRG","Intuitive Surgical, Inc. - Common Stock","2021-10-12 05:00:00-04:00",325.14,325.95,323.8,325.95,325.95,0
"ISRG","Intuitive Surgical, Inc. - Common Stock","2021-10-12 06:00:00-04:00",326.07,326.07,324.25,324.25,324.25,0
"ISRG","Intuitive Surgical, Inc. - Common Stock","2021-10-12 07:00:00-04:00",325.0,326.46,325.0,326.37,326.37,0
"ISRG","Intuitive Surgical, Inc. - Common Stock","2021-10-12 08:00:00-04:00",325.99,330.4,324.99,325.11,325.11,0
"ISRG","Intuitive Surgical, Inc. - Common Stock","2021-10-12 09:00:00-04:00",325.5,326.4,324.0,326.0,326.0,0
"ISRG","Intuitive Surgical, Inc. - Common Stock","2021-10-12 09:30:00-04:00",328.0,329.1000061035156,323.45001220703125,324.6199951171875,324.6199951171875,176478
"ISRG","Intuitive Surgical, Inc. - Common Stock","2021-10-12 10:30:00-04:00",324.3399963378906,324.4800109863281,321.8800048828125,323.57000732421875,323.57000732421875,146196
"ISRG","Intuitive Surgical, Inc. - Common Stock","2021-10-12 11:30:00-04:00",323.5199890136719,328.9100036621094,323.5199890136719,327.04998779296875,327.04998779296875,183746
"ISRG","Intuitive Surgical, Inc. - Common Stock","2021-10-12 12:30:00-04:00",327.1000061035156,327.3900146484375,325.4150085449219,326.760009765625,326.760009765625,96731
"ISRG","Intuitive Surgical, Inc. - Common Stock","2021-10-12 13:30:00-04:00",327.0047912597656,327.95001220703125,326.5199890136719,327.29998779296875,327.29998779296875,91093
"ISRG","Intuitive Surgical, Inc. - Common Stock","2021-10-12 14:30:00-04:00",327.3550109863281,327.5799865722656,324.4800109863281,324.67498779296875,324.67498779296875,96885
"ISRG","Intuitive Surgical, Inc. - Common Stock","2021-10-12 15:30:00-04:00",324.6000061035156,325.1600036621094,322.92999267578125,324.45001220703125,324.45001220703125,192776
"ISRG","Intuitive Surgical, Inc. - Common Stock","2021-10-12 16:00:00-04:00",324.45,325.0284,323.48,324.05,324.05,0
"ISRG","Intuitive Surgical, Inc. - Common Stock","2021-10-12 17:00:00-04:00",324.45,324.45,323.465,324.43,324.43,0
"ISRG","Intuitive Surgical, Inc. - Common Stock","2021-10-12 18:00:00-04:00",324.43,324.43,323.5,324.43,324.43,0
"ISRG","Intuitive Surgical, Inc. - Common Stock","2021-10-12 19:00:00-04:00",323.0,324.2,322.1,324.2,324.2,0
"ISRG","Intuitive Surgical, Inc. - Common Stock","2021-10-13 04:00:00-04:00",322.53,322.53,322.1,322.1,322.1,0
"ISRG","Intuitive Surgical, Inc. - Common Stock","2021-10-13 05:00:00-04:00",323.1,324.45,323.1,324.43,324.43,0
"ISRG","Intuitive Surgical, Inc. - Common Stock","2021-10-13 06:00:00-04:00",324.46,324.54,323.05,324.54,324.54,0
"ISRG","Intuitive Surgical, Inc. - Common Stock","2021-10-13 07:00:00-04:00",326.28,327.45,324.51,325.0,325.0,0
"ISRG","Intuitive Surgical, Inc. - Common Stock","2021-10-13 08:00:00-04:00",326.5,328.84,322.33,322.33,322.33,0
"ISRG","Intuitive Surgical, Inc. - Common Stock","2021-10-13 09:00:00-04:00",325.26,326.0,324.43,326.0,326.0,0
"ISRG","Intuitive Surgical, Inc. - Common Stock","2021-10-13 09:30:00-04:00",326.3699951171875,328.3900146484375,325.1400146484375,325.6400146484375,325.6400146484375,353054
"ISRG","Intuitive Surgical, Inc. - Common Stock","2021-10-13 10:30:00-04:00",325.9599914550781,328.6199951171875,325.9599914550781,326.4599914550781,326.4599914550781,180936
"ISRG","Intuitive Surgical, Inc. - Common Stock","2021-10-13 11:30:00-04:00",326.29998779296875,327.4049987792969,325.3900146484375,325.92999267578125,325.92999267578125,179957
"ISRG","Intuitive Surgical, Inc. - Common Stock","2021-10-13 12:30:00-04:00",326.0,326.260009765625,325.3399963378906,325.9049987792969,325.9049987792969,125761
"ISRG","Intuitive Surgical, Inc. - Common Stock","2021-10-13 13:30:00-04:00",326.0400085449219,327.9800109863281,325.6099853515625,325.6650085449219,325.6650085449219,125043
"ISRG","Intuitive Surgical, Inc. - Common Stock","2021-10-13 14:30:00-04:00",325.69000244140625,326.7900085449219,325.239990234375,325.8800048828125,325.8800048828125,224806
"ISRG","Intuitive Surgical, Inc. - Common Stock","2021-10-13 15:30:00-04:00",325.8999938964844,326.94989013671875,325.7699890136719,326.0,326.0,306878
"ISRG","Intuitive Surgical, Inc. - Common Stock","2021-10-13 16:00:00-04:00",326.0,326.3372,325.97,325.97,325.97,0
"ISRG","Intuitive Surgical, Inc. - Common Stock","2021-10-13 17:00:00-04:00",325.88,326.0,325.3,325.3,325.3,0
"ISRG","Intuitive Surgical, Inc. - Common Stock","2021-10-13 18:00:00-04:00",325.99,1034.01,325.97,325.97,325.97,0
"ISRG","Intuitive Surgical, Inc. - Common Stock","2021-10-13 19:00:00-04:00",326.17,327.0,326.0,326.6,326.6,0
"ISRG","Intuitive Surgical, Inc. - Common Stock","2021-10-14 04:00:00-04:00",328.0,328.0,328.0,328.0,328.0,0
"ISRG","Intuitive Surgical, Inc. - Common Stock","2021-10-14 05:00:00-04:00",328.0,328.52,328.0,328.43,328.43,0
"ISRG","Intuitive Surgical, Inc. - Common Stock","2021-10-14 06:00:00-04:00",328.0,328.43,328.0,328.43,328.43,0
"ISRG","Intuitive Surgical, Inc. - Common Stock","2021-10-14 07:00:00-04:00",328.12,328.47,326.23,327.98,327.98,0
"ISRG","Intuitive Surgical, Inc. - Common Stock","2021-10-14 08:00:00-04:00",327.22,329.0,326.815,327.92,327.92,0
"ISRG","Intuitive Surgical, Inc. - Common Stock","2021-10-14 09:00:00-04:00",329.0,329.33,327.5,328.7,328.7,0
"ISRG","Intuitive Surgical, Inc. - Common Stock","2021-10-14 09:30:00-04:00",328.3900146484375,332.7799987792969,328.32000732421875,331.5599975585937,331.5599975585937,309996
"ISRG","Intuitive Surgical, Inc. - Common Stock","2021-10-14 10:30:00-04:00",331.7300109863281,331.8699951171875,330.0299987792969,330.20001220703125,330.20001220703125,191215
"ISRG","Intuitive Surgical, Inc. - Common Stock","2021-10-14 11:30:00-04:00",330.2300109863281,331.0599975585937,329.885009765625,330.6700134277344,330.6700134277344,145729
"ISRG","Intuitive Surgical, Inc. - Common Stock","2021-10-14 12:30:00-04:00",330.7799987792969,331.0899963378906,328.4800109863281,328.5,328.5,104092
"ISRG","Intuitive Surgical, Inc. - Common Stock","2021-10-14 13:30:00-04:00",328.57000732421875,329.989990234375,328.57000732421875,329.739990234375,329.739990234375,77241
"ISRG","Intuitive Surgical, Inc. - Common Stock","2021-10-14 14:30:00-04:00",329.8999938964844,330.2149963378906,329.42999267578125,330.125,330.125,110659
"ISRG","Intuitive Surgical, Inc. - Common Stock","2021-10-14 15:30:00-04:00",330.135009765625,331.1849975585937,330.0,330.9599914550781,330.9599914550781,189600
"ISRG","Intuitive Surgical, Inc. - Common Stock","2021-10-14 16:00:00-04:00",332.59,332.59,330.95,330.95,330.95,0
"ISRG","Intuitive Surgical, Inc. - Common Stock","2021-10-14 17:00:00-04:00",330.95,332.0,330.95,331.6,331.6,0
"ISRG","Intuitive Surgical, Inc. - Common Stock","2021-10-14 18:00:00-04:00",331.6,332.99,331.6,331.8,331.8,0
"ISRG","Intuitive Surgical, Inc. - Common Stock","2021-10-14 19:00:00-04:00",331.61,332.78,331.12,331.65,331.65,0
"ISRG","Intuitive Surgical, Inc. - Common Stock","2021-10-15 04:00:00-04:00",331.65,333.0,331.65,333.0,333.0,0
"ISRG","Intuitive Surgical, Inc. - Common Stock","2021-10-15 05:00:00-04:00",332.87,334.05,331.0,331.0,331.0,0
"ISRG","Intuitive Surgical, Inc. - Common Stock","2021-10-15 06:00:00-04:00",333.89,334.08,333.41,333.41,333.41,0
"ISRG","Intuitive Surgical, Inc. - Common Stock","2021-10-15 07:00:00-04:00",333.3,333.55,330.95,331.8,331.8,0
"ISRG","Intuitive Surgical, Inc. - Common Stock","2021-10-15 08:00:00-04:00",331.79,334.88,330.95,330.95,330.95,0
"ISRG","Intuitive Surgical, Inc. - Common Stock","2021-10-15 09:00:00-04:00",332.0,334.4701,331.8,331.8,331.8,0
"ISRG","Intuitive Surgical, Inc. - Common Stock","2021-10-15 09:30:00-04:00",332.20001220703125,333.45001220703125,330.0,331.3599853515625,331.3599853515625,288182
"ISRG","Intuitive Surgical, Inc. - Common Stock","2021-10-15 10:30:00-04:00",331.4700012207031,332.79998779296875,330.8599853515625,331.8500061035156,331.8500061035156,116374
"ISRG","Intuitive Surgical, Inc. - Common Stock","2021-10-15 11:30:00-04:00",331.92999267578125,333.0350036621094,331.6600036621094,332.6600036621094,332.6600036621094,105202
"ISRG","Intuitive Surgical, Inc. - Common Stock","2021-10-15 12:30:00-04:00",332.54998779296875,333.1300048828125,331.8699951171875,331.8699951171875,331.8699951171875,61547
"ISRG","Intuitive Surgical, Inc. - Common Stock","2021-10-15 13:30:00-04:00",332.0199890136719,333.04998779296875,331.4549865722656,333.0299987792969,333.0299987792969,113269
"ISRG","Intuitive Surgical, Inc. - Common Stock","2021-10-15 14:30:00-04:00",332.95001220703125,333.04998779296875,331.4200134277344,331.6700134277344,331.6700134277344,135898
"ISRG","Intuitive Surgical, Inc. - Common Stock","2021-10-15 15:30:00-04:00",331.6600036621094,332.1099853515625,331.3450012207031,331.5,331.5,206656
"ISRG","Intuitive Surgical, Inc. - Common Stock","2021-10-15 16:00:00-04:00",331.5,332.65,331.0,331.75,331.75,0
"ISRG","Intuitive Surgical, Inc. - Common Stock","2021-10-15 17:00:00-04:00",331.926,331.926,331.48,331.48,331.48,0
"ISRG","Intuitive Surgical, Inc. - Common Stock","2021-10-15 18:00:00-04:00",331.48,331.5,331.01,331.5,331.5,0
"ISRG","Intuitive Surgical, Inc. - Common Stock","2021-10-15 19:00:00-04:00",331.48,331.5,331.01,331.5,331.5,0
"ISRG","Intuitive Surgical, Inc. - Common Stock","2021-10-18 04:00:00-04:00",331.02,331.5,331.02,331.5,331.5,0
"ISRG","Intuitive Surgical, Inc. - Common Stock","2021-10-18 05:00:00-04:00",331.76,331.76,331.5,331.5,331.5,0
"ISRG","Intuitive Surgical, Inc. - Common Stock","2021-10-18 06:00:00-04:00",331.5,332.33,330.0,330.0,330.0,0
"ISRG","Intuitive Surgical, Inc. - Common Stock","2021-10-18 07:00:00-04:00",330.0,333.0,330.0,331.55,331.55,0
"ISRG","Intuitive Surgical, Inc. - Common Stock","2021-10-18 08:00:00-04:00",331.0,335.06,330.0,330.41,330.41,0
"ISRG","Intuitive Surgical, Inc. - Common Stock","2021-10-18 09:00:00-04:00",330.95,332.48,330.0,330.58,330.58,0
"ISRG","Intuitive Surgical, Inc. - Common Stock","2021-10-18 09:30:00-04:00",330.3299865722656,330.8099975585937,323.0447998046875,325.0,325.0,314014
"ISRG","Intuitive Surgical, Inc. - Common Stock","2021-10-18 10:30:00-04:00",325.0,327.1000061035156,324.55059814453125,326.5299987792969,326.5299987792969,152996
"ISRG","Intuitive Surgical, Inc. - Common Stock","2021-10-18 11:30:00-04:00",326.54998779296875,327.92498779296875,326.1099853515625,327.0299987792969,327.0299987792969,120960
"ISRG","Intuitive Surgical, Inc. - Common Stock","2021-10-18 12:30:00-04:00",327.25,329.2699890136719,327.2449951171875,328.3099975585937,328.3099975585937,103009
"ISRG","Intuitive Surgical, Inc. - Common Stock","2021-10-18 13:30:00-04:00",328.3599853515625,329.5599975585937,328.239990234375,329.3099975585937,329.3099975585937,104889
"ISRG","Intuitive Surgical, Inc. - Common Stock","2021-10-18 14:30:00-04:00",329.29998779296875,331.29998779296875,329.2200012207031,330.9100036621094,330.9100036621094,126826
"ISRG","Intuitive Surgical, Inc. - Common Stock","2021-10-18 15:30:00-04:00",330.8999938964844,332.3800048828125,330.6300048828125,332.010009765625,332.010009765625,246764
"ISRG","Intuitive Surgical, Inc. - Common Stock","2021-10-18 16:00:00-04:00",332.3,332.99,332.3,332.74,332.74,0
"ISRG","Intuitive Surgical, Inc. - Common Stock","2021-10-18 17:00:00-04:00",332.3,332.74,332.3,332.3,332.3,0
"ISRG","Intuitive Surgical, Inc. - Common Stock","2021-10-18 18:00:00-04:00",332.69,332.69,331.6,332.3,332.3,0
"ISRG","Intuitive Surgical, Inc. - Common Stock","2021-10-18 19:00:00-04:00",332.29,332.69,331.88,332.36,332.36,0
"ISRG","Intuitive Surgical, Inc. - Common Stock","2021-10-19 04:00:00-04:00",332.69,335.78,332.69,332.69,332.69,0
"ISRG","Intuitive Surgical, Inc. - Common Stock","2021-10-19 05:00:00-04:00",334.86,334.9,332.8,334.82,334.82,0
"ISRG","Intuitive Surgical, Inc. - Common Stock","2021-10-19 07:00:00-04:00",334.7,334.99,332.62,334.55,334.55,0
"ISRG","Intuitive Surgical, Inc. - Common Stock","2021-10-19 08:00:00-04:00",334.6,335.0,333.13,334.5,334.5,0
"ISRG","Intuitive Surgical, Inc. - Common Stock","2021-10-19 09:00:00-04:00",334.75,337.0,333.8,337.0,337.0,0
"ISRG","Intuitive Surgical, Inc. - Common Stock","2021-10-19 09:30:00-04:00",338.1099853515625,343.2200012207031,337.04998779296875,342.364990234375,342.364990234375,467107
"ISRG","Intuitive Surgical, Inc. - Common Stock","2021-10-19 10:30:00-04:00",342.364990234375,343.739990234375,339.8110046386719,343.1300048828125,343.1300048828125,268882
"ISRG","Intuitive Surgical, Inc. - Common Stock","2021-10-19 11:30:00-04:00",343.20001220703125,344.57000732421875,343.1400146484375,344.19000244140625,344.19000244140625,225277
"ISRG","Intuitive Surgical, Inc. - Common Stock","2021-10-19 12:30:00-04:00",344.3500061035156,345.1600036621094,333.1000061035156,335.79998779296875,335.79998779296875,945124
"ISRG","Intuitive Surgical, Inc. - Common Stock","2021-10-19 13:30:00-04:00",335.5450134277344,339.3599853515625,332.5299987792969,338.57000732421875,338.57000732421875,575906
"ISRG","Intuitive Surgical, Inc. - Common Stock","2021-10-19 14:30:00-04:00",338.6449890136719,338.8099975585937,332.1700134277344,336.8550109863281,336.8550109863281,470862
"ISRG","Intuitive Surgical, Inc. - Common Stock","2021-10-19 15:30:00-04:00",336.7839050292969,338.25,335.010009765625,336.4800109863281,336.4800109863281,410078
"ISRG","Intuitive Surgical, Inc. - Common Stock","2021-10-19 16:00:00-04:00",336.3,339.0,327.0,330.0,330.0,0
"ISRG","Intuitive Surgical, Inc. - Common Stock","2021-10-19 17:00:00-04:00",330.0,336.0,329.57,333.89,333.89,0
"ISRG","Intuitive Surgical, Inc. - Common Stock","2021-10-19 18:00:00-04:00",333.98,334.99,333.5,334.57,334.57,0
"ISRG","Intuitive Surgical, Inc. - Common Stock","2021-10-19 19:00:00-04:00",334.89,335.0,333.0,333.0,333.0,0
"ISRG","Intuitive Surgical, Inc. - Common Stock","2021-10-20 04:00:00-04:00",333.5,336.3,333.0,333.01,333.01,0
"ISRG","Intuitive Surgical, Inc. - Common Stock","2021-10-20 05:00:00-04:00",333.06,336.0,333.06,333.4,333.4,0
"ISRG","Intuitive Surgical, Inc. - Common Stock","2021-10-20 06:00:00-04:00",334.0,336.0,333.46,335.8,335.8,0
"ISRG","Intuitive Surgical, Inc. - Common Stock","2021-10-20 07:00:00-04:00",333.84,335.46,333.4,334.0,334.0,0
"ISRG","Intuitive Surgical, Inc. - Common Stock","2021-10-20 08:00:00-04:00",334.0,336.28,333.4015,335.94,335.94,0
"ISRG","Intuitive Surgical, Inc. - Common Stock","2021-10-20 09:00:00-04:00",335.94,336.4009,334.5,335.0,335.0,0
"ISRG","Intuitive Surgical, Inc. - Common Stock","2021-10-20 09:30:00-04:00",339.75,340.3464050292969,327.3865051269531,331.20001220703125,331.20001220703125,672050
"ISRG","Intuitive Surgical, Inc. - Common Stock","2021-10-20 10:30:00-04:00",331.1499938964844,334.6300048828125,330.6700134277344,334.5849914550781,334.5849914550781,427468
"ISRG","Intuitive Surgical, Inc. - Common Stock","2021-10-20 11:30:00-04:00",334.55621337890625,337.7900085449219,333.57000732421875,336.80718994140625,336.80718994140625,219945
"ISRG","Intuitive Surgical, Inc. - Common Stock","2021-10-20 12:30:00-04:00",336.94000244140625,338.4200134277344,336.8099975585937,337.7300109863281,337.7300109863281,166395
"ISRG","Intuitive Surgical, Inc. - Common Stock","2021-10-20 13:30:00-04:00",337.75,340.7950134277344,336.5400085449219,340.7950134277344,340.7950134277344,216368
"ISRG","Intuitive Surgical, Inc. - Common Stock","2021-10-20 14:30:00-04:00",340.7900085449219,341.8999938964844,339.4309997558594,339.54998779296875,339.54998779296875,198127
"ISRG","Intuitive Surgical, Inc. - Common Stock","2021-10-20 15:30:00-04:00",339.635009765625,340.1199951171875,338.3999938964844,340.04998779296875,340.04998779296875,348365
"ISRG","Intuitive Surgical, Inc. - Common Stock","2021-10-20 16:00:00-04:00",340.05,340.75,337.0,339.0,339.0,0
"ISRG","Intuitive Surgical, Inc. - Common Stock","2021-10-20 17:00:00-04:00",339.0,340.0,339.0,339.5,339.5,0
"ISRG","Intuitive Surgical, Inc. - Common Stock","2021-10-20 18:00:00-04:00",339.5,339.5,339.0,339.11,339.11,0
"ISRG","Intuitive Surgical, Inc. - Common Stock","2021-10-20 19:00:00-04:00",339.2,339.75,339.11,339.2,339.2,0
"ISRG","Intuitive Surgical, Inc. - Common Stock","2021-10-21 04:00:00-04:00",339.85,339.85,339.0,339.8,339.8,0
"ISRG","Intuitive Surgical, Inc. - Common Stock","2021-10-21 05:00:00-04:00",339.78,339.85,338.5,338.5,338.5,0
"ISRG","Intuitive Surgical, Inc. - Common Stock","2021-10-21 06:00:00-04:00",339.78,339.78,338.5,338.5,338.5,0
"ISRG","Intuitive Surgical, Inc. - Common Stock","2021-10-21 07:00:00-04:00",338.51,340.5,338.5,338.5,338.5,0
"ISRG","Intuitive Surgical, Inc. - Common Stock","2021-10-21 08:00:00-04:00",340.0,342.0,338.0,338.52,338.52,0
"ISRG","Intuitive Surgical, Inc. - Common Stock","2021-10-21 09:00:00-04:00",338.9,339.8,338.04,339.55,339.55,0
"ISRG","Intuitive Surgical, Inc. - Common Stock","2021-10-21 09:30:00-04:00",342.2200012207031,343.260009765625,337.44000244140625,338.9649963378906,338.9649963378906,276470
"ISRG","Intuitive Surgical, Inc. - Common Stock","2021-10-21 10:30:00-04:00",338.8599853515625,340.7300109863281,338.5443115234375,338.8349914550781,338.8349914550781,145002
"ISRG","Intuitive Surgical, Inc. - Common Stock","2021-10-21 11:30:00-04:00",338.9100036621094,340.4100036621094,338.510009765625,340.0849914550781,340.0849914550781,99226
"ISRG","Intuitive Surgical, Inc. - Common Stock","2021-10-21 12:30:00-04:00",340.20001220703125,340.614990234375,339.04998779296875,339.3949890136719,339.3949890136719,109731
"ISRG","Intuitive Surgical, Inc. - Common Stock","2021-10-21 13:30:00-04:00",339.2900085449219,339.8575134277344,338.6199951171875,339.5400085449219,339.5400085449219,134538
"ISRG","Intuitive Surgical, Inc. - Common Stock","2021-10-21 14:30:00-04:00",339.4700012207031,340.0,338.6000061035156,339.0,339.0,146685
"ISRG","Intuitive Surgical, Inc. - Common Stock","2021-10-21 15:30:00-04:00",338.9649963378906,339.989990234375,338.0199890136719,339.6400146484375,339.6400146484375,236463
"ISRG","Intuitive Surgical, Inc. - Common Stock","2021-10-21 16:00:00-04:00",339.63,341.0,337.01,339.63,339.63,0
"ISRG","Intuitive Surgical, Inc. - Common Stock","2021-10-21 17:00:00-04:00",339.63,341.0,339.04,340.0,340.0,0
"ISRG","Intuitive Surgical, Inc. - Common Stock","2021-10-21 18:00:00-04:00",340.0,340.0,339.7,339.7,339.7,0
"ISRG","Intuitive Surgical, Inc. - Common Stock","2021-10-21 19:00:00-04:00",339.76,339.76,339.15,339.72,339.72,0
"ISRG","Intuitive Surgical, Inc. - Common Stock","2021-10-22 04:00:00-04:00",340.0,340.0,340.0,340.0,340.0,0
"ISRG","Intuitive Surgical, Inc. - Common Stock","2021-10-22 05:00:00-04:00",339.72,341.43,339.72,339.72,339.72,0
"ISRG","Intuitive Surgical, Inc. - Common Stock","2021-10-22 07:00:00-04:00",341.43,341.7,340.03,340.03,340.03,0
"ISRG","Intuitive Surgical, Inc. - Common Stock","2021-10-22 08:00:00-04:00",341.0,342.0,340.0,340.05,340.05,0
"ISRG","Intuitive Surgical, Inc. - Common Stock","2021-10-22 09:00:00-04:00",340.05,341.74,338.71,338.73,338.73,0
"ISRG","Intuitive Surgical, Inc. - Common Stock","2021-10-22 09:30:00-04:00",339.75,341.5599975585937,337.6400146484375,340.79998779296875,340.79998779296875,227637
"ISRG","Intuitive Surgical, Inc. - Common Stock","2021-10-22 10:30:00-04:00",340.7200012207031,342.82000732421875,339.56500244140625,339.7449951171875,339.7449951171875,146702
"ISRG","Intuitive Surgical, Inc. - Common Stock","2021-10-22 11:30:00-04:00",339.82000732421875,341.1499938964844,339.04998779296875,340.8550109863281,340.8550109863281,113919
"ISRG","Intuitive Surgical, Inc. - Common Stock","2021-10-22 12:30:00-04:00",340.7449951171875,341.6000061035156,339.739990234375,340.4700012207031,340.4700012207031,104525
"ISRG","Intuitive Surgical, Inc. - Common Stock","2021-10-22 13:30:00-04:00",340.45001220703125,340.9800109863281,339.8299865722656,340.3900146484375,340.3900146484375,105042
"ISRG","Intuitive Surgical, Inc. - Common Stock","2021-10-22 14:30:00-04:00",340.5899963378906,341.6300048828125,340.4599914550781,340.95001220703125,340.95001220703125,156785
"ISRG","Intuitive Surgical, Inc. - Common Stock","2021-10-22 15:30:00-04:00",341.07000732421875,342.489990234375,341.0,341.5199890136719,341.5199890136719,264545
"ISRG","Intuitive Surgical, Inc. - Common Stock","2021-10-22 16:00:00-04:00",341.62,341.62,339.0,341.52,341.52,0
"ISRG","Intuitive Surgical, Inc. - Common Stock","2021-10-22 17:00:00-04:00",341.15,341.15,339.69,340.05,340.05,0
"ISRG","Intuitive Surgical, Inc. - Common Stock","2021-10-22 18:00:00-04:00",340.05,342.6,340.05,342.6,342.6,0
"ISRG","Intuitive Surgical, Inc. - Common Stock","2021-10-22 19:00:00-04:00",341.0,342.6,339.25,339.25,339.25,0
"ISRG","Intuitive Surgical, Inc. - Common Stock","2021-10-25 04:00:00-04:00",334.0,342.19,334.0,340.07,340.07,0
"ISRG","Intuitive Surgical, Inc. - Common Stock","2021-10-25 05:00:00-04:00",341.0,341.32,339.15,341.32,341.32,0
"ISRG","Intuitive Surgical, Inc. - Common Stock","2021-10-25 06:00:00-04:00",341.3,341.32,341.3,341.32,341.32,0
"ISRG","Intuitive Surgical, Inc. - Common Stock","2021-10-25 07:00:00-04:00",341.28,341.36,341.01,341.01,341.01,0
"ISRG","Intuitive Surgical, Inc. - Common Stock","2021-10-25 08:00:00-04:00",341.0,341.86,340.0176,340.5,340.5,0
"ISRG","Intuitive Surgical, Inc. - Common Stock","2021-10-25 09:00:00-04:00",340.5,341.3,340.41,340.99,340.99,0
"ISRG","Intuitive Surgical, Inc. - Common Stock","2021-10-25 09:30:00-04:00",340.19000244140625,342.7300109863281,336.760009765625,342.7300109863281,342.7300109863281,203835
"ISRG","Intuitive Surgical, Inc. - Common Stock","2021-10-25 10:30:00-04:00",342.8099975585937,345.510009765625,342.8099975585937,344.5799865722656,344.5799865722656,103788
"ISRG","Intuitive Surgical, Inc. - Common Stock","2021-10-25 11:30:00-04:00",344.6300048828125,345.7799987792969,343.54998779296875,345.57501220703125,345.57501220703125,103371
"ISRG","Intuitive Surgical, Inc. - Common Stock","2021-10-25 12:30:00-04:00",345.489990234375,346.6600036621094,345.20001220703125,345.8299865722656,345.8299865722656,85459
"ISRG","Intuitive Surgical, Inc. - Common Stock","2021-10-25 13:30:00-04:00",345.7900085449219,347.0,345.489990234375,346.8399963378906,346.8399963378906,101432
"ISRG","Intuitive Surgical, Inc. - Common Stock","2021-10-25 14:30:00-04:00",346.92999267578125,347.0899963378906,344.2699890136719,344.2699890136719,344.2699890136719,155376
"ISRG","Intuitive Surgical, Inc. - Common Stock","2021-10-25 15:30:00-04:00",344.20001220703125,344.4349975585937,342.95001220703125,343.3599853515625,343.3599853515625,336494
"ISRG","Intuitive Surgical, Inc. - Common Stock","2021-10-25 16:00:00-04:00",343.59,343.59,342.26,342.8,342.8,0
"ISRG","Intuitive Surgical, Inc. - Common Stock","2021-10-25 17:00:00-04:00",343.0,343.5,342.25,343.0,343.0,0
"ISRG","Intuitive Surgical, Inc. - Common Stock","2021-10-25 18:00:00-04:00",343.0,343.0,342.8,342.8,342.8,0
"ISRG","Intuitive Surgical, Inc. - Common Stock","2021-10-25 19:00:00-04:00",343.0,343.0,342.25,342.97,342.97,0
"ISRG","Intuitive Surgical, Inc. - Common Stock","2021-10-26 04:00:00-04:00",343.6,347.0,340.61,341.13,341.13,0
"ISRG","Intuitive Surgical, Inc. - Common Stock","2021-10-26 05:00:00-04:00",344.0,347.0,344.0,346.5,346.5,0
"ISRG","Intuitive Surgical, Inc. - Common Stock","2021-10-26 06:00:00-04:00",346.5,346.5,346.0,346.0,346.0,0
"ISRG","Intuitive Surgical, Inc. - Common Stock","2021-10-26 07:00:00-04:00",346.46,346.46,345.0,345.0,345.0,0
"ISRG","Intuitive Surgical, Inc. - Common Stock","2021-10-26 08:00:00-04:00",345.0,346.4,344.02,344.7,344.7,0
"ISRG","Intuitive Surgical, Inc. - Common Stock","2021-10-26 09:00:00-04:00",344.19,344.9,344.0,344.87,344.87,0
"ISRG","Intuitive Surgical, Inc. - Common Stock","2021-10-26 09:30:00-04:00",346.7099914550781,348.17999267578125,343.5899963378906,347.5350036621094,347.5350036621094,330726
"ISRG","Intuitive Surgical, Inc. - Common Stock","2021-10-26 10:30:00-04:00",347.54998779296875,348.4599914550781,346.20001220703125,347.9100036621094,347.9100036621094,128036
"ISRG","Intuitive Surgical, Inc. - Common Stock","2021-10-26 11:30:00-04:00",347.92999267578125,348.7200012207031,346.8500061035156,347.9100036621094,347.9100036621094,113804
"ISRG","Intuitive Surgical, Inc. - Common Stock","2021-10-26 12:30:00-04:00",347.993896484375,349.9200134277344,347.67999267578125,349.75,349.75,155151
"ISRG","Intuitive Surgical, Inc. - Common Stock","2021-10-26 13:30:00-04:00",349.7349853515625,351.19000244140625,349.44000244140625,350.4700012207031,350.4700012207031,129305
"ISRG","Intuitive Surgical, Inc. - Common Stock","2021-10-26 14:30:00-04:00",350.5899963378906,351.0,348.5350036621094,348.9700012207031,348.9700012207031,120221
"ISRG","Intuitive Surgical, Inc. - Common Stock","2021-10-26 15:30:00-04:00",349.04998779296875,349.5400085449219,348.0,348.69000244140625,348.69000244140625,235947
"ISRG","Intuitive Surgical, Inc. - Common Stock","2021-10-26 16:00:00-04:00",348.69,349.77,348.375,348.75,348.75,0
"ISRG","Intuitive Surgical, Inc. - Common Stock","2021-10-26 17:00:00-04:00",349.2,349.49,348.51,348.7,348.7,0
"ISRG","Intuitive Surgical, Inc. - Common Stock","2021-10-26 18:00:00-04:00",348.69,351.0,348.69,349.22,349.22,0
"ISRG","Intuitive Surgical, Inc. - Common Stock","2021-10-26 19:00:00-04:00",349.0,349.55,347.22,349.5,349.5,0
"ISRG","Intuitive Surgical, Inc. - Common Stock","2021-10-27 04:00:00-04:00",351.6,353.0,348.7,348.7,348.7,0
"ISRG","Intuitive Surgical, Inc. - Common Stock","2021-10-27 06:00:00-04:00",349.39,351.0,348.38,348.38,348.38,0
"ISRG","Intuitive Surgical, Inc. - Common Stock","2021-10-27 07:00:00-04:00",348.43,351.25,348.0,349.88,349.88,0
"ISRG","Intuitive Surgical, Inc. - Common Stock","2021-10-27 08:00:00-04:00",348.58,350.75,347.15,348.34,348.34,0
"ISRG","Intuitive Surgical, Inc. - Common Stock","2021-10-27 09:00:00-04:00",348.52,350.75,348.01,350.75,350.75,0
"ISRG","Intuitive Surgical, Inc. - Common Stock","2021-10-27 09:30:00-04:00",348.69000244140625,349.9849853515625,340.9349975585937,341.8099975585937,341.8099975585937,316515
"ISRG","Intuitive Surgical, Inc. - Common Stock","2021-10-27 10:30:00-04:00",341.6099853515625,346.1199951171875,340.8500061035156,346.1199951171875,346.1199951171875,182174
"ISRG","Intuitive Surgical, Inc. - Common Stock","2021-10-27 11:30:00-04:00",346.1849975585937,347.3110046386719,345.4049987792969,347.1000061035156,347.1000061035156,114256
"ISRG","Intuitive Surgical, Inc. - Common Stock","2021-10-27 12:30:00-04:00",347.19000244140625,350.5824890136719,346.82000732421875,350.4100036621094,350.4100036621094,228082
"ISRG","Intuitive Surgical, Inc. - Common Stock","2021-10-27 13:30:00-04:00",350.1600036621094,350.6300048828125,349.44000244140625,349.44000244140625,349.44000244140625,144920
"ISRG","Intuitive Surgical, Inc. - Common Stock","2021-10-27 14:30:00-04:00",349.6400146484375,350.1650085449219,348.94000244140625,349.42999267578125,349.42999267578125,155738
"ISRG","Intuitive Surgical, Inc. - Common Stock","2021-10-27 15:30:00-04:00",349.3699951171875,349.8299865722656,348.6600036621094,348.9800109863281,348.9800109863281,225271
"ISRG","Intuitive Surgical, Inc. - Common Stock","2021-10-27 16:00:00-04:00",348.98,350.0,348.06,348.3,348.3,0
"ISRG","Intuitive Surgical, Inc. - Common Stock","2021-10-27 17:00:00-04:00",349.0,349.0,348.07,349.0,349.0,0
"ISRG","Intuitive Surgical, Inc. - Common Stock","2021-10-27 18:00:00-04:00",348.5,350.0,348.5,350.0,350.0,0
"ISRG","Intuitive Surgical, Inc. - Common Stock","2021-10-27 19:00:00-04:00",349.58,350.0,349.01,350.0,350.0,0
"ISRG","Intuitive Surgical, Inc. - Common Stock","2021-10-28 04:00:00-04:00",345.5,348.98,345.5,348.98,348.98,0
"ISRG","Intuitive Surgical, Inc. - Common Stock","2021-10-28 05:00:00-04:00",348.98,353.68,348.98,348.98,348.98,0
"ISRG","Intuitive Surgical, Inc. - Common Stock","2021-10-28 06:00:00-04:00",348.98,352.81,348.08,352.81,352.81,0
"ISRG","Intuitive Surgical, Inc. - Common Stock","2021-10-28 07:00:00-04:00",348.98,349.31,348.98,349.28,349.28,0
"ISRG","Intuitive Surgical, Inc. - Common Stock","2021-10-28 08:00:00-04:00",349.96,350.0,349.0,349.3,349.3,0
"ISRG","Intuitive Surgical, Inc. - Common Stock","2021-10-28 09:00:00-04:00",349.5,351.0,348.98,349.5,349.5,0
"ISRG","Intuitive Surgical, Inc. - Common Stock","2021-10-28 09:30:00-04:00",349.239990234375,355.8299865722656,349.239990234375,354.07000732421875,354.07000732421875,264530
"ISRG","Intuitive Surgical, Inc. - Common Stock","2021-10-28 10:30:00-04:00",354.0950012207031,356.6300048828125,353.3550109863281,354.875,354.875,155408
"ISRG","Intuitive Surgical, Inc. - Common Stock","2021-10-28 11:30:00-04:00",354.8399963378906,354.989990234375,352.3949890136719,353.0599975585937,353.0599975585937,131573
"ISRG","Intuitive Surgical, Inc. - Common Stock","2021-10-28 12:30:00-04:00",352.9200134277344,353.3399963378906,351.07000732421875,352.0799865722656,352.0799865722656,128243
"ISRG","Intuitive Surgical, Inc. - Common Stock","2021-10-28 13:30:00-04:00",352.0599975585937,354.04998779296875,351.67999267578125,353.9599914550781,353.9599914550781,103369
"ISRG","Intuitive Surgical, Inc. - Common Stock","2021-10-28 14:30:00-04:00",354.1300048828125,355.1300048828125,353.4800109863281,354.2099914550781,354.2099914550781,109246
"ISRG","Intuitive Surgical, Inc. - Common Stock","2021-10-28 15:30:00-04:00",354.32000732421875,355.7799987792969,353.45001220703125,355.6099853515625,355.6099853515625,228183
"ISRG","Intuitive Surgical, Inc. - Common Stock","2021-10-28 16:00:00-04:00",355.61,358.0,348.98,356.0,356.0,0
"ISRG","Intuitive Surgical, Inc. - Common Stock","2021-10-28 17:00:00-04:00",355.65268,357.0,355.31,356.66,356.66,0
"ISRG","Intuitive Surgical, Inc. - Common Stock","2021-10-28 18:00:00-04:00",356.2,356.2,355.31,355.31,355.31,0
"ISRG","Intuitive Surgical, Inc. - Common Stock","2021-10-28 19:00:00-04:00",355.31,356.0,355.31,355.6,355.6,0
"ISRG","Intuitive Surgical, Inc. - Common Stock","2021-10-29 04:00:00-04:00",355.5,355.5,353.96,353.96,353.96,0
"ISRG","Intuitive Surgical, Inc. - Common Stock","2021-10-29 05:00:00-04:00",353.0,355.44,353.0,354.23,354.23,0
"ISRG","Intuitive Surgical, Inc. - Common Stock","2021-10-29 06:00:00-04:00",354.23,355.44,353.22,354.22,354.22,0
"ISRG","Intuitive Surgical, Inc. - Common Stock","2021-10-29 07:00:00-04:00",354.99,355.1,353.06,353.06,353.06,0
"ISRG","Intuitive Surgical, Inc. - Common Stock","2021-10-29 08:00:00-04:00",353.59,355.0,353.05,353.2,353.2,0
"ISRG","Intuitive Surgical, Inc. - Common Stock","2021-10-29 09:00:00-04:00",353.2,354.86,352.75,353.46,353.46,0
"ISRG","Intuitive Surgical, Inc. - Common Stock","2021-10-29 09:30:00-04:00",353.8500061035156,356.20001220703125,352.9200134277344,354.6600036621094,354.6600036621094,186882
"ISRG","Intuitive Surgical, Inc. - Common Stock","2021-10-29 10:30:00-04:00",354.5050048828125,355.5599975585937,353.3299865722656,354.9700012207031,354.9700012207031,108331
"ISRG","Intuitive Surgical, Inc. - Common Stock","2021-10-29 11:30:00-04:00",354.8500061035156,358.3599853515625,354.75,358.3599853515625,358.3599853515625,105904
"ISRG","Intuitive Surgical, Inc. - Common Stock","2021-10-29 12:30:00-04:00",358.2049865722656,359.0,357.3999938964844,357.8800048828125,357.8800048828125,98930
"ISRG","Intuitive Surgical, Inc. - Common Stock","2021-10-29 13:30:00-04:00",357.8099975585937,360.25,357.6849975585937,360.2300109863281,360.2300109863281,135744
"ISRG","Intuitive Surgical, Inc. - Common Stock","2021-10-29 14:30:00-04:00",360.1000061035156,361.2000122070313,359.6400146484375,359.6400146484375,359.6400146484375,159182
"ISRG","Intuitive Surgical, Inc. - Common Stock","2021-10-29 15:30:00-04:00",359.61248779296875,362.6700134277344,359.3699951171875,361.1300048828125,361.1300048828125,268767
"ISRG","Intuitive Surgical, Inc. - Common Stock","2021-10-29 16:00:00-04:00",361.13,361.9,360.17,360.5,360.5,0
"ISRG","Intuitive Surgical, Inc. - Common Stock","2021-10-29 17:00:00-04:00",361.2,363.0,360.13,360.13,360.13,0
"ISRG","Intuitive Surgical, Inc. - Common Stock","2021-10-29 18:00:00-04:00",360.5,362.99,360.5,361.89,361.89,0
"ISRG","Intuitive Surgical, Inc. - Common Stock","2021-10-29 19:00:00-04:00",361.89,361.89,361.35,361.35,361.35,0
"ISRG","Intuitive Surgical, Inc. - Common Stock","2021-11-01 04:00:00-04:00",361.46,361.46,360.14,360.14,360.14,0
"ISRG","Intuitive Surgical, Inc. - Common Stock","2021-11-01 05:00:00-04:00",361.13,364.93,361.13,362.32,362.32,0
"ISRG","Intuitive Surgical, Inc. - Common Stock","2021-11-01 06:00:00-04:00",362.32,362.32,362.32,362.32,362.32,0
"ISRG","Intuitive Surgical, Inc. - Common Stock","2021-11-01 07:00:00-04:00",362.32,364.8,361.77,363.97,363.97,0
"ISRG","Intuitive Surgical, Inc. - Common Stock","2021-11-01 08:00:00-04:00",363.11,364.042,360.35,363.1,363.1,0
"ISRG","Intuitive Surgical, Inc. - Common Stock","2021-11-01 09:00:00-04:00",363.0,365.0,361.2237,362.96,362.96,0
"ISRG","Intuitive Surgical, Inc. - Common Stock","2021-11-01 09:30:00-04:00",361.6900024414063,365.5199890136719,358.8900146484375,359.1650085449219,359.1650085449219,581014
"ISRG","Intuitive Surgical, Inc. - Common Stock","2021-11-01 10:30:00-04:00",359.2699890136719,359.2749938964844,355.29998779296875,356.3999938964844,356.3999938964844,192381
"ISRG","Intuitive Surgical, Inc. - Common Stock","2021-11-01 11:30:00-04:00",356.4649963378906,358.9100036621094,356.3500061035156,358.67999267578125,358.67999267578125,118209
"ISRG","Intuitive Surgical, Inc. - Common Stock","2021-11-01 12:30:00-04:00",358.8900146484375,358.8900146484375,357.1300048828125,357.239990234375,357.239990234375,137643
"ISRG","Intuitive Surgical, Inc. - Common Stock","2021-11-01 13:30:00-04:00",357.2950134277344,357.3999938964844,355.6700134277344,356.5899963378906,356.5899963378906,133030
"ISRG","Intuitive Surgical, Inc. - Common Stock","2021-11-01 14:30:00-04:00",356.6600036621094,357.1449890136719,355.5,355.9150085449219,355.9150085449219,141696
"ISRG","Intuitive Surgical, Inc. - Common Stock","2021-11-01 15:30:00-04:00",355.9200134277344,356.25,354.5299987792969,355.0400085449219,355.0400085449219,260280
"ISRG","Intuitive Surgical, Inc. - Common Stock","2021-11-01 16:00:00-04:00",355.03,357.21,354.81,355.3,355.3,0
"ISRG","Intuitive Surgical, Inc. - Common Stock","2021-11-01 17:00:00-04:00",355.3,358.9,355.03,358.9,358.9,0
"ISRG","Intuitive Surgical, Inc. - Common Stock","2021-11-01 18:00:00-04:00",355.03,355.9,352.0,353.03,353.03,0
"ISRG","Intuitive Surgical, Inc. - Common Stock","2021-11-01 19:00:00-04:00",355.5,358.89,354.07,355.02,355.02,0
"ISRG","Intuitive Surgical, Inc. - Common Stock","2021-11-02 04:00:00-04:00",355.0,355.0,350.0,350.0,350.0,0
"ISRG","Intuitive Surgical, Inc. - Common Stock","2021-11-02 05:00:00-04:00",354.1,356.0,350.5,356.0,356.0,0
"ISRG","Intuitive Surgical, Inc. - Common Stock","2021-11-02 06:00:00-04:00",354.82,358.83,354.82,358.0,358.0,0
"ISRG","Intuitive Surgical, Inc. - Common Stock","2021-11-02 07:00:00-04:00",355.1,358.0,355.1,355.8,355.8,0
"ISRG","Intuitive Surgical, Inc. - Common Stock","2021-11-02 08:00:00-04:00",355.75,356.0,353.01,355.2,355.2,0
"ISRG","Intuitive Surgical, Inc. - Common Stock","2021-11-02 09:00:00-04:00",355.85,356.99,354.01,356.93,356.93,0
"ISRG","Intuitive Surgical, Inc. - Common Stock","2021-11-02 09:30:00-04:00",356.5799865722656,360.114990234375,354.54998779296875,359.4555969238281,359.4555969238281,163888
"ISRG","Intuitive Surgical, Inc. - Common Stock","2021-11-02 10:30:00-04:00",359.5400085449219,359.6300048828125,357.0799865722656,358.7699890136719,358.7699890136719,113130
"ISRG","Intuitive Surgical, Inc. - Common Stock","2021-11-02 11:30:00-04:00",358.5599975585937,360.6900024414063,358.17999267578125,360.3900146484375,360.3900146484375,92286
"ISRG","Intuitive Surgical, Inc. - Common Stock","2021-11-02 12:30:00-04:00",360.55999755859375,361.5,360.0299987792969,360.2099914550781,360.2099914550781,88264
"ISRG","Intuitive Surgical, Inc. - Common Stock","2021-11-02 13:30:00-04:00",360.0599975585937,360.5199890136719,359.20001220703125,359.9825134277344,359.9825134277344,72323
"ISRG","Intuitive Surgical, Inc. - Common Stock","2021-11-02 14:30:00-04:00",360.0599975585937,361.2449951171875,359.4200134277344,360.0299987792969,360.0299987792969,91727
"ISRG","Intuitive Surgical, Inc. - Common Stock","2021-11-02 15:30:00-04:00",360.0899963378906,360.6199951171875,359.6400146484375,360.5700073242188,360.5700073242188,162805
"ISRG","Intuitive Surgical, Inc. - Common Stock","2021-11-02 16:00:00-04:00",360.37,360.38,359.22,360.37,360.37,0
"ISRG","Intuitive Surgical, Inc. - Common Stock","2021-11-02 17:00:00-04:00",359.35,360.99,359.345,360.51,360.51,0
"ISRG","Intuitive Surgical, Inc. - Common Stock","2021-11-02 18:00:00-04:00",360.51,360.51,359.1,360.37,360.37,0
"ISRG","Intuitive Surgical, Inc. - Common Stock","2021-11-02 19:00:00-04:00",360.37,360.5,360.37,360.5,360.5,0
"ISRG","Intuitive Surgical, Inc. - Common Stock","2021-11-03 06:00:00-04:00",359.0,359.0,359.0,359.0,359.0,0
"ISRG","Intuitive Surgical, Inc. - Common Stock","2021-11-03 07:00:00-04:00",360.37,360.75,360.35,360.75,360.75,0
"ISRG","Intuitive Surgical, Inc. - Common Stock","2021-11-03 08:00:00-04:00",360.37,360.37,359.0,359.91,359.91,0
"ISRG","Intuitive Surgical, Inc. - Common Stock","2021-11-03 09:00:00-04:00",359.91,361.78,358.7,360.01,360.01,0
"ISRG","Intuitive Surgical, Inc. - Common Stock","2021-11-03 09:30:00-04:00",360.2900085449219,362.7862854003906,355.82000732421875,356.4750061035156,356.4750061035156,136302
"ISRG","Intuitive Surgical, Inc. - Common Stock","2021-11-03 10:30:00-04:00",356.6700134277344,357.4200134277344,355.1700134277344,355.8599853515625,355.8599853515625,106196
"ISRG","Intuitive Surgical, Inc. - Common Stock","2021-11-03 11:30:00-04:00",355.82000732421875,358.8900146484375,355.2300109863281,358.4100036621094,358.4100036621094,124271
"ISRG","Intuitive Surgical, Inc. - Common Stock","2021-11-03 12:30:00-04:00",358.6000061035156,360.2999877929688,358.239990234375,359.2300109863281,359.2300109863281,144560
"ISRG","Intuitive Surgical, Inc. - Common Stock","2021-11-03 13:30:00-04:00",359.2799987792969,359.9599914550781,353.9599914550781,356.1400146484375,356.1400146484375,202567
"ISRG","Intuitive Surgical, Inc. - Common Stock","2021-11-03 14:30:00-04:00",356.1849975585937,359.4150085449219,356.1849975585937,358.8500061035156,358.8500061035156,136752
"ISRG","Intuitive Surgical, Inc. - Common Stock","2021-11-03 15:30:00-04:00",358.8599853515625,361.9800109863281,358.7200012207031,361.510009765625,361.510009765625,251318
"ISRG","Intuitive Surgical, Inc. - Common Stock","2021-11-03 16:00:00-04:00",361.49,871.54,360.01,361.0,361.0,0
"ISRG","Intuitive Surgical, Inc. - Common Stock","2021-11-03 17:00:00-04:00",361.0,362.41,359.745,362.41,362.41,0
"ISRG","Intuitive Surgical, Inc. - Common Stock","2021-11-03 18:00:00-04:00",361.49,363.0,360.01,361.01,361.01,0
"ISRG","Intuitive Surgical, Inc. - Common Stock","2021-11-03 19:00:00-04:00",361.7,361.7,360.0,361.01,361.01,0
"ISRG","Intuitive Surgical, Inc. - Common Stock","2021-11-04 04:00:00-04:00",365.79,365.79,362.0,362.0,362.0,0
"ISRG","Intuitive Surgical, Inc. - Common Stock","2021-11-04 06:00:00-04:00",362.76,363.36,362.0,362.0,362.0,0
"ISRG","Intuitive Surgical, Inc. - Common Stock","2021-11-04 07:00:00-04:00",362.0,362.7,362.0,362.03,362.03,0
"ISRG","Intuitive Surgical, Inc. - Common Stock","2021-11-04 08:00:00-04:00",362.02,363.0,361.49,362.49,362.49,0
"ISRG","Intuitive Surgical, Inc. - Common Stock","2021-11-04 09:00:00-04:00",361.8,363.0,361.1,361.61,361.61,0
"ISRG","Intuitive Surgical, Inc. - Common Stock","2021-11-04 09:30:00-04:00",361.489990234375,364.3999938964844,359.010009765625,362.4400024414063,362.4400024414063,161146
"ISRG","Intuitive Surgical, Inc. - Common Stock","2021-11-04 10:30:00-04:00",362.3399963378906,364.0,361.8800048828125,362.3599853515625,362.3599853515625,100464
"ISRG","Intuitive Surgical, Inc. - Common Stock","2021-11-04 11:30:00-04:00",362.489990234375,363.0700073242188,360.739990234375,361.010009765625,361.010009765625,107793
"ISRG","Intuitive Surgical, Inc. - Common Stock","2021-11-04 12:30:00-04:00",360.6799926757813,361.1300048828125,360.1300048828125,360.8399963378906,360.8399963378906,59166
"ISRG","Intuitive Surgical, Inc. - Common Stock","2021-11-04 13:30:00-04:00",360.7049865722656,361.8599853515625,360.260009765625,361.5,361.5,76726
"ISRG","Intuitive Surgical, Inc. - Common Stock","2021-11-04 14:30:00-04:00",361.4675903320313,361.6900024414063,360.3504028320313,360.5299987792969,360.5299987792969,92900
"ISRG","Intuitive Surgical, Inc. - Common Stock","2021-11-04 15:30:00-04:00",360.6900024414063,363.4800109863281,360.6900024414063,363.3200073242188,363.3200073242188,192542
"ISRG","Intuitive Surgical, Inc. - Common Stock","2021-11-04 16:00:00-04:00",363.32,363.82,362.0,363.49,363.49,0
"ISRG","Intuitive Surgical, Inc. - Common Stock","2021-11-04 17:00:00-04:00",363.0,363.0,361.08,361.08,361.08,0
"ISRG","Intuitive Surgical, Inc. - Common Stock","2021-11-04 18:00:00-04:00",362.01,363.32,362.01,363.3,363.3,0
"ISRG","Intuitive Surgical, Inc. - Common Stock","2021-11-04 19:00:00-04:00",363.8,363.8,363.0,363.0,363.0,0
"ISRG","Intuitive Surgical, Inc. - Common Stock","2021-11-05 04:00:00-04:00",363.87,363.87,363.32,363.87,363.87,0
"ISRG","Intuitive Surgical, Inc. - Common Stock","2021-11-05 05:00:00-04:00",363.87,364.78,363.4,364.78,364.78,0
"ISRG","Intuitive Surgical, Inc. - Common Stock","2021-11-05 06:00:00-04:00",364.78,365.21,364.78,365.21,365.21,0
"ISRG","Intuitive Surgical, Inc. - Common Stock","2021-11-05 07:00:00-04:00",365.14,365.37,364.11,364.4,364.4,0
"ISRG","Intuitive Surgical, Inc. - Common Stock","2021-11-05 08:00:00-04:00",364.4,365.0,362.412,364.0,364.0,0
"ISRG","Intuitive Surgical, Inc. - Common Stock","2021-11-05 09:00:00-04:00",364.0,365.0,363.32,363.32,363.32,0
"ISRG","Intuitive Surgical, Inc. - Common Stock","2021-11-05 09:30:00-04:00",363.4200134277344,369.6900024414063,359.489990234375,368.3999938964844,368.3999938964844,362590
"ISRG","Intuitive Surgical, Inc. - Common Stock","2021-11-05 10:30:00-04:00",368.2699890136719,368.6000061035156,364.8800048828125,365.7650146484375,365.7650146484375,175697
"ISRG","Intuitive Surgical, Inc. - Common Stock","2021-11-05 11:30:00-04:00",365.8699951171875,367.8500061035156,365.8699951171875,366.9299926757813,366.9299926757813,184133
"ISRG","Intuitive Surgical, Inc. - Common Stock","2021-11-05 12:30:00-04:00",366.8599853515625,367.5199890136719,363.1499938964844,363.2999877929688,363.2999877929688,188424
"ISRG","Intuitive Surgical, Inc. - Common Stock","2021-11-05 13:30:00-04:00",363.1400146484375,365.9992065429688,363.1400146484375,365.1700134277344,365.1700134277344,97788
"ISRG","Intuitive Surgical, Inc. - Common Stock","2021-11-05 14:30:00-04:00",365.1400146484375,365.9685974121094,364.6000061035156,365.1499938964844,365.1499938964844,106215
"ISRG","Intuitive Surgical, Inc. - Common Stock","2021-11-05 15:30:00-04:00",365.25,366.7099914550781,364.5700073242188,364.9400024414063,364.9400024414063,216302
"ISRG","Intuitive Surgical, Inc. - Common Stock","2021-11-05 16:00:00-04:00",364.95,365.9,363.13,364.95,364.95,0
"ISRG","Intuitive Surgical, Inc. - Common Stock","2021-11-05 17:00:00-04:00",364.9,369.0,364.2,364.7,364.7,0
"ISRG","Intuitive Surgical, Inc. - Common Stock","2021-11-05 18:00:00-04:00",364.6,365.8,364.6,365.8,365.8,0
"ISRG","Intuitive Surgical, Inc. - Common Stock","2021-11-05 19:00:00-04:00",364.5,365.9,364.5,365.5,365.5,0
"ISRG","Intuitive Surgical, Inc. - Common Stock","2021-11-08 04:00:00-05:00",365.9,367.0,365.9,367.0,367.0,0
"ISRG","Intuitive Surgical, Inc. - Common Stock","2021-11-08 05:00:00-05:00",367.0,368.8,365.25,367.82,367.82,0
"ISRG","Intuitive Surgical, Inc. - Common Stock","2021-11-08 06:00:00-05:00",367.82,367.98,367.0,367.02,367.02,0
"ISRG","Intuitive Surgical, Inc. - Common Stock","2021-11-08 07:00:00-05:00",367.96,367.96,365.25,366.15,366.15,0
"ISRG","Intuitive Surgical, Inc. - Common Stock","2021-11-08 08:00:00-05:00",367.0,367.99,364.038,366.91,366.91,0
"ISRG","Intuitive Surgical, Inc. - Common Stock","2021-11-08 09:00:00-05:00",366.91,369.85,365.3,367.78,367.78,0
"ISRG","Intuitive Surgical, Inc. - Common Stock","2021-11-08 09:30:00-05:00",366.0199890136719,368.1400146484375,361.9700012207031,362.1950073242188,362.1950073242188,254595
"ISRG","Intuitive Surgical, Inc. - Common Stock","2021-11-08 10:30:00-05:00",362.1900024414063,365.7699890136719,362.1900024414063,364.8900146484375,364.8900146484375,96219
"ISRG","Intuitive Surgical, Inc. - Common Stock","2021-11-08 11:30:00-05:00",364.5700073242188,364.7149963378906,363.239990234375,363.7799987792969,363.7799987792969,68306
"ISRG","Intuitive Surgical, Inc. - Common Stock","2021-11-08 12:30:00-05:00",363.6099853515625,363.8200073242188,363.1000061035156,363.3699951171875,363.3699951171875,48148
"ISRG","Intuitive Surgical, Inc. - Common Stock","2021-11-08 13:30:00-05:00",363.2550048828125,365.75,363.2550048828125,365.1737976074219,365.1737976074219,53065
"ISRG","Intuitive Surgical, Inc. - Common Stock","2021-11-08 14:30:00-05:00",365.1900024414063,366.7000122070313,365.1000061035156,365.760009765625,365.760009765625,74698
"ISRG","Intuitive Surgical, Inc. - Common Stock","2021-11-08 15:30:00-05:00",365.739990234375,366.1400146484375,365.2799987792969,365.510009765625,365.510009765625,120411
"ISRG","Intuitive Surgical, Inc. - Common Stock","2021-11-08 16:00:00-05:00",365.42,368.0,365.13,365.17,365.17,0
"ISRG","Intuitive Surgical, Inc. - Common Stock","2021-11-08 17:00:00-05:00",365.14,365.14,365.14,365.14,365.14,0
"ISRG","Intuitive Surgical, Inc. - Common Stock","2021-11-08 18:00:00-05:00",365.14,365.14,365.13,365.13,365.13,0
"ISRG","Intuitive Surgical, Inc. - Common Stock","2021-11-09 04:00:00-05:00",365.42,365.42,365.42,365.42,365.42,0
"ISRG","Intuitive Surgical, Inc. - Common Stock","2021-11-09 05:00:00-05:00",368.9,368.9,365.42,368.0,368.0,0
"ISRG","Intuitive Surgical, Inc. - Common Stock","2021-11-09 06:00:00-05:00",367.98,368.82,365.6,367.0,367.0,0
"ISRG","Intuitive Surgical, Inc. - Common Stock","2021-11-09 07:00:00-05:00",368.69,368.69,365.46,365.99,365.99,0
"ISRG","Intuitive Surgical, Inc. - Common Stock","2021-11-09 08:00:00-05:00",365.99,368.0,365.0,365.0,365.0,0
"ISRG","Intuitive Surgical, Inc. - Common Stock","2021-11-09 09:00:00-05:00",365.0,366.85,364.5,364.61,364.61,0
"ISRG","Intuitive Surgical, Inc. - Common Stock","2021-11-09 09:30:00-05:00",365.0,366.2000122070313,362.5700073242188,363.8399963378906,363.8399963378906,199016
"ISRG","Intuitive Surgical, Inc. - Common Stock","2021-11-09 10:30:00-05:00",364.0450134277344,365.1199951171875,363.1000061035156,364.1900024414063,364.1900024414063,95773
"ISRG","Intuitive Surgical, Inc. - Common Stock","2021-11-09 11:30:00-05:00",364.1950073242188,366.0,364.168212890625,365.5201110839844,365.5201110839844,87106
"ISRG","Intuitive Surgical, Inc. - Common Stock","2021-11-09 12:30:00-05:00",365.4700012207031,366.0899963378906,365.30999755859375,365.9100036621094,365.9100036621094,79508
"ISRG","Intuitive Surgical, Inc. - Common Stock","2021-11-09 13:30:00-05:00",366.0199890136719,366.7900085449219,365.4342041015625,365.5499877929688,365.5499877929688,76550
"ISRG","Intuitive Surgical, Inc. - Common Stock","2021-11-09 14:30:00-05:00",365.6400146484375,365.6400146484375,364.0400085449219,364.6300048828125,364.6300048828125,76323
"ISRG","Intuitive Surgical, Inc. - Common Stock","2021-11-09 15:30:00-05:00",364.6700134277344,364.7300109863281,363.6300048828125,364.1000061035156,364.1000061035156,178746
"ISRG","Intuitive Surgical, Inc. - Common Stock","2021-11-09 16:00:00-05:00",364.15,365.0,363.73,364.15,364.15,0
"ISRG","Intuitive Surgical, Inc. - Common Stock","2021-11-09 17:00:00-05:00",364.15,365.0,363.05,363.05,363.05,0
"ISRG","Intuitive Surgical, Inc. - Common Stock","2021-11-09 18:00:00-05:00",364.15,364.5,363.05,364.5,364.5,0
"ISRG","Intuitive Surgical, Inc. - Common Stock","2021-11-10 04:00:00-05:00",363.5,364.2,363.19,363.4,363.4,0
"ISRG","Intuitive Surgical, Inc. - Common Stock","2021-11-10 05:00:00-05:00",364.0,364.23,364.0,364.23,364.23,0
"ISRG","Intuitive Surgical, Inc. - Common Stock","2021-11-10 06:00:00-05:00",364.15,364.15,362.0,362.0,362.0,0
"ISRG","Intuitive Surgical, Inc. - Common Stock","2021-11-10 07:00:00-05:00",361.1,363.95,361.1,363.24,363.24,0
"ISRG","Intuitive Surgical, Inc. - Common Stock","2021-11-10 08:00:00-05:00",363.11,363.99,361.0,363.99,363.99,0
"ISRG","Intuitive Surgical, Inc. - Common Stock","2021-11-10 09:00:00-05:00",363.54,363.74,362.2,363.49,363.49,0
"ISRG","Intuitive Surgical, Inc. - Common Stock","2021-11-10 09:30:00-05:00",363.0,367.4800109863281,361.1799926757813,362.5199890136719,362.5199890136719,174914
"ISRG","Intuitive Surgical, Inc. - Common Stock","2021-11-10 10:30:00-05:00",362.6700134277344,364.1199951171875,362.0,363.1900024414063,363.1900024414063,113897
"ISRG","Intuitive Surgical, Inc. - Common Stock","2021-11-10 11:30:00-05:00",362.9299926757813,363.3399963378906,361.869384765625,362.125,362.125,70248
"ISRG","Intuitive Surgical, Inc. - Common Stock","2021-11-10 12:30:00-05:00",362.260009765625,363.3900146484375,360.5400085449219,361.260009765625,361.260009765625,78277
"ISRG","Intuitive Surgical, Inc. - Common Stock","2021-11-10 13:30:00-05:00",361.0849914550781,361.739990234375,359.45001220703125,359.6300048828125,359.6300048828125,95488
"ISRG","Intuitive Surgical, Inc. - Common Stock","2021-11-10 14:30:00-05:00",359.70001220703125,360.25,358.1499938964844,358.32501220703125,358.32501220703125,122589
"ISRG","Intuitive Surgical, Inc. - Common Stock","2021-11-10 15:30:00-05:00",358.3900146484375,360.0599975585937,357.8900146484375,359.489990234375,359.489990234375,223546
"ISRG","Intuitive Surgical, Inc. - Common Stock","2021-11-10 16:00:00-05:00",359.49,359.69,358.97,359.5,359.5,0
"ISRG","Intuitive Surgical, Inc. - Common Stock","2021-11-10 17:00:00-05:00",359.5,359.695,359.0,359.695,359.695,0
"ISRG","Intuitive Surgical, Inc. - Common Stock","2021-11-10 18:00:00-05:00",359.2,360.42,358.98,358.98,358.98,0
"ISRG","Intuitive Surgical, Inc. - Common Stock","2021-11-11 04:00:00-05:00",359.85,362.95,359.85,361.0,361.0,0
"ISRG","Intuitive Surgical, Inc. - Common Stock","2021-11-11 06:00:00-05:00",362.0,362.0,360.0,360.0,360.0,0
"ISRG","Intuitive Surgical, Inc. - Common Stock","2021-11-11 07:00:00-05:00",360.0,361.0,359.68,361.0,361.0,0
"ISRG","Intuitive Surgical, Inc. - Common Stock","2021-11-11 08:00:00-05:00",360.84,360.84,358.592,360.0,360.0,0
"ISRG","Intuitive Surgical, Inc. - Common Stock","2021-11-11 09:00:00-05:00",359.22,360.49,358.97,360.23,360.23,0
"ISRG","Intuitive Surgical, Inc. - Common Stock","2021-11-11 09:30:00-05:00",360.0,360.260009765625,356.7200012207031,356.9700012207031,356.9700012207031,157933
"ISRG","Intuitive Surgical, Inc. - Common Stock","2021-11-11 10:30:00-05:00",356.82000732421875,356.82000732421875,352.5899963378906,352.8599853515625,352.8599853515625,191845
"ISRG","Intuitive Surgical, Inc. - Common Stock","2021-11-11 11:30:00-05:00",352.9599914550781,353.8399963378906,348.8399963378906,348.8399963378906,348.8399963378906,251788
"ISRG","Intuitive Surgical, Inc. - Common Stock","2021-11-11 12:30:00-05:00",348.864990234375,350.9798889160156,348.6499938964844,350.07000732421875,350.07000732421875,127702
"ISRG","Intuitive Surgical, Inc. - Common Stock","2021-11-11 13:30:00-05:00",350.1000061035156,352.5299987792969,350.0899963378906,351.1585998535156,351.1585998535156,102445
"ISRG","Intuitive Surgical, Inc. - Common Stock","2021-11-11 14:30:00-05:00",351.2300109863281,352.7099914550781,349.8599853515625,350.9200134277344,350.9200134277344,134870
"ISRG","Intuitive Surgical, Inc. - Common Stock","2021-11-11 15:30:00-05:00",351.010009765625,351.1199951171875,350.2699890136719,350.79998779296875,350.79998779296875,182519
"ISRG","Intuitive Surgical, Inc. - Common Stock","2021-11-11 16:00:00-05:00",350.79,351.0,348.88,351.0,351.0,0
"ISRG","Intuitive Surgical, Inc. - Common Stock","2021-11-11 17:00:00-05:00",351.0,351.98,350.22,351.01,351.01,0
"ISRG","Intuitive Surgical, Inc. - Common Stock","2021-11-11 18:00:00-05:00",352.325,352.325,350.8,350.8,350.8,0
"ISRG","Intuitive Surgical, Inc. - Common Stock","2021-11-12 04:00:00-05:00",352.0,353.0,352.0,352.0,352.0,0
"ISRG","Intuitive Surgical, Inc. - Common Stock","2021-11-12 05:00:00-05:00",352.0,352.0,351.0,351.05,351.05,0
"ISRG","Intuitive Surgical, Inc. - Common Stock","2021-11-12 06:00:00-05:00",351.05,353.96,351.05,353.0,353.0,0
"ISRG","Intuitive Surgical, Inc. - Common Stock","2021-11-12 07:00:00-05:00",353.77,353.89,352.0,353.4,353.4,0
"ISRG","Intuitive Surgical, Inc. - Common Stock","2021-11-12 08:00:00-05:00",353.41,354.0,352.0,352.6,352.6,0
"ISRG","Intuitive Surgical, Inc. - Common Stock","2021-11-12 09:00:00-05:00",352.9,354.53,350.79,353.44,353.44,0
"ISRG","Intuitive Surgical, Inc. - Common Stock","2021-11-12 09:30:00-05:00",353.67999267578125,354.9198913574219,350.4700012207031,354.0599975585937,354.0599975585937,161913
"ISRG","Intuitive Surgical, Inc. - Common Stock","2021-11-12 10:30:00-05:00",353.7799987792969,356.3500061035156,353.760009765625,355.3099975585937,355.3099975585937,110475
"ISRG","Intuitive Surgical, Inc. - Common Stock","2021-11-12 11:30:00-05:00",355.3345031738281,356.20001220703125,354.35009765625,355.5799865722656,355.5799865722656,75879
"ISRG","Intuitive Surgical, Inc. - Common Stock","2021-11-12 12:30:00-05:00",355.5,355.7799987792969,354.4599914550781,355.1700134277344,355.1700134277344,75759
"ISRG","Intuitive Surgical, Inc. - Common Stock","2021-11-12 13:30:00-05:00",355.1199951171875,356.6650085449219,355.1199951171875,355.3299865722656,355.3299865722656,76312
"ISRG","Intuitive Surgical, Inc. - Common Stock","2021-11-12 14:30:00-05:00",355.4100036621094,355.9800109863281,354.92999267578125,355.7640075683594,355.7640075683594,90138
"ISRG","Intuitive Surgical, Inc. - Common Stock","2021-11-12 15:30:00-05:00",355.69000244140625,356.260009765625,354.8299865722656,354.92999267578125,354.92999267578125,160620
"ISRG","Intuitive Surgical, Inc. - Common Stock","2021-11-12 16:00:00-05:00",354.93,355.42,354.01,354.95,354.95,0
"ISRG","Intuitive Surgical, Inc. - Common Stock","2021-11-12 17:00:00-05:00",354.67,354.93,354.31,354.9,354.9,0
"ISRG","Intuitive Surgical, Inc. - Common Stock","2021-11-12 18:00:00-05:00",354.9,354.9,354.3,354.7,354.7,0
"ISRG","Intuitive Surgical, Inc. - Common Stock","2021-11-15 04:00:00-05:00",356.0,358.1,355.16,355.16,355.16,0
"ISRG","Intuitive Surgical, Inc. - Common Stock","2021-11-15 05:00:00-05:00",355.0,358.0,355.0,358.0,358.0,0
"ISRG","Intuitive Surgical, Inc. - Common Stock","2021-11-15 06:00:00-05:00",357.99,357.99,357.27,357.88,357.88,0
"ISRG","Intuitive Surgical, Inc. - Common Stock","2021-11-15 07:00:00-05:00",357.27,357.47,355.12,356.3,356.3,0
"ISRG","Intuitive Surgical, Inc. - Common Stock","2021-11-15 08:00:00-05:00",356.9,357.88,354.01,357.0,357.0,0
"ISRG","Intuitive Surgical, Inc. - Common Stock","2021-11-15 09:00:00-05:00",357.35,359.6,355.0805,355.41,355.41,0
"ISRG","Intuitive Surgical, Inc. - Common Stock","2021-11-15 09:30:00-05:00",355.510009765625,357.1885986328125,351.9599914550781,352.1400146484375,352.1400146484375,193546
"ISRG","Intuitive Surgical, Inc. - Common Stock","2021-11-15 10:30:00-05:00",352.239990234375,354.8299865722656,352.06500244140625,354.54998779296875,354.54998779296875,108492
"ISRG","Intuitive Surgical, Inc. - Common Stock","2021-11-15 11:30:00-05:00",354.7300109863281,355.0,352.1000061035156,352.6600036621094,352.6600036621094,52398
"ISRG","Intuitive Surgical, Inc. - Common Stock","2021-11-15 12:30:00-05:00",352.6499938964844,353.6539001464844,352.239990234375,352.7900085449219,352.7900085449219,45310
"ISRG","Intuitive Surgical, Inc. - Common Stock","2021-11-15 13:30:00-05:00",352.7900085449219,352.8399963378906,351.7300109863281,352.647705078125,352.647705078125,66214
"ISRG","Intuitive Surgical, Inc. - Common Stock","2021-11-15 14:30:00-05:00",352.5199890136719,353.7099914550781,352.3900146484375,353.2799987792969,353.2799987792969,67823
"ISRG","Intuitive Surgical, Inc. - Common Stock","2021-11-15 15:30:00-05:00",353.2799987792969,353.7300109863281,352.6300048828125,353.6600036621094,353.6600036621094,97998
"ISRG","Intuitive Surgical, Inc. - Common Stock","2021-11-15 16:00:00-05:00",353.56,354.0,351.13,353.58,353.58,0
"ISRG","Intuitive Surgical, Inc. - Common Stock","2021-11-15 17:00:00-05:00",353.14,354.0,352.98,352.98,352.98,0
"ISRG","Intuitive Surgical, Inc. - Common Stock","2021-11-15 18:00:00-05:00",353.01,353.6,353.01,353.01,353.01,0
"ISRG","Intuitive Surgical, Inc. - Common Stock","2021-11-16 04:00:00-05:00",353.6,353.6,353.56,353.56,353.56,0
"ISRG","Intuitive Surgical, Inc. - Common Stock","2021-11-16 05:00:00-05:00",353.56,353.56,353.04,353.04,353.04,0
"ISRG","Intuitive Surgical, Inc. - Common Stock","2021-11-16 06:00:00-05:00",353.04,355.0,353.0,353.0,353.0,0
"ISRG","Intuitive Surgical, Inc. - Common Stock","2021-11-16 07:00:00-05:00",354.98,354.98,353.99,354.5,354.5,0
"ISRG","Intuitive Surgical, Inc. - Common Stock","2021-11-16 08:00:00-05:00",354.4,355.0,351.01,354.34,354.34,0
"ISRG","Intuitive Surgical, Inc. - Common Stock","2021-11-16 09:00:00-05:00",353.75,355.0,351.01,352.64,352.64,0
"ISRG","Intuitive Surgical, Inc. - Common Stock","2021-11-16 09:30:00-05:00",351.8599853515625,356.6600036621094,351.8599853515625,355.8800048828125,355.8800048828125,163180
"ISRG","Intuitive Surgical, Inc. - Common Stock","2021-11-16 10:30:00-05:00",355.885009765625,359.739990234375,355.8599853515625,359.3999938964844,359.3999938964844,165000
"ISRG","Intuitive Surgical, Inc. - Common Stock","2021-11-16 11:30:00-05:00",359.2799987792969,361.260009765625,358.7300109863281,358.8550109863281,358.8550109863281,103483
"ISRG","Intuitive Surgical, Inc. - Common Stock","2021-11-16 12:30:00-05:00",358.8544006347656,361.7898864746094,358.8443908691406,360.9849853515625,360.9849853515625,84205
"ISRG","Intuitive Surgical, Inc. - Common Stock","2021-11-16 13:30:00-05:00",361.0,362.7699890136719,360.989990234375,361.5841979980469,361.5841979980469,100751
"ISRG","Intuitive Surgical, Inc. - Common Stock","2021-11-16 14:30:00-05:00",361.6600036621094,362.0,361.4700012207031,361.9200134277344,361.9200134277344,86790
"ISRG","Intuitive Surgical, Inc. - Common Stock","2021-11-16 15:30:00-05:00",361.8699951171875,362.8200073242188,360.9299926757813,361.0299987792969,361.0299987792969,207243
"ISRG","Intuitive Surgical, Inc. - Common Stock","2021-11-16 16:00:00-05:00",361.12,361.15,360.13,361.04,361.04,0
"ISRG","Intuitive Surgical, Inc. - Common Stock","2021-11-16 17:00:00-05:00",361.0,361.5,360.51,361.5,361.5,0
"ISRG","Intuitive Surgical, Inc. - Common Stock","2021-11-16 18:00:00-05:00",361.5,362.88,360.13,361.99,361.99,0
"ISRG","Intuitive Surgical, Inc. - Common Stock","2021-11-17 04:00:00-05:00",362.0,362.0,361.0,361.12,361.12,0
"ISRG","Intuitive Surgical, Inc. - Common Stock","2021-11-17 06:00:00-05:00",363.0,364.02,363.0,363.88,363.88,0
"ISRG","Intuitive Surgical, Inc. - Common Stock","2021-11-17 07:00:00-05:00",361.14,363.84,361.0,361.99,361.99,0
"ISRG","Intuitive Surgical, Inc. - Common Stock","2021-11-17 08:00:00-05:00",361.97,362.0,359.75,360.2,360.2,0
"ISRG","Intuitive Surgical, Inc. - Common Stock","2021-11-17 09:00:00-05:00",360.2,361.6,359.7,360.78,360.78,0
"ISRG","Intuitive Surgical, Inc. - Common Stock","2021-11-17 09:30:00-05:00",361.1199951171875,363.0,358.0,362.9150085449219,362.9150085449219,411547
"ISRG","Intuitive Surgical, Inc. - Common Stock","2021-11-17 10:30:00-05:00",362.9200134277344,363.0,360.8399963378906,362.6300048828125,362.6300048828125,119922
"ISRG","Intuitive Surgical, Inc. - Common Stock","2021-11-17 11:30:00-05:00",362.5299987792969,363.75,362.0700073242188,362.9599914550781,362.9599914550781,78253
"ISRG","Intuitive Surgical, Inc. - Common Stock","2021-11-17 12:30:00-05:00",362.6900024414063,364.2200012207031,362.6900024414063,363.9800109863281,363.9800109863281,77253
"ISRG","Intuitive Surgical, Inc. - Common Stock","2021-11-17 13:30:00-05:00",364.0499877929688,364.1000061035156,361.8330078125,362.0799865722656,362.0799865722656,318738
"ISRG","Intuitive Surgical, Inc. - Common Stock","2021-11-17 14:30:00-05:00",362.114990234375,362.31201171875,361.0299987792969,361.239990234375,361.239990234375,78816
"ISRG","Intuitive Surgical, Inc. - Common Stock","2021-11-17 15:30:00-05:00",361.2999877929688,361.6000061035156,360.5400085449219,361.4700012207031,361.4700012207031,162649
"ISRG","Intuitive Surgical, Inc. - Common Stock","2021-11-17 16:00:00-05:00",361.42,362.4,356.13,361.0,361.0,0
"ISRG","Intuitive Surgical, Inc. - Common Stock","2021-11-17 17:00:00-05:00",361.3,361.42,361.1,361.42,361.42,0
"ISRG","Intuitive Surgical, Inc. - Common Stock","2021-11-17 18:00:00-05:00",361.42,361.42,360.78,361.0,361.0,0
"ISRG","Intuitive Surgical, Inc. - Common Stock","2021-11-18 04:00:00-05:00",362.15,365.0,362.15,362.15,362.15,0
"ISRG","Intuitive Surgical, Inc. - Common Stock","2021-11-18 05:00:00-05:00",362.15,363.74,362.15,362.46,362.46,0
"ISRG","Intuitive Surgical, Inc. - Common Stock","2021-11-18 06:00:00-05:00",362.46,362.46,362.15,362.31,362.31,0
"ISRG","Intuitive Surgical, Inc. - Common Stock","2021-11-18 07:00:00-05:00",362.15,363.92,361.5,361.84,361.84,0
"ISRG","Intuitive Surgical, Inc. - Common Stock","2021-11-18 08:00:00-05:00",362.05,362.5125,360.0,361.75,361.75,0
"ISRG","Intuitive Surgical, Inc. - Common Stock","2021-11-18 09:00:00-05:00",361.96,362.4,361.01,362.3896,362.3896,0
"ISRG","Intuitive Surgical, Inc. - Common Stock","2021-11-18 09:30:00-05:00",361.4599914550781,362.6600036621094,356.4200134277344,357.45001220703125,357.45001220703125,189831
"ISRG","Intuitive Surgical, Inc. - Common Stock","2021-11-18 10:30:00-05:00",357.5599975585937,360.0400085449219,357.5599975585937,359.760009765625,359.760009765625,89681
"ISRG","Intuitive Surgical, Inc. - Common Stock","2021-11-18 11:30:00-05:00",359.510009765625,362.3500061035156,359.3500061035156,361.7149963378906,361.7149963378906,108608
"ISRG","Intuitive Surgical, Inc. - Common Stock","2021-11-18 12:30:00-05:00",361.6549987792969,361.93499755859375,360.2200012207031,360.55999755859375,360.55999755859375,54274
"ISRG","Intuitive Surgical, Inc. - Common Stock","2021-11-18 13:30:00-05:00",360.7300109863281,360.8800048828125,358.9599914550781,359.2300109863281,359.2300109863281,43880
"ISRG","Intuitive Surgical, Inc. - Common Stock","2021-11-18 14:30:00-05:00",359.2200012207031,360.2673034667969,358.8299865722656,359.3099975585937,359.3099975585937,72236
"ISRG","Intuitive Surgical, Inc. - Common Stock","2021-11-18 15:30:00-05:00",359.3599853515625,360.1000061035156,358.92999267578125,359.2900085449219,359.2900085449219,145608
"ISRG","Intuitive Surgical, Inc. - Common Stock","2021-11-18 16:00:00-05:00",359.21,360.41,359.2,359.72,359.72,0
"ISRG","Intuitive Surgical, Inc. - Common Stock","2021-11-18 17:00:00-05:00",359.21,359.21,359.2,359.2,359.2,0
"ISRG","Intuitive Surgical, Inc. - Common Stock","2021-11-18 18:00:00-05:00",359.0,361.28,358.0,359.3,359.3,0
"ISRG","Intuitive Surgical, Inc. - Common Stock","2021-11-19 04:00:00-05:00",359.2,359.2,359.2,359.2,359.2,0
"ISRG","Intuitive Surgical, Inc. - Common Stock","2021-11-19 06:00:00-05:00",358.4,359.2,357.9,359.2,359.2,0
"ISRG","Intuitive Surgical, Inc. - Common Stock","2021-11-19 07:00:00-05:00",359.2,359.4,358.0,359.4,359.4,0
"ISRG","Intuitive Surgical, Inc. - Common Stock","2021-11-19 08:00:00-05:00",359.4,359.48,358.25,358.3,358.3,0
"ISRG","Intuitive Surgical, Inc. - Common Stock","2021-11-19 09:00:00-05:00",358.5,360.0,358.26,358.84,358.84,0
"ISRG","Intuitive Surgical, Inc. - Common Stock","2021-11-19 09:30:00-05:00",359.20001220703125,359.9599914550781,351.3800048828125,351.6700134277344,351.6700134277344,382635
"ISRG","Intuitive Surgical, Inc. - Common Stock","2021-11-19 10:30:00-05:00",351.6549987792969,352.1000061035156,348.1499938964844,348.8550109863281,348.8550109863281,237687
"ISRG","Intuitive Surgical, Inc. - Common Stock","2021-11-19 11:30:00-05:00",349.0,349.53741455078125,346.614990234375,347.8251953125,347.8251953125,183736
"ISRG","Intuitive Surgical, Inc. - Common Stock","2021-11-19 12:30:00-05:00",347.9200134277344,348.3999938964844,346.0,347.9800109863281,347.9800109863281,141522
"ISRG","Intuitive Surgical, Inc. - Common Stock","2021-11-19 13:30:00-05:00",348.1000061035156,349.3500061035156,347.375,347.8721008300781,347.8721008300781,104550
"ISRG","Intuitive Surgical, Inc. - Common Stock","2021-11-19 14:30:00-05:00",348.0599975585937,349.79998779296875,348.05499267578125,349.69000244140625,349.69000244140625,113118
"ISRG","Intuitive Surgical, Inc. - Common Stock","2021-11-19 15:30:00-05:00",349.6400146484375,349.6600036621094,348.04998779296875,348.6600036621094,348.6600036621094,211048
"ISRG","Intuitive Surgical, Inc. - Common Stock","2021-11-19 16:00:00-05:00",348.65,349.99,347.0,349.85,349.85,0
"ISRG","Intuitive Surgical, Inc. - Common Stock","2021-11-19 17:00:00-05:00",349.6,352.8,347.4,348.5,348.5,0
"ISRG","Intuitive Surgical, Inc. - Common Stock","2021-11-19 18:00:00-05:00",348.8,352.8,348.0,352.8,352.8,0
"ISRG","Intuitive Surgical, Inc. - Common Stock","2021-11-22 04:00:00-05:00",348.35,351.87,348.35,350.78,350.78,0
"ISRG","Intuitive Surgical, Inc. - Common Stock","2021-11-22 05:00:00-05:00",350.78,351.43,349.6,350.2,350.2,0
"ISRG","Intuitive Surgical, Inc. - Common Stock","2021-11-22 06:00:00-05:00",350.2,351.77,349.74,351.68,351.68,0
"ISRG","Intuitive Surgical, Inc. - Common Stock","2021-11-22 07:00:00-05:00",350.3,351.67,348.75,349.5,349.5,0
"ISRG","Intuitive Surgical, Inc. - Common Stock","2021-11-22 08:00:00-05:00",349.5,350.0,348.75,349.5,349.5,0
"ISRG","Intuitive Surgical, Inc. - Common Stock","2021-11-22 09:00:00-05:00",349.5,350.0,346.66,346.66,346.66,0
"ISRG","Intuitive Surgical, Inc. - Common Stock","2021-11-22 09:30:00-05:00",348.0,349.0,341.67999267578125,345.0899963378906,345.0899963378906,699826
"ISRG","Intuitive Surgical, Inc. - Common Stock","2021-11-22 10:30:00-05:00",345.1549987792969,346.2300109863281,341.4100036621094,342.6600036621094,342.6600036621094,195793
"ISRG","Intuitive Surgical, Inc. - Common Stock","2021-11-22 11:30:00-05:00",342.7200012207031,343.677490234375,340.42999267578125,341.2799987792969,341.2799987792969,137055
"ISRG","Intuitive Surgical, Inc. - Common Stock","2021-11-22 12:30:00-05:00",341.3999938964844,342.82000732421875,340.7699890136719,341.739990234375,341.739990234375,111466
"ISRG","Intuitive Surgical, Inc. - Common Stock","2021-11-22 13:30:00-05:00",341.7149963378906,342.7300109863281,341.3949890136719,341.5,341.5,137546
"ISRG","Intuitive Surgical, Inc. - Common Stock","2021-11-22 14:30:00-05:00",341.4800109863281,343.6499938964844,341.3599853515625,343.5450134277344,343.5450134277344,242831
"ISRG","Intuitive Surgical, Inc. - Common Stock","2021-11-22 15:30:00-05:00",343.5450134277344,343.5450134277344,340.42999267578125,340.5299987792969,340.5299987792969,266161
"ISRG","Intuitive Surgical, Inc. - Common Stock","2021-11-22 16:00:00-05:00",340.72,342.58,340.3,340.71,340.71,0
"ISRG","Intuitive Surgical, Inc. - Common Stock","2021-11-22 17:00:00-05:00",341.3,341.3,340.3,340.72,340.72,0
"ISRG","Intuitive Surgical, Inc. - Common Stock","2021-11-22 18:00:00-05:00",340.72,342.0,340.3,340.3,340.3,0
"ISRG","Intuitive Surgical, Inc. - Common Stock","2021-11-23 04:00:00-05:00",340.0,340.1,336.97,338.0,338.0,0
"ISRG","Intuitive Surgical, Inc. - Common Stock","2021-11-23 05:00:00-05:00",338.0,339.0,336.91,338.0,338.0,0
"ISRG","Intuitive Surgical, Inc. - Common Stock","2021-11-23 06:00:00-05:00",338.02,340.0,338.02,340.0,340.0,0
"ISRG","Intuitive Surgical, Inc. - Common Stock","2021-11-23 07:00:00-05:00",340.0,340.55,339.95,340.0,340.0,0
"ISRG","Intuitive Surgical, Inc. - Common Stock","2021-11-23 08:00:00-05:00",339.95,345.0,339.39,342.0,342.0,0
"ISRG","Intuitive Surgical, Inc. - Common Stock","2021-11-23 09:00:00-05:00",342.44,345.18,339.9,341.0,341.0,0
"ISRG","Intuitive Surgical, Inc. - Common Stock","2021-11-23 09:30:00-05:00",341.0,341.69000244140625,335.29998779296875,335.75,335.75,440945
"ISRG","Intuitive Surgical, Inc. - Common Stock","2021-11-23 10:30:00-05:00",335.82000732421875,337.3497009277344,333.4100036621094,336.75,336.75,339276
"ISRG","Intuitive Surgical, Inc. - Common Stock","2021-11-23 11:30:00-05:00",336.6300048828125,337.19000244140625,333.69000244140625,334.4800109863281,334.4800109863281,137357
"ISRG","Intuitive Surgical, Inc. - Common Stock","2021-11-23 12:30:00-05:00",334.6449890136719,335.20001220703125,333.8999938964844,334.5119934082031,334.5119934082031,142338
"ISRG","Intuitive Surgical, Inc. - Common Stock","2021-11-23 13:30:00-05:00",334.4599914550781,334.7799987792969,332.8099975585937,333.0950012207031,333.0950012207031,205796
"ISRG","Intuitive Surgical, Inc. - Common Stock","2021-11-23 14:30:00-05:00",333.0950012207031,336.1199951171875,333.0,335.8699951171875,335.8699951171875,148249
"ISRG","Intuitive Surgical, Inc. - Common Stock","2021-11-23 15:30:00-05:00",335.8599853515625,336.9700012207031,335.1199951171875,335.9100036621094,335.9100036621094,329660
"ISRG","Intuitive Surgical, Inc. - Common Stock","2021-11-23 16:00:00-05:00",335.9,336.0,334.0,335.0,335.0,0
"ISRG","Intuitive Surgical, Inc. - Common Stock","2021-11-23 17:00:00-05:00",335.0,335.0,333.0,334.5038,334.5038,0
"ISRG","Intuitive Surgical, Inc. - Common Stock","2021-11-23 18:00:00-05:00",334.95,335.0,334.51,334.94,334.94,0
"ISRG","Intuitive Surgical, Inc. - Common Stock","2021-11-24 04:00:00-05:00",337.47,337.47,335.0,335.0,335.0,0
"ISRG","Intuitive Surgical, Inc. - Common Stock","2021-11-24 05:00:00-05:00",337.42,337.45,334.75,334.75,334.75,0
"ISRG","Intuitive Surgical, Inc. - Common Stock","2021-11-24 06:00:00-05:00",337.42,337.42,334.67,334.67,334.67,0
"ISRG","Intuitive Surgical, Inc. - Common Stock","2021-11-24 07:00:00-05:00",335.77,335.85,335.01,335.2,335.2,0
"ISRG","Intuitive Surgical, Inc. - Common Stock","2021-11-24 08:00:00-05:00",335.2,336.5,334.48,335.5,335.5,0
"ISRG","Intuitive Surgical, Inc. - Common Stock","2021-11-24 09:00:00-05:00",335.38,336.54,332.72,335.24,335.24,0
"ISRG","Intuitive Surgical, Inc. - Common Stock","2021-11-24 09:30:00-05:00",335.45001220703125,336.1499938964844,331.7900085449219,335.94000244140625,335.94000244140625,220837
"ISRG","Intuitive Surgical, Inc. - Common Stock","2021-11-24 10:30:00-05:00",336.0,337.6300048828125,335.3949890136719,337.44000244140625,337.44000244140625,118866
"ISRG","Intuitive Surgical, Inc. - Common Stock","2021-11-24 11:30:00-05:00",337.5,338.5599975585937,337.3299865722656,337.8500061035156,337.8500061035156,82510
"ISRG","Intuitive Surgical, Inc. - Common Stock","2021-11-24 12:30:00-05:00",337.92498779296875,339.82000732421875,337.67498779296875,339.760009765625,339.760009765625,68594
"ISRG","Intuitive Surgical, Inc. - Common Stock","2021-11-24 13:30:00-05:00",339.67999267578125,340.0400085449219,337.375,337.6849975585937,337.6849975585937,74253
"ISRG","Intuitive Surgical, Inc. - Common Stock","2021-11-24 14:30:00-05:00",337.6849975585937,340.2749938964844,337.5,339.9549865722656,339.9549865722656,125688
"ISRG","Intuitive Surgical, Inc. - Common Stock","2021-11-24 15:30:00-05:00",339.9750061035156,340.5,339.1400146484375,339.4100036621094,339.4100036621094,165811
"ISRG","Intuitive Surgical, Inc. - Common Stock","2021-11-24 16:00:00-05:00",339.42,339.42,338.8,339.42,339.42,0
"ISRG","Intuitive Surgical, Inc. - Common Stock","2021-11-24 17:00:00-05:00",339.42,340.0,338.22,338.22,338.22,0
"ISRG","Intuitive Surgical, Inc. - Common Stock","2021-11-24 18:00:00-05:00",338.36,340.2,338.36,339.59,339.59,0
"ISRG","Intuitive Surgical, Inc. - Common Stock","2021-11-26 04:00:00-05:00",337.66,337.66,328.47,329.93,329.93,0
"ISRG","Intuitive Surgical, Inc. - Common Stock","2021-11-26 05:00:00-05:00",330.0,333.25,326.81,329.5,329.5,0
"ISRG","Intuitive Surgical, Inc. - Common Stock","2021-11-26 06:00:00-05:00",329.28,334.95,329.0,331.79,331.79,0
"ISRG","Intuitive Surgical, Inc. - Common Stock","2021-11-26 07:00:00-05:00",331.8,334.95,331.79,333.0,333.0,0
"ISRG","Intuitive Surgical, Inc. - Common Stock","2021-11-26 08:00:00-05:00",333.76,339.42,330.0,333.0,333.0,0
"ISRG","Intuitive Surgical, Inc. - Common Stock","2021-11-26 09:00:00-05:00",332.0,333.0,329.71,330.0,330.0,0
"ISRG","Intuitive Surgical, Inc. - Common Stock","2021-11-26 09:30:00-05:00",330.6700134277344,334.95001220703125,329.25,332.19500732421875,332.19500732421875,490285
"ISRG","Intuitive Surgical, Inc. - Common Stock","2021-11-26 10:30:00-05:00",332.1099853515625,333.32000732421875,329.7099914550781,331.0799865722656,331.0799865722656,216738
"ISRG","Intuitive Surgical, Inc. - Common Stock","2021-11-26 11:30:00-05:00",331.2149963378906,331.9100036621094,329.3363037109375,331.25,331.25,242077
"ISRG","Intuitive Surgical, Inc. - Common Stock","2021-11-26 13:00:00-05:00",331.1600036621094,332.9800109863281,328.0400085449219,330.54998779296875,330.54998779296875,0
"ISRG","Intuitive Surgical, Inc. - Common Stock","2021-11-26 14:00:00-05:00",329.23,332.9799,329.2,329.23,329.23,0
"ISRG","Intuitive Surgical, Inc. - Common Stock","2021-11-26 15:00:00-05:00",330.88,332.98,328.23,328.23,328.23,0
"ISRG","Intuitive Surgical, Inc. - Common Stock","2021-11-26 16:00:00-05:00",329.23,330.5,329.0,330.4,330.4,0
"ISRG","Intuitive Surgical, Inc. - Common Stock","2021-11-29 04:00:00-05:00",330.01,333.33,329.23,333.26,333.26,0
"ISRG","Intuitive Surgical, Inc. - Common Stock","2021-11-29 05:00:00-05:00",333.19,334.15,333.0,333.24,333.24,0
"ISRG","Intuitive Surgical, Inc. - Common Stock","2021-11-29 06:00:00-05:00",334.46,334.46,333.03,333.2,333.2,0
"ISRG","Intuitive Surgical, Inc. - Common Stock","2021-11-29 07:00:00-05:00",334.14,334.14,331.01,332.6,332.6,0
"ISRG","Intuitive Surgical, Inc. - Common Stock","2021-11-29 08:00:00-05:00",331.1,332.98,331.0,332.16,332.16,0
"ISRG","Intuitive Surgical, Inc. - Common Stock","2021-11-29 09:00:00-05:00",332.36,338.65,329.23,332.01,332.01,0
"ISRG","Intuitive Surgical, Inc. - Common Stock","2021-11-29 09:30:00-05:00",331.5,334.1637878417969,328.20001220703125,333.885009765625,333.885009765625,372284
"ISRG","Intuitive Surgical, Inc. - Common Stock","2021-11-29 10:30:00-05:00",333.6600036621094,336.9100036621094,333.3599853515625,335.7900085449219,335.7900085449219,182055
"ISRG","Intuitive Surgical, Inc. - Common Stock","2021-11-29 11:30:00-05:00",335.9200134277344,338.0400085449219,335.2300109863281,337.6300048828125,337.6300048828125,172162
"ISRG","Intuitive Surgical, Inc. - Common Stock","2021-11-29 12:30:00-05:00",337.6499938964844,339.6700134277344,337.2200012207031,338.8699951171875,338.8699951171875,119090
"ISRG","Intuitive Surgical, Inc. - Common Stock","2021-11-29 13:30:00-05:00",338.9750061035156,339.3399963378906,337.25,337.3229064941406,337.3229064941406,114827
"ISRG","Intuitive Surgical, Inc. - Common Stock","2021-11-29 14:30:00-05:00",337.3800048828125,337.5199890136719,335.57000732421875,336.5,336.5,171078
"ISRG","Intuitive Surgical, Inc. - Common Stock","2021-11-29 15:30:00-05:00",336.4599914550781,337.07000732421875,334.1199951171875,334.739990234375,334.739990234375,272635
"ISRG","Intuitive Surgical, Inc. - Common Stock","2021-11-29 16:00:00-05:00",334.74,335.45,334.74,334.74,334.74,0
"ISRG","Intuitive Surgical, Inc. - Common Stock","2021-11-29 17:00:00-05:00",334.74,336.5,334.2,336.5,336.5,0
"ISRG","Intuitive Surgical, Inc. - Common Stock","2021-11-30 18:00:00-05:00",326.8,327.5,326.01,327.21,327.21,0
"ISRG","Intuitive Surgical, Inc. - Common Stock","2021-12-01 04:00:00-05:00",325.42,325.75,325.42,325.75,325.75,0
"ISRG","Intuitive Surgical, Inc. - Common Stock","2021-12-01 05:00:00-05:00",329.79,331.0,329.79,331.0,331.0,0
"ISRG","Intuitive Surgical, Inc. - Common Stock","2021-12-01 06:00:00-05:00",331.98,332.1,330.0,332.0,332.0,0
"ISRG","Intuitive Surgical, Inc. - Common Stock","2021-12-01 07:00:00-05:00",330.0,333.02,327.0,330.0,330.0,0
"ISRG","Intuitive Surgical, Inc. - Common Stock","2021-12-01 08:00:00-05:00",330.0,332.93,329.0,330.0,330.0,0
"ISRG","Intuitive Surgical, Inc. - Common Stock","2021-12-01 09:00:00-05:00",329.99,331.15,324.34,329.96,329.96,0
"ISRG","Intuitive Surgical, Inc. - Common Stock","2021-12-01 09:30:00-05:00",328.6099853515625,329.0,322.19000244140625,326.239990234375,326.239990234375,386807
"ISRG","Intuitive Surgical, Inc. - Common Stock","2021-12-01 10:30:00-05:00",326.2799987792969,330.1300048828125,325.28240966796875,329.20001220703125,329.20001220703125,215871
"ISRG","Intuitive Surgical, Inc. - Common Stock","2021-12-01 11:30:00-05:00",329.3999938964844,329.8475036621094,326.3699951171875,327.25,327.25,163516
"ISRG","Intuitive Surgical, Inc. - Common Stock","2021-12-01 12:30:00-05:00",327.32000732421875,329.1099853515625,325.4599914550781,326.5050048828125,326.5050048828125,127488
"ISRG","Intuitive Surgical, Inc. - Common Stock","2021-12-01 13:30:00-05:00",326.4825134277344,326.57000732421875,323.82000732421875,325.25250244140625,325.25250244140625,135906
"ISRG","Intuitive Surgical, Inc. - Common Stock","2021-12-01 14:30:00-05:00",325.0400085449219,326.3699951171875,320.9100036621094,321.1600036621094,321.1600036621094,160459
"ISRG","Intuitive Surgical, Inc. - Common Stock","2021-12-01 15:30:00-05:00",320.8900146484375,322.1700134277344,319.6499938964844,319.8999938964844,319.8999938964844,270506
"ISRG","Intuitive Surgical, Inc. - Common Stock","2021-12-01 16:00:00-05:00",319.93,322.3,319.65,321.95,321.95,0
"ISRG","Intuitive Surgical, Inc. - Common Stock","2021-12-01 17:00:00-05:00",319.93,321.98,318.0,319.5,319.5,0
"ISRG","Intuitive Surgical, Inc. - Common Stock","2021-12-01 18:00:00-05:00",320.0,321.0,319.73,319.99,319.99,0
"ISRG","Intuitive Surgical, Inc. - Common Stock","2021-12-02 04:00:00-05:00",322.0,322.0,320.98,320.98,320.98,0
"ISRG","Intuitive Surgical, Inc. - Common Stock","2021-12-02 05:00:00-05:00",321.05,322.48,321.0,321.0,321.0,0
"ISRG","Intuitive Surgical, Inc. - Common Stock","2021-12-02 06:00:00-05:00",321.1,323.0,321.0,322.48,322.48,0
"ISRG","Intuitive Surgical, Inc. - Common Stock","2021-12-02 07:00:00-05:00",321.99,323.05,320.79,320.79,320.79,0
"ISRG","Intuitive Surgical, Inc. - Common Stock","2021-12-02 08:00:00-05:00",320.79,322.0,319.98,321.5,321.5,0
"ISRG","Intuitive Surgical, Inc. - Common Stock","2021-12-02 09:00:00-05:00",321.5,322.19,319.5,319.79,319.79,0
"ISRG","Intuitive Surgical, Inc. - Common Stock","2021-12-02 09:30:00-05:00",319.92999267578125,327.42999267578125,318.44000244140625,322.6849975585937,322.6849975585937,243448
"ISRG","Intuitive Surgical, Inc. - Common Stock","2021-12-02 10:30:00-05:00",322.6849975585937,324.760986328125,319.9100036621094,323.6849975585937,323.6849975585937,155825
"ISRG","Intuitive Surgical, Inc. - Common Stock","2021-12-02 11:30:00-05:00",323.7699890136719,325.5599975585937,321.6600036621094,325.5599975585937,325.5599975585937,103477
"ISRG","Intuitive Surgical, Inc. - Common Stock","2021-12-02 12:30:00-05:00",325.6700134277344,326.8500061035156,324.1700134277344,325.9100036621094,325.9100036621094,90210
"ISRG","Intuitive Surgical, Inc. - Common Stock","2021-12-02 13:30:00-05:00",325.9949951171875,326.7699890136719,325.2900085449219,326.4200134277344,326.4200134277344,95421
"ISRG","Intuitive Surgical, Inc. - Common Stock","2021-12-02 14:30:00-05:00",326.3599853515625,327.42999267578125,325.4200134277344,326.8500061035156,326.8500061035156,120630
"ISRG","Intuitive Surgical, Inc. - Common Stock","2021-12-02 15:30:00-05:00",327.2699890136719,329.5199890136719,326.6199951171875,327.3399963378906,327.3399963378906,250266
"ISRG","Intuitive Surgical, Inc. - Common Stock","2021-12-02 16:00:00-05:00",327.32,328.0,318.8,318.8,318.8,0
"ISRG","Intuitive Surgical, Inc. - Common Stock","2021-12-02 17:00:00-05:00",327.32,327.7,327.32,327.32,327.32,0
"ISRG","Intuitive Surgical, Inc. - Common Stock","2021-12-02 18:00:00-05:00",323.5,327.7,318.8,327.05,327.05,0
"ISRG","Intuitive Surgical, Inc. - Common Stock","2021-12-03 04:00:00-05:00",325.0,330.0,322.93,330.0,330.0,0
"ISRG","Intuitive Surgical, Inc. - Common Stock","2021-12-03 05:00:00-05:00",327.32,329.69,327.32,329.49,329.49,0
"ISRG","Intuitive Surgical, Inc. - Common Stock","2021-12-03 07:00:00-05:00",324.48,329.0,324.48,328.0,328.0,0
"ISRG","Intuitive Surgical, Inc. - Common Stock","2021-12-03 08:00:00-05:00",328.2,329.37,326.502,329.28,329.28,0
"ISRG","Intuitive Surgical, Inc. - Common Stock","2021-12-03 09:00:00-05:00",328.98,330.15,327.0,329.0,329.0,0
"ISRG","Intuitive Surgical, Inc. - Common Stock","2021-12-03 09:30:00-05:00",329.20001220703125,329.989990234375,319.25,320.82330322265625,320.82330322265625,635395
"ISRG","Intuitive Surgical, Inc. - Common Stock","2021-12-03 10:30:00-05:00",320.3500061035156,320.3699951171875,313.69000244140625,318.0199890136719,318.0199890136719,300447
"ISRG","Intuitive Surgical, Inc. - Common Stock","2021-12-03 11:30:00-05:00",317.9200134277344,318.17999267578125,313.739990234375,316.9599914550781,316.9599914550781,193221
"ISRG","Intuitive Surgical, Inc. - Common Stock","2021-12-03 12:30:00-05:00",316.70001220703125,318.8800048828125,316.17999267578125,318.5400085449219,318.5400085449219,148275
"ISRG","Intuitive Surgical, Inc. - Common Stock","2021-12-03 13:30:00-05:00",318.239990234375,318.8299865722656,315.29998779296875,318.0,318.0,178759
"ISRG","Intuitive Surgical, Inc. - Common Stock","2021-12-03 14:30:00-05:00",318.1099853515625,318.5450134277344,316.489990234375,317.8699951171875,317.8699951171875,156667
"ISRG","Intuitive Surgical, Inc. - Common Stock","2021-12-03 15:30:00-05:00",317.8699951171875,322.2900085449219,317.04998779296875,321.8500061035156,321.8500061035156,367076
"ISRG","Intuitive Surgical, Inc. - Common Stock","2021-12-03 16:00:00-05:00",321.83,322.25,320.66,320.98,320.98,0
"ISRG","Intuitive Surgical, Inc. - Common Stock","2021-12-03 17:00:00-05:00",320.98,321.8,318.82,321.0,321.0,0
"ISRG","Intuitive Surgical, Inc. - Common Stock","2021-12-03 18:00:00-05:00",321.63,321.8,320.0,320.01,320.01,0
"ISRG","Intuitive Surgical, Inc. - Common Stock","2021-12-06 04:00:00-05:00",320.0,321.79,320.0,321.79,321.79,0
"ISRG","Intuitive Surgical, Inc. - Common Stock","2021-12-06 05:00:00-05:00",321.79,323.82,318.82,321.0,321.0,0
"ISRG","Intuitive Surgical, Inc. - Common Stock","2021-12-06 06:00:00-05:00",320.98,320.98,318.2,320.97,320.97,0
"ISRG","Intuitive Surgical, Inc. - Common Stock","2021-12-06 07:00:00-05:00",320.97,320.98,318.2,320.2,320.2,0
"ISRG","Intuitive Surgical, Inc. - Common Stock","2021-12-06 08:00:00-05:00",320.0,322.0,315.0,321.07,321.07,0
"ISRG","Intuitive Surgical, Inc. - Common Stock","2021-12-06 09:00:00-05:00",321.63,325.0,319.89,321.63,321.63,0
"ISRG","Intuitive Surgical, Inc. - Common Stock","2021-12-06 09:30:00-05:00",321.239990234375,324.29998779296875,314.3099975585937,324.29998779296875,324.29998779296875,398697
"ISRG","Intuitive Surgical, Inc. - Common Stock","2021-12-06 10:30:00-05:00",324.2850036621094,325.25,321.5799865722656,321.7900085449219,321.7900085449219,270643
"ISRG","Intuitive Surgical, Inc. - Common Stock","2021-12-06 11:30:00-05:00",321.8500061035156,323.2200012207031,321.1000061035156,321.8699951171875,321.8699951171875,219554
"ISRG","Intuitive Surgical, Inc. - Common Stock","2021-12-06 12:30:00-05:00",322.1099853515625,324.6499938964844,322.0174865722656,324.1600036621094,324.1600036621094,648784
"ISRG","Intuitive Surgical, Inc. - Common Stock","2021-12-06 13:30:00-05:00",324.489990234375,325.5299987792969,322.739990234375,323.1099853515625,323.1099853515625,340841
"ISRG","Intuitive Surgical, Inc. - Common Stock","2021-12-06 14:30:00-05:00",323.2799987792969,324.57501220703125,322.1099853515625,323.6199951171875,323.6199951171875,389864
"ISRG","Intuitive Surgical, Inc. - Common Stock","2021-12-06 15:30:00-05:00",323.760009765625,325.4599914550781,323.4599914550781,323.6600036621094,323.6600036621094,404909
"ISRG","Intuitive Surgical, Inc. - Common Stock","2021-12-06 16:00:00-05:00",323.77,323.77,322.59,323.5,323.5,0
"ISRG","Intuitive Surgical, Inc. - Common Stock","2021-12-06 17:00:00-05:00",334.94,339.8,323.0,323.7,323.7,0
"ISRG","Intuitive Surgical, Inc. - Common Stock","2021-12-06 18:00:00-05:00",323.7,323.77,323.5,323.77,323.77,0
"ISRG","Intuitive Surgical, Inc. - Common Stock","2021-12-07 04:00:00-05:00",326.16,328.45,326.16,328.45,328.45,0
"ISRG","Intuitive Surgical, Inc. - Common Stock","2021-12-07 05:00:00-05:00",328.87,328.92,327.37,328.5,328.5,0
"ISRG","Intuitive Surgical, Inc. - Common Stock","2021-12-07 06:00:00-05:00",328.92,329.0,327.0,328.0,328.0,0
"ISRG","Intuitive Surgical, Inc. - Common Stock","2021-12-07 07:00:00-05:00",328.0,330.16,327.06,328.5,328.5,0
"ISRG","Intuitive Surgical, Inc. - Common Stock","2021-12-07 08:00:00-05:00",328.5,329.98,322.961,328.0,328.0,0
"ISRG","Intuitive Surgical, Inc. - Common Stock","2021-12-07 09:00:00-05:00",328.17,332.77,327.06,331.74,331.74,0
"ISRG","Intuitive Surgical, Inc. - Common Stock","2021-12-07 09:30:00-05:00",329.9100036621094,339.19000244140625,329.4949951171875,337.5350036621094,337.5350036621094,335275
"ISRG","Intuitive Surgical, Inc. - Common Stock","2021-12-07 10:30:00-05:00",337.510009765625,340.9999084472656,337.260009765625,339.3500061035156,339.3500061035156,206186
"ISRG","Intuitive Surgical, Inc. - Common Stock","2021-12-07 11:30:00-05:00",339.2900085449219,339.8500061035156,338.2900085449219,339.8500061035156,339.8500061035156,155202
"ISRG","Intuitive Surgical, Inc. - Common Stock","2021-12-07 12:30:00-05:00",339.989990234375,342.6199951171875,339.8999938964844,341.5599975585937,341.5599975585937,177864
"ISRG","Intuitive Surgical, Inc. - Common Stock","2021-12-07 13:30:00-05:00",341.6099853515625,342.5,340.8703918457031,341.5,341.5,137447
"ISRG","Intuitive Surgical, Inc. - Common Stock","2021-12-07 14:30:00-05:00",341.489990234375,342.1700134277344,340.4549865722656,340.5599975585937,340.5599975585937,177355
"ISRG","Intuitive Surgical, Inc. - Common Stock","2021-12-07 15:30:00-05:00",340.4949951171875,340.8599853515625,338.989990234375,340.45001220703125,340.45001220703125,311196
"ISRG","Intuitive Surgical, Inc. - Common Stock","2021-12-07 16:00:00-05:00",340.49,341.78,317.4693,341.5,341.5,0
"ISRG","Intuitive Surgical, Inc. - Common Stock","2021-12-07 17:00:00-05:00",341.14,342.55,340.57,340.57,340.57,0
"ISRG","Intuitive Surgical, Inc. - Common Stock","2021-12-07 18:00:00-05:00",340.57,341.25,340.57,341.25,341.25,0
"ISRG","Intuitive Surgical, Inc. - Common Stock","2021-12-08 04:00:00-05:00",340.5,341.24,340.5,341.0,341.0,0
"ISRG","Intuitive Surgical, Inc. - Common Stock","2021-12-08 06:00:00-05:00",341.0,344.45,341.0,341.6,341.6,0
"ISRG","Intuitive Surgical, Inc. - Common Stock","2021-12-08 07:00:00-05:00",344.45,344.45,342.05,342.69,342.69,0
"ISRG","Intuitive Surgical, Inc. - Common Stock","2021-12-08 08:00:00-05:00",342.99,343.175,341.91,342.92,342.92,0
"ISRG","Intuitive Surgical, Inc. - Common Stock","2021-12-08 09:00:00-05:00",342.9,343.72,341.0,341.05,341.05,0
"ISRG","Intuitive Surgical, Inc. - Common Stock","2021-12-08 09:30:00-05:00",340.8500061035156,341.989990234375,337.125,339.6099853515625,339.6099853515625,517247
"ISRG","Intuitive Surgical, Inc. - Common Stock","2021-12-08 10:30:00-05:00",339.5350036621094,340.94500732421875,338.9100036621094,340.69000244140625,340.69000244140625,294665
"ISRG","Intuitive Surgical, Inc. - Common Stock","2021-12-08 11:30:00-05:00",340.7099914550781,340.7300109863281,339.4599914550781,339.4599914550781,339.4599914550781,159693
"ISRG","Intuitive Surgical, Inc. - Common Stock","2021-12-08 12:30:00-05:00",339.57000732421875,340.614990234375,339.44000244140625,340.3299865722656,340.3299865722656,146734
"ISRG","Intuitive Surgical, Inc. - Common Stock","2021-12-08 13:30:00-05:00",340.3299865722656,340.3999938964844,339.2900085449219,339.8699951171875,339.8699951171875,169187
"ISRG","Intuitive Surgical, Inc. - Common Stock","2021-12-08 14:30:00-05:00",339.92999267578125,340.6449890136719,339.2449951171875,340.6449890136719,340.6449890136719,263901
"ISRG","Intuitive Surgical, Inc. - Common Stock","2021-12-08 15:30:00-05:00",340.7200012207031,341.2099914550781,339.9599914550781,340.79998779296875,340.79998779296875,256209
"ISRG","Intuitive Surgical, Inc. - Common Stock","2021-12-08 16:00:00-05:00",340.8,340.84,340.0,340.75,340.75,0
"ISRG","Intuitive Surgical, Inc. - Common Stock","2021-12-08 17:00:00-05:00",340.82,340.9,340.82,340.9,340.9,0
"ISRG","Intuitive Surgical, Inc. - Common Stock","2021-12-08 18:00:00-05:00",340.75,340.75,340.0,340.1,340.1,0
"ISRG","Intuitive Surgical, Inc. - Common Stock","2021-12-09 05:00:00-05:00",342.01,343.2,342.01,343.2,343.2,0
"ISRG","Intuitive Surgical, Inc. - Common Stock","2021-12-09 06:00:00-05:00",337.5,340.8,337.5,340.0,340.0,0
"ISRG","Intuitive Surgical, Inc. - Common Stock","2021-12-09 07:00:00-05:00",340.0,340.0,338.9,339.0,339.0,0
"ISRG","Intuitive Surgical, Inc. - Common Stock","2021-12-09 08:00:00-05:00",339.01,339.03,334.67,337.5,337.5,0
"ISRG","Intuitive Surgical, Inc. - Common Stock","2021-12-09 09:00:00-05:00",338.0,339.83,335.66,339.3,339.3,0
"ISRG","Intuitive Surgical, Inc. - Common Stock","2021-12-09 09:30:00-05:00",339.7300109863281,345.70001220703125,338.77398681640625,344.25,344.25,197034
"ISRG","Intuitive Surgical, Inc. - Common Stock","2021-12-09 10:30:00-05:00",344.2099914550781,345.0,342.7099914550781,344.760009765625,344.760009765625,92833
"ISRG","Intuitive Surgical, Inc. - Common Stock","2021-12-09 11:30:00-05:00",344.9599914550781,345.9800109863281,344.0299987792969,345.3550109863281,345.3550109863281,127663
"ISRG","Intuitive Surgical, Inc. - Common Stock","2021-12-09 12:30:00-05:00",345.375,345.7200012207031,343.6199951171875,344.04998779296875,344.04998779296875,93403
"ISRG","Intuitive Surgical, Inc. - Common Stock","2021-12-09 13:30:00-05:00",344.1050109863281,344.82440185546875,343.1499938964844,343.6000061035156,343.6000061035156,114398
"ISRG","Intuitive Surgical, Inc. - Common Stock","2021-12-09 14:30:00-05:00",343.83599853515625,343.83599853515625,341.1050109863281,341.6000061035156,341.6000061035156,98216
"ISRG","Intuitive Surgical, Inc. - Common Stock","2021-12-09 15:30:00-05:00",341.6849975585937,342.57000732421875,340.2799987792969,340.3399963378906,340.3399963378906,241422
"ISRG","Intuitive Surgical, Inc. - Common Stock","2021-12-09 16:00:00-05:00",340.34,341.27,330.88,330.88,330.88,0
"ISRG","Intuitive Surgical, Inc. - Common Stock","2021-12-09 17:00:00-05:00",339.16,340.2,330.91,340.2,340.2,0
"ISRG","Intuitive Surgical, Inc. - Common Stock","2021-12-09 18:00:00-05:00",339.52,339.52,336.0,336.0,336.0,0
"ISRG","Intuitive Surgical, Inc. - Common Stock","2021-12-10 04:00:00-05:00",339.52,341.0,338.75,340.75,340.75,0
"ISRG","Intuitive Surgical, Inc. - Common Stock","2021-12-10 06:00:00-05:00",343.0,343.87,343.0,343.87,343.87,0
"ISRG","Intuitive Surgical, Inc. - Common Stock","2021-12-10 07:00:00-05:00",343.87,343.87,343.0,343.71,343.71,0
"ISRG","Intuitive Surgical, Inc. - Common Stock","2021-12-10 08:00:00-05:00",343.71,343.8,339.49,341.99,341.99,0
"ISRG","Intuitive Surgical, Inc. - Common Stock","2021-12-10 09:00:00-05:00",343.0,343.78,340.85,341.8,341.8,0
"ISRG","Intuitive Surgical, Inc. - Common Stock","2021-12-10 09:30:00-05:00",343.1600036621094,346.0799865722656,342.6400146484375,345.2799987792969,345.2799987792969,199900
"ISRG","Intuitive Surgical, Inc. - Common Stock","2021-12-10 10:30:00-05:00",345.2149963378906,345.45001220703125,342.8399963378906,342.9049987792969,342.9049987792969,118548
"ISRG","Intuitive Surgical, Inc. - Common Stock","2021-12-10 11:30:00-05:00",342.7900085449219,343.3699951171875,341.4700012207031,343.0299987792969,343.0299987792969,100918
"ISRG","Intuitive Surgical, Inc. - Common Stock","2021-12-10 12:30:00-05:00",342.8699951171875,343.9599914550781,342.1700134277344,343.5599975585937,343.5599975585937,75312
"ISRG","Intuitive Surgical, Inc. - Common Stock","2021-12-10 13:30:00-05:00",343.4649963378906,345.20001220703125,343.2799987792969,345.0299987792969,345.0299987792969,91070
"ISRG","Intuitive Surgical, Inc. - Common Stock","2021-12-10 14:30:00-05:00",345.1700134277344,345.3500061035156,343.1300048828125,344.1000061035156,344.1000061035156,128414
"ISRG","Intuitive Surgical, Inc. - Common Stock","2021-12-10 15:30:00-05:00",344.0199890136719,345.4700012207031,343.9349975585937,344.9800109863281,344.9800109863281,234017
"ISRG","Intuitive Surgical, Inc. - Common Stock","2021-12-10 16:00:00-05:00",344.99,345.53,344.1375,344.96,344.96,0
"ISRG","Intuitive Surgical, Inc. - Common Stock","2021-12-10 17:00:00-05:00",344.9,344.96,343.29,343.34,343.34,0
"ISRG","Intuitive Surgical, Inc. - Common Stock","2021-12-10 18:00:00-05:00",343.43,344.96,343.43,344.0,344.0,0
"ISRG","Intuitive Surgical, Inc. - Common Stock","2021-12-13 04:00:00-05:00",344.16,345.0,344.16,344.25,344.25,0
"ISRG","Intuitive Surgical, Inc. - Common Stock","2021-12-13 05:00:00-05:00",345.87,345.9,344.24,344.5,344.5,0
"ISRG","Intuitive Surgical, Inc. - Common Stock","2021-12-13 06:00:00-05:00",345.0,345.9,345.0,345.0,345.0,0
"ISRG","Intuitive Surgical, Inc. - Common Stock","2021-12-13 07:00:00-05:00",345.84,346.0,344.98,345.01,345.01,0
"ISRG","Intuitive Surgical, Inc. - Common Stock","2021-12-13 08:00:00-05:00",345.01,346.2,345.01,345.52,345.52,0
"ISRG","Intuitive Surgical, Inc. - Common Stock","2021-12-13 09:00:00-05:00",345.52,346.33,345.03,346.26,346.26,0
"ISRG","Intuitive Surgical, Inc. - Common Stock","2021-12-13 09:30:00-05:00",344.739990234375,345.7699890136719,340.82000732421875,342.739990234375,342.739990234375,429679
"ISRG","Intuitive Surgical, Inc. - Common Stock","2021-12-13 10:30:00-05:00",342.5899963378906,344.25,341.8299865722656,343.94000244140625,343.94000244140625,128857
"ISRG","Intuitive Surgical, Inc. - Common Stock","2021-12-13 11:30:00-05:00",344.0899963378906,344.6499938964844,340.4700012207031,340.8999938964844,340.8999938964844,121469
"ISRG","Intuitive Surgical, Inc. - Common Stock","2021-12-13 12:30:00-05:00",340.8099975585937,341.0799865722656,339.6300048828125,340.19000244140625,340.19000244140625,88136
"ISRG","Intuitive Surgical, Inc. - Common Stock","2021-12-13 13:30:00-05:00",340.32000732421875,341.9150085449219,339.7950134277344,341.1199951171875,341.1199951171875,101152
"ISRG","Intuitive Surgical, Inc. - Common Stock","2021-12-13 14:30:00-05:00",341.0599975585937,341.6849975585937,340.69500732421875,340.9800109863281,340.9800109863281,100955
"ISRG","Intuitive Surgical, Inc. - Common Stock","2021-12-13 15:30:00-05:00",340.9800109863281,342.4200134277344,340.239990234375,340.3699951171875,340.3699951171875,263257
"ISRG","Intuitive Surgical, Inc. - Common Stock","2021-12-13 16:00:00-05:00",340.36,342.47,335.0,338.91,338.91,0
"ISRG","Intuitive Surgical, Inc. - Common Stock","2021-12-13 17:00:00-05:00",339.44,340.0,339.44,340.0,340.0,0
"ISRG","Intuitive Surgical, Inc. - Common Stock","2021-12-13 18:00:00-05:00",340.26,340.8,340.24,340.36,340.36,0
"ISRG","Intuitive Surgical, Inc. - Common Stock","2021-12-14 04:00:00-05:00",339.0,340.36,337.4,337.4,337.4,0
"ISRG","Intuitive Surgical, Inc. - Common Stock","2021-12-14 05:00:00-05:00",340.36,340.36,340.36,340.36,340.36,0
"ISRG","Intuitive Surgical, Inc. - Common Stock","2021-12-14 07:00:00-05:00",339.96,340.0,339.96,340.0,340.0,0
"ISRG","Intuitive Surgical, Inc. - Common Stock","2021-12-14 08:00:00-05:00",339.51,339.8,338.51,338.8,338.8,0
"ISRG","Intuitive Surgical, Inc. - Common Stock","2021-12-14 09:00:00-05:00",338.0,339.3,336.01,338.35,338.35,0
"ISRG","Intuitive Surgical, Inc. - Common Stock","2021-12-14 09:30:00-05:00",336.510009765625,336.510009765625,329.739990234375,330.2300109863281,330.2300109863281,241368
"ISRG","Intuitive Surgical, Inc. - Common Stock","2021-12-14 10:30:00-05:00",330.1499938964844,330.760009765625,327.0,329.1099853515625,329.1099853515625,207287
"ISRG","Intuitive Surgical, Inc. - Common Stock","2021-12-14 11:30:00-05:00",329.1849975585937,329.989990234375,327.32000732421875,328.3974914550781,328.3974914550781,132289
"ISRG","Intuitive Surgical, Inc. - Common Stock","2021-12-14 12:30:00-05:00",328.42999267578125,328.5450134277344,326.8399963378906,327.6499938964844,327.6499938964844,100681
"ISRG","Intuitive Surgical, Inc. - Common Stock","2021-12-14 13:30:00-05:00",327.6499938964844,327.6499938964844,325.6000061035156,327.0899963378906,327.0899963378906,89429
"ISRG","Intuitive Surgical, Inc. - Common Stock","2021-12-14 14:30:00-05:00",327.1000061035156,329.1099853515625,327.0400085449219,328.6050109863281,328.6050109863281,110675
"ISRG","Intuitive Surgical, Inc. - Common Stock","2021-12-14 15:30:00-05:00",328.6549987792969,330.1650085449219,327.8500061035156,328.3999938964844,328.3999938964844,294444
"ISRG","Intuitive Surgical, Inc. - Common Stock","2021-12-14 16:00:00-05:00",328.24,330.0,327.58,329.0,329.0,0
"ISRG","Intuitive Surgical, Inc. - Common Stock","2021-12-14 17:00:00-05:00",328.76,328.76,327.99,328.0,328.0,0
"ISRG","Intuitive Surgical, Inc. - Common Stock","2021-12-14 18:00:00-05:00",328.0,328.9,328.0,328.0,328.0,0
"ISRG","Intuitive Surgical, Inc. - Common Stock","2021-12-15 04:00:00-05:00",328.0,330.66,328.0,328.0,328.0,0
"ISRG","Intuitive Surgical, Inc. - Common Stock","2021-12-15 05:00:00-05:00",329.86,329.88,329.85,329.85,329.85,0
"ISRG","Intuitive Surgical, Inc. - Common Stock","2021-12-15 06:00:00-05:00",329.88,330.01,328.0,330.0,330.0,0
"ISRG","Intuitive Surgical, Inc. - Common Stock","2021-12-15 07:00:00-05:00",330.0,330.0,328.24,328.24,328.24,0
"ISRG","Intuitive Surgical, Inc. - Common Stock","2021-12-15 08:00:00-05:00",328.66,331.99,325.0,329.0,329.0,0
"ISRG","Intuitive Surgical, Inc. - Common Stock","2021-12-15 09:00:00-05:00",329.33,331.89,326.731,330.33,330.33,0
"ISRG","Intuitive Surgical, Inc. - Common Stock","2021-12-15 09:30:00-05:00",330.3500061035156,334.8999938964844,326.95001220703125,328.1499938964844,328.1499938964844,239351
"ISRG","Intuitive Surgical, Inc. - Common Stock","2021-12-15 10:30:00-05:00",328.0,329.0799865722656,325.6499938964844,326.1700134277344,326.1700134277344,181449
"ISRG","Intuitive Surgical, Inc. - Common Stock","2021-12-15 11:30:00-05:00",326.4800109863281,326.739990234375,324.4599914550781,325.3450012207031,325.3450012207031,180016
"ISRG","Intuitive Surgical, Inc. - Common Stock","2021-12-15 12:30:00-05:00",325.19500732421875,326.3599853515625,323.7900085449219,325.2799987792969,325.2799987792969,175928
"ISRG","Intuitive Surgical, Inc. - Common Stock","2021-12-15 13:30:00-05:00",325.1700134277344,328.0299987792969,324.3800048828125,326.17840576171875,326.17840576171875,189338
"ISRG","Intuitive Surgical, Inc. - Common Stock","2021-12-15 14:30:00-05:00",326.0899963378906,330.9200134277344,324.5950012207031,330.0,330.0,292873
"ISRG","Intuitive Surgical, Inc. - Common Stock","2021-12-15 15:30:00-05:00",330.0,331.8900146484375,328.6300048828125,331.5899963378906,331.5899963378906,503848
"ISRG","Intuitive Surgical, Inc. - Common Stock","2021-12-15 16:00:00-05:00",331.62,334.9,331.0,331.5,331.5,0
"ISRG","Intuitive Surgical, Inc. - Common Stock","2021-12-15 17:00:00-05:00",331.24,332.0,330.36,331.0,331.0,0
"ISRG","Intuitive Surgical, Inc. - Common Stock","2021-12-15 18:00:00-05:00",331.66,344.74,331.63,331.63,331.63,0
"ISRG","Intuitive Surgical, Inc. - Common Stock","2021-12-16 04:00:00-05:00",338.25,338.25,332.91,335.0,335.0,0
"ISRG","Intuitive Surgical, Inc. - Common Stock","2021-12-16 05:00:00-05:00",334.9,337.99,331.5,337.86,337.86,0
"ISRG","Intuitive Surgical, Inc. - Common Stock","2021-12-16 06:00:00-05:00",339.26,339.26,337.2,337.85,337.85,0
"ISRG","Intuitive Surgical, Inc. - Common Stock","2021-12-16 07:00:00-05:00",337.4,337.98,333.62,337.98,337.98,0
"ISRG","Intuitive Surgical, Inc. - Common Stock","2021-12-16 08:00:00-05:00",337.89,338.5,331.66,337.5,337.5,0
"ISRG","Intuitive Surgical, Inc. - Common Stock","2021-12-16 09:00:00-05:00",337.25,338.34,335.0,336.0,336.0,0
"ISRG","Intuitive Surgical, Inc. - Common Stock","2021-12-16 09:30:00-05:00",338.010009765625,341.7200012207031,337.260009765625,338.864990234375,338.864990234375,527006
"ISRG","Intuitive Surgical, Inc. - Common Stock","2021-12-16 10:30:00-05:00",338.8900146484375,340.0,335.6600036621094,335.79998779296875,335.79998779296875,271003
"ISRG","Intuitive Surgical, Inc. - Common Stock","2021-12-16 11:30:00-05:00",335.95001220703125,337.625,335.1499938964844,335.5899963378906,335.5899963378906,167132
"ISRG","Intuitive Surgical, Inc. - Common Stock","2021-12-16 12:30:00-05:00",335.5050048828125,337.92999267578125,335.5050048828125,337.6849975585937,337.6849975585937,117898
"ISRG","Intuitive Surgical, Inc. - Common Stock","2021-12-16 13:30:00-05:00",337.739990234375,337.8900146484375,334.3900146484375,334.6700134277344,334.6700134277344,151298
"ISRG","Intuitive Surgical, Inc. - Common Stock","2021-12-16 14:30:00-05:00",334.8399963378906,335.8299865722656,333.1300048828125,334.2900085449219,334.2900085449219,235161
"ISRG","Intuitive Surgical, Inc. - Common Stock","2021-12-16 15:30:00-05:00",334.4599914550781,335.9599914550781,333.75,334.4599914550781,334.4599914550781,295313
"ISRG","Intuitive Surgical, Inc. - Common Stock","2021-12-16 16:00:00-05:00",334.53,335.0,333.76,335.0,335.0,0
"ISRG","Intuitive Surgical, Inc. - Common Stock","2021-12-16 17:00:00-05:00",336.3,336.3,330.37,334.25,334.25,0
"ISRG","Intuitive Surgical, Inc. - Common Stock","2021-12-16 18:00:00-05:00",334.76,337.0,334.5,334.56,334.56,0
"ISRG","Intuitive Surgical, Inc. - Common Stock","2021-12-17 04:00:00-05:00",331.0,331.18,330.62,331.0,331.0,0
"ISRG","Intuitive Surgical, Inc. - Common Stock","2021-12-17 05:00:00-05:00",331.0,331.03,331.0,331.0,331.0,0
"ISRG","Intuitive Surgical, Inc. - Common Stock","2021-12-17 07:00:00-05:00",332.12,334.99,331.88,332.12,332.12,0
"ISRG","Intuitive Surgical, Inc. - Common Stock","2021-12-17 08:00:00-05:00",332.12,333.694,331.0,332.02,332.02,0
"ISRG","Intuitive Surgical, Inc. - Common Stock","2021-12-17 09:00:00-05:00",332.13,333.0,330.3,331.01,331.01,0
"ISRG","Intuitive Surgical, Inc. - Common Stock","2021-12-17 09:30:00-05:00",332.3999938964844,339.1499938964844,332.3999938964844,335.2900085449219,335.2900085449219,518076
"ISRG","Intuitive Surgical, Inc. - Common Stock","2021-12-17 10:30:00-05:00",335.0899963378906,342.5249938964844,334.6499938964844,342.06500244140625,342.06500244140625,225898
"ISRG","Intuitive Surgical, Inc. - Common Stock","2021-12-17 11:30:00-05:00",342.1499938964844,342.2300109863281,338.3800048828125,341.17999267578125,341.17999267578125,134825
"ISRG","Intuitive Surgical, Inc. - Common Stock","2021-12-17 12:30:00-05:00",341.1300048828125,342.42999267578125,340.489990234375,342.42999267578125,342.42999267578125,145473
"ISRG","Intuitive Surgical, Inc. - Common Stock","2021-12-17 13:30:00-05:00",342.17999267578125,343.1000061035156,340.6000061035156,341.1000061035156,341.1000061035156,110750
"ISRG","Intuitive Surgical, Inc. - Common Stock","2021-12-17 14:30:00-05:00",341.1099853515625,342.3399963378906,339.8800048828125,340.07000732421875,340.07000732421875,131544
"ISRG","Intuitive Surgical, Inc. - Common Stock","2021-12-17 15:30:00-05:00",340.1600036621094,340.2149963378906,336.5199890136719,337.20001220703125,337.20001220703125,299738
"ISRG","Intuitive Surgical, Inc. - Common Stock","2021-12-17 16:00:00-05:00",337.4,338.26,337.07,337.9,337.9,0
"ISRG","Intuitive Surgical, Inc. - Common Stock","2021-12-17 17:00:00-05:00",337.41,337.46,337.08,337.46,337.46,0
"ISRG","Intuitive Surgical, Inc. - Common Stock","2021-12-17 18:00:00-05:00",337.4,337.41,337.4,337.41,337.41,0
"ISRG","Intuitive Surgical, Inc. - Common Stock","2021-12-20 04:00:00-05:00",331.0,334.0,325.64,328.0,328.0,0
"ISRG","Intuitive Surgical, Inc. - Common Stock","2021-12-20 05:00:00-05:00",328.0,328.1,328.0,328.1,328.1,0
"ISRG","Intuitive Surgical, Inc. - Common Stock","2021-12-20 06:00:00-05:00",328.2,328.2,328.2,328.2,328.2,0
"ISRG","Intuitive Surgical, Inc. - Common Stock","2021-12-20 07:00:00-05:00",328.25,333.0,328.25,332.49,332.49,0
"ISRG","Intuitive Surgical, Inc. - Common Stock","2021-12-20 08:00:00-05:00",331.25,336.557,328.11,328.51,328.51,0
"ISRG","Intuitive Surgical, Inc. - Common Stock","2021-12-20 09:00:00-05:00",328.51,337.4,326.51,331.85,331.85,0
"ISRG","Intuitive Surgical, Inc. - Common Stock","2021-12-20 09:30:00-05:00",330.3800048828125,334.20001220703125,328.510009765625,329.3399963378906,329.3399963378906,267599
"ISRG","Intuitive Surgical, Inc. - Common Stock","2021-12-20 10:30:00-05:00",329.2449951171875,329.3999938964844,326.752197265625,327.04998779296875,327.04998779296875,161245
"ISRG","Intuitive Surgical, Inc. - Common Stock","2021-12-20 11:30:00-05:00",327.07501220703125,329.3999938964844,326.0599975585937,327.4700012207031,327.4700012207031,128572
"ISRG","Intuitive Surgical, Inc. - Common Stock","2021-12-20 12:30:00-05:00",327.29998779296875,330.4100036621094,326.8800048828125,330.0400085449219,330.0400085449219,102165
"ISRG","Intuitive Surgical, Inc. - Common Stock","2021-12-20 13:30:00-05:00",330.07000732421875,331.760009765625,328.8900146484375,330.2250061035156,330.2250061035156,92198
"ISRG","Intuitive Surgical, Inc. - Common Stock","2021-12-20 14:30:00-05:00",330.2099914550781,332.2850036621094,329.44000244140625,331.3999938964844,331.3999938964844,126562
"ISRG","Intuitive Surgical, Inc. - Common Stock","2021-12-20 15:30:00-05:00",331.32000732421875,332.9649963378906,330.57501220703125,332.3500061035156,332.3500061035156,305871
"ISRG","Intuitive Surgical, Inc. - Common Stock","2021-12-20 16:00:00-05:00",332.11,333.0,329.0202,332.11,332.11,0
"ISRG","Intuitive Surgical, Inc. - Common Stock","2021-12-20 17:00:00-05:00",335.98,335.98,333.0,333.0,333.0,0
"ISRG","Intuitive Surgical, Inc. - Common Stock","2021-12-21 04:00:00-05:00",332.31,332.31,332.31,332.31,332.31,0
"ISRG","Intuitive Surgical, Inc. - Common Stock","2021-12-21 05:00:00-05:00",332.31,332.31,332.31,332.31,332.31,0
"ISRG","Intuitive Surgical, Inc. - Common Stock","2021-12-21 07:00:00-05:00",334.0,336.36,334.0,336.36,336.36,0
"ISRG","Intuitive Surgical, Inc. - Common Stock","2021-12-21 08:00:00-05:00",334.37,336.36,331.28,335.0,335.0,0
"ISRG","Intuitive Surgical, Inc. - Common Stock","2021-12-21 09:00:00-05:00",335.36,335.82,332.11,332.13,332.13,0
"ISRG","Intuitive Surgical, Inc. - Common Stock","2021-12-21 09:30:00-05:00",333.45001220703125,339.8800048828125,332.6400146484375,338.8099975585937,338.8099975585937,210735
"ISRG","Intuitive Surgical, Inc. - Common Stock","2021-12-21 10:30:00-05:00",338.7550048828125,341.42999267578125,338.4700012207031,340.7799987792969,340.7799987792969,181494
"ISRG","Intuitive Surgical, Inc. - Common Stock","2021-12-21 11:30:00-05:00",340.79998779296875,343.260009765625,340.79998779296875,343.0,343.0,181191
"ISRG","Intuitive Surgical, Inc. - Common Stock","2021-12-21 12:30:00-05:00",343.1400146484375,344.6400146484375,343.0799865722656,344.5799865722656,344.5799865722656,110976
"ISRG","Intuitive Surgical, Inc. - Common Stock","2021-12-21 13:30:00-05:00",344.6700134277344,346.9100036621094,344.5249938964844,346.2900085449219,346.2900085449219,182394
"ISRG","Intuitive Surgical, Inc. - Common Stock","2021-12-21 14:30:00-05:00",346.45001220703125,347.79998779296875,345.9599914550781,346.7349853515625,346.7349853515625,226007
"ISRG","Intuitive Surgical, Inc. - Common Stock","2021-12-21 15:30:00-05:00",346.7300109863281,348.7699890136719,346.7300109863281,348.0899963378906,348.0899963378906,333508
"ISRG","Intuitive Surgical, Inc. - Common Stock","2021-12-21 16:00:00-05:00",348.09,349.0,347.01,348.38,348.38,0
"ISRG","Intuitive Surgical, Inc. - Common Stock","2021-12-21 17:00:00-05:00",348.1,348.1,346.97,347.51,347.51,0
"ISRG","Intuitive Surgical, Inc. - Common Stock","2021-12-21 18:00:00-05:00",349.97,349.97,347.0,347.8,347.8,0
"ISRG","Intuitive Surgical, Inc. - Common Stock","2021-12-22 04:00:00-05:00",347.88,347.88,347.88,347.88,347.88,0
"ISRG","Intuitive Surgical, Inc. - Common Stock","2021-12-22 05:00:00-05:00",347.85,347.85,347.85,347.85,347.85,0
"ISRG","Intuitive Surgical, Inc. - Common Stock","2021-12-22 06:00:00-05:00",347.85,348.0,347.85,348.0,348.0,0
"ISRG","Intuitive Surgical, Inc. - Common Stock","2021-12-22 07:00:00-05:00",348.0,348.0,346.32,347.99,347.99,0
"ISRG","Intuitive Surgical, Inc. - Common Stock","2021-12-22 08:00:00-05:00",347.51,348.09,347.22,347.51,347.51,0
"ISRG","Intuitive Surgical, Inc. - Common Stock","2021-12-22 09:00:00-05:00",347.01,347.01,343.51,345.9,345.9,0
"ISRG","Intuitive Surgical, Inc. - Common Stock","2021-12-22 09:30:00-05:00",346.9599914550781,352.45001220703125,346.8299865722656,350.3699951171875,350.3699951171875,196627
"ISRG","Intuitive Surgical, Inc. - Common Stock","2021-12-22 10:30:00-05:00",350.5400085449219,355.6390075683594,350.4649963378906,355.57000732421875,355.57000732421875,158193
"ISRG","Intuitive Surgical, Inc. - Common Stock","2021-12-22 11:30:00-05:00",355.5599975585937,357.57989501953125,354.5799865722656,357.3450012207031,357.3450012207031,166267
"ISRG","Intuitive Surgical, Inc. - Common Stock","2021-12-22 12:30:00-05:00",357.42999267578125,359.04998779296875,356.7099914550781,358.9849853515625,358.9849853515625,126845
"ISRG","Intuitive Surgical, Inc. - Common Stock","2021-12-22 13:30:00-05:00",359.04998779296875,359.7699890136719,358.42999267578125,359.44000244140625,359.44000244140625,137294
"ISRG","Intuitive Surgical, Inc. - Common Stock","2021-12-22 14:30:00-05:00",359.45001220703125,360.95989990234375,359.4200134277344,360.7550048828125,360.7550048828125,172091
"ISRG","Intuitive Surgical, Inc. - Common Stock","2021-12-22 15:30:00-05:00",361.0,362.5400085449219,360.4400024414063,362.3999938964844,362.3999938964844,275440
"ISRG","Intuitive Surgical, Inc. - Common Stock","2021-12-22 16:00:00-05:00",362.21,362.99,359.65,362.99,362.99,0
"ISRG","Intuitive Surgical, Inc. - Common Stock","2021-12-22 17:00:00-05:00",362.0,364.75,361.0,362.0,362.0,0
"ISRG","Intuitive Surgical, Inc. - Common Stock","2021-12-22 18:00:00-05:00",362.0,362.1,361.01,362.1,362.1,0
"ISRG","Intuitive Surgical, Inc. - Common Stock","2021-12-23 04:00:00-05:00",360.0,362.19,359.18,362.19,362.19,0
"ISRG","Intuitive Surgical, Inc. - Common Stock","2021-12-23 05:00:00-05:00",362.19,362.19,358.13,358.21,358.21,0
"ISRG","Intuitive Surgical, Inc. - Common Stock","2021-12-23 06:00:00-05:00",358.54,362.21,358.54,361.5,361.5,0
"ISRG","Intuitive Surgical, Inc. - Common Stock","2021-12-23 07:00:00-05:00",361.5,363.0,361.48,362.0,362.0,0
"ISRG","Intuitive Surgical, Inc. - Common Stock","2021-12-23 08:00:00-05:00",362.5,362.7,361.305,361.6,361.6,0
"ISRG","Intuitive Surgical, Inc. - Common Stock","2021-12-23 09:00:00-05:00",361.54,362.05,360.06,361.3,361.3,0
"ISRG","Intuitive Surgical, Inc. - Common Stock","2021-12-23 09:30:00-05:00",360.6499938964844,363.5199890136719,357.3299865722656,363.4299926757813,363.4299926757813,241254
"ISRG","Intuitive Surgical, Inc. - Common Stock","2021-12-23 10:30:00-05:00",363.5400085449219,365.6700134277344,362.8900146484375,364.5700073242188,364.5700073242188,127494
"ISRG","Intuitive Surgical, Inc. - Common Stock","2021-12-23 11:30:00-05:00",364.6199951171875,365.0799865722656,362.8699951171875,362.9500122070313,362.9500122070313,89875
"ISRG","Intuitive Surgical, Inc. - Common Stock","2021-12-23 12:30:00-05:00",362.9700012207031,364.6199951171875,362.9700012207031,364.4299926757813,364.4299926757813,70307
"ISRG","Intuitive Surgical, Inc. - Common Stock","2021-12-23 13:30:00-05:00",364.5650024414063,364.8500061035156,363.8399963378906,364.1700134277344,364.1700134277344,58373
"ISRG","Intuitive Surgical, Inc. - Common Stock","2021-12-23 14:30:00-05:00",364.3500061035156,364.9491882324219,364.010009765625,364.30999755859375,364.30999755859375,59068
"ISRG","Intuitive Surgical, Inc. - Common Stock","2021-12-23 15:30:00-05:00",364.2200012207031,365.2699890136719,363.7300109863281,363.8800048828125,363.8800048828125,106288
"ISRG","Intuitive Surgical, Inc. - Common Stock","2021-12-23 16:00:00-05:00",363.94,364.41,363.08,363.94,363.94,0
"ISRG","Intuitive Surgical, Inc. - Common Stock","2021-12-23 17:00:00-05:00",364.41,364.5,363.4,363.94,363.94,0
"ISRG","Intuitive Surgical, Inc. - Common Stock","2021-12-23 18:00:00-05:00",363.08,363.9,363.08,363.9,363.9,0
"ISRG","Intuitive Surgical, Inc. - Common Stock","2021-12-27 04:00:00-05:00",363.08,365.0,363.0,365.0,365.0,0
"ISRG","Intuitive Surgical, Inc. - Common Stock","2021-12-27 06:00:00-05:00",365.0,365.0,361.1,361.1,361.1,0
"ISRG","Intuitive Surgical, Inc. - Common Stock","2021-12-27 07:00:00-05:00",361.1,364.85,361.1,364.85,364.85,0
"ISRG","Intuitive Surgical, Inc. - Common Stock","2021-12-27 08:00:00-05:00",364.01,365.0,363.031,364.02,364.02,0
"ISRG","Intuitive Surgical, Inc. - Common Stock","2021-12-27 09:00:00-05:00",364.77,364.99,364.01,364.01,364.01,0
"ISRG","Intuitive Surgical, Inc. - Common Stock","2021-12-27 09:30:00-05:00",363.4599914550781,366.5299987792969,361.6099853515625,365.5700073242188,365.5700073242188,313359
"ISRG","Intuitive Surgical, Inc. - Common Stock","2021-12-27 10:30:00-05:00",365.989990234375,366.135009765625,363.4800109863281,364.125,364.125,76123
"ISRG","Intuitive Surgical, Inc. - Common Stock","2021-12-27 11:30:00-05:00",364.0799865722656,364.5899963378906,363.1799926757813,364.1799926757813,364.1799926757813,81080
"ISRG","Intuitive Surgical, Inc. - Common Stock","2021-12-27 12:30:00-05:00",364.1400146484375,364.8900146484375,363.8299865722656,364.6568908691406,364.6568908691406,70144
"ISRG","Intuitive Surgical, Inc. - Common Stock","2021-12-27 13:30:00-05:00",364.6400146484375,364.9800109863281,364.2799987792969,364.6099853515625,364.6099853515625,47246
"ISRG","Intuitive Surgical, Inc. - Common Stock","2021-12-27 14:30:00-05:00",364.8900146484375,365.760009765625,364.6099853515625,365.7200012207031,365.7200012207031,119245
"ISRG","Intuitive Surgical, Inc. - Common Stock","2021-12-27 15:30:00-05:00",365.7900085449219,365.97900390625,364.5299987792969,364.6400146484375,364.6400146484375,209796
"ISRG","Intuitive Surgical, Inc. - Common Stock","2021-12-27 16:00:00-05:00",364.58,364.77,364.01,364.58,364.58,0
"ISRG","Intuitive Surgical, Inc. - Common Stock","2021-12-27 17:00:00-05:00",364.58,365.5,362.52,362.52,362.52,0
"ISRG","Intuitive Surgical, Inc. - Common Stock","2021-12-27 18:00:00-05:00",364.01,364.5,364.01,364.01,364.01,0
"ISRG","Intuitive Surgical, Inc. - Common Stock","2021-12-28 04:00:00-05:00",364.94,364.94,364.94,364.94,364.94,0
"ISRG","Intuitive Surgical, Inc. - Common Stock","2021-12-28 05:00:00-05:00",365.0,365.5,365.0,365.5,365.5,0
"ISRG","Intuitive Surgical, Inc. - Common Stock","2021-12-28 06:00:00-05:00",365.38,365.38,365.38,365.38,365.38,0
"ISRG","Intuitive Surgical, Inc. - Common Stock","2021-12-28 07:00:00-05:00",365.42,367.18,365.0,365.6,365.6,0
"ISRG","Intuitive Surgical, Inc. - Common Stock","2021-12-28 08:00:00-05:00",365.6,367.0,363.669,365.12,365.12,0
"ISRG","Intuitive Surgical, Inc. - Common Stock","2021-12-28 09:00:00-05:00",364.58,365.43,362.33,365.42,365.42,0
"ISRG","Intuitive Surgical, Inc. - Common Stock","2021-12-28 09:30:00-05:00",364.5799865722656,364.9500122070313,362.0259094238281,364.5199890136719,364.5199890136719,147131
"ISRG","Intuitive Surgical, Inc. - Common Stock","2021-12-28 10:30:00-05:00",364.6449890136719,365.4500122070313,363.55999755859375,365.05999755859375,365.05999755859375,113733
"ISRG","Intuitive Surgical, Inc. - Common Stock","2021-12-28 11:30:00-05:00",365.0299987792969,366.7200012207031,364.6300048828125,366.0,366.0,57829
"ISRG","Intuitive Surgical, Inc. - Common Stock","2021-12-28 12:30:00-05:00",365.9299926757813,366.4500122070313,365.3200073242188,365.9500122070313,365.9500122070313,52842
"ISRG","Intuitive Surgical, Inc. - Common Stock","2021-12-28 13:30:00-05:00",365.9500122070313,366.1600036621094,364.8539123535156,365.93939208984375,365.93939208984375,44755
"ISRG","Intuitive Surgical, Inc. - Common Stock","2021-12-28 14:30:00-05:00",365.7900085449219,366.0350036621094,364.8800048828125,364.9500122070313,364.9500122070313,53787
"ISRG","Intuitive Surgical, Inc. - Common Stock","2021-12-28 15:30:00-05:00",365.05999755859375,366.2000122070313,364.2200012207031,364.5499877929688,364.5499877929688,188314
"ISRG","Intuitive Surgical, Inc. - Common Stock","2021-12-28 16:00:00-05:00",364.55,365.62,364.54,364.56,364.56,0
"ISRG","Intuitive Surgical, Inc. - Common Stock","2021-12-28 17:00:00-05:00",364.56,365.62,364.23,364.23,364.23,0
"ISRG","Intuitive Surgical, Inc. - Common Stock","2021-12-28 18:00:00-05:00",364.54,364.54,364.54,364.54,364.54,0
"ISRG","Intuitive Surgical, Inc. - Common Stock","2021-12-29 04:00:00-05:00",364.9,364.9,362.15,363.33,363.33,0
"ISRG","Intuitive Surgical, Inc. - Common Stock","2021-12-29 05:00:00-05:00",365.88,365.88,362.3,365.0,365.0,0
"ISRG","Intuitive Surgical, Inc. - Common Stock","2021-12-29 06:00:00-05:00",364.89,364.89,364.89,364.89,364.89,0
"ISRG","Intuitive Surgical, Inc. - Common Stock","2021-12-29 07:00:00-05:00",364.89,364.89,364.0,364.89,364.89,0
"ISRG","Intuitive Surgical, Inc. - Common Stock","2021-12-29 08:00:00-05:00",364.87,364.9,363.66,364.5,364.5,0
"ISRG","Intuitive Surgical, Inc. - Common Stock","2021-12-29 09:00:00-05:00",363.66,364.9,360.2,364.6,364.6,0
"ISRG","Intuitive Surgical, Inc. - Common Stock","2021-12-29 09:30:00-05:00",365.3599853515625,369.2099914550781,364.0199890136719,365.760009765625,365.760009765625,211383
"ISRG","Intuitive Surgical, Inc. - Common Stock","2021-12-29 10:30:00-05:00",365.9295959472656,366.7300109863281,365.0700073242188,365.3949890136719,365.3949890136719,62717
"ISRG","Intuitive Surgical, Inc. - Common Stock","2021-12-29 11:30:00-05:00",365.5899963378906,366.4049987792969,364.5400085449219,364.8299865722656,364.8299865722656,50064
"ISRG","Intuitive Surgical, Inc. - Common Stock","2021-12-29 12:30:00-05:00",364.8200073242188,365.5400085449219,364.3299865722656,365.3721923828125,365.3721923828125,48038
"ISRG","Intuitive Surgical, Inc. - Common Stock","2021-12-29 13:30:00-05:00",365.4450073242188,366.6380004882813,365.2999877929688,366.2867126464844,366.2867126464844,59344
"ISRG","Intuitive Surgical, Inc. - Common Stock","2021-12-29 14:30:00-05:00",366.2099914550781,366.5700073242188,365.7699890136719,365.8500061035156,365.8500061035156,83259
"ISRG","Intuitive Surgical, Inc. - Common Stock","2021-12-29 15:30:00-05:00",365.9800109863281,367.1300048828125,365.0299987792969,365.2699890136719,365.2699890136719,148045
"ISRG","Intuitive Surgical, Inc. - Common Stock","2021-12-29 16:00:00-05:00",365.27,365.27,364.55,365.0,365.0,0
"ISRG","Intuitive Surgical, Inc. - Common Stock","2021-12-29 17:00:00-05:00",364.61,368.61,364.61,368.61,368.61,0
"ISRG","Intuitive Surgical, Inc. - Common Stock","2021-12-29 18:00:00-05:00",365.1,365.1,365.1,365.1,365.1,0
"ISRG","Intuitive Surgical, Inc. - Common Stock","2021-12-30 04:00:00-05:00",365.27,365.27,365.27,365.27,365.27,0
"ISRG","Intuitive Surgical, Inc. - Common Stock","2021-12-30 05:00:00-05:00",366.14,368.47,366.14,368.22,368.22,0
"ISRG","Intuitive Surgical, Inc. - Common Stock","2021-12-30 06:00:00-05:00",368.14,368.14,364.13,364.25,364.25,0
"ISRG","Intuitive Surgical, Inc. - Common Stock","2021-12-30 07:00:00-05:00",365.27,366.46,364.86,364.86,364.86,0
"ISRG","Intuitive Surgical, Inc. - Common Stock","2021-12-30 08:00:00-05:00",366.22,368.68,365.97,366.22,366.22,0
"ISRG","Intuitive Surgical, Inc. - Common Stock","2021-12-30 09:00:00-05:00",366.89,366.89,365.78,365.78,365.78,0
"ISRG","Intuitive Surgical, Inc. - Common Stock","2021-12-30 09:30:00-05:00",366.0899963378906,367.510009765625,364.927490234375,365.510009765625,365.510009765625,103302
"ISRG","Intuitive Surgical, Inc. - Common Stock","2021-12-30 10:30:00-05:00",365.5,367.4800109863281,365.3900146484375,367.2900085449219,367.2900085449219,97826
"ISRG","Intuitive Surgical, Inc. - Common Stock","2021-12-30 11:30:00-05:00",367.2799987792969,367.6499938964844,365.1900024414063,365.4700012207031,365.4700012207031,59807
"ISRG","Intuitive Surgical, Inc. - Common Stock","2021-12-30 12:30:00-05:00",365.4849853515625,366.4299926757813,365.4299926757813,366.114990234375,366.114990234375,63568
"ISRG","Intuitive Surgical, Inc. - Common Stock","2021-12-30 13:30:00-05:00",366.0799865722656,366.375,365.1400146484375,365.7099914550781,365.7099914550781,52001
"ISRG","Intuitive Surgical, Inc. - Common Stock","2021-12-30 14:30:00-05:00",365.5849914550781,365.9249877929688,364.7000122070313,364.8752136230469,364.8752136230469,74855
"ISRG","Intuitive Surgical, Inc. - Common Stock","2021-12-30 15:30:00-05:00",364.9700012207031,365.0499877929688,362.80999755859375,363.2900085449219,363.2900085449219,158291
"ISRG","Intuitive Surgical, Inc. - Common Stock","2021-12-30 16:00:00-05:00",363.3,366.16,363.3,363.3,363.3,0
"ISRG","Intuitive Surgical, Inc. - Common Stock","2021-12-30 17:00:00-05:00",363.99,364.0,363.3,363.3,363.3,0
