"ticker","name","date","open","high","low","close","adjusted close","volume"
"JBSS","John B. Sanfilippo & Son, Inc. - Common Stock","2021-01-04 09:00:00-05:00",79.5,79.5,79.5,79.5,79.5,0
"JBSS","John B. Sanfilippo & Son, Inc. - Common Stock","2021-01-04 09:30:00-05:00",79.58999633789062,79.79000091552734,79.2699966430664,79.2699966430664,79.2699966430664,3723
"JBSS","John B. Sanfilippo & Son, Inc. - Common Stock","2021-01-04 10:30:00-05:00",79.33000183105469,79.80999755859375,79.12999725341797,79.80999755859375,79.80999755859375,5117
"JBSS","John B. Sanfilippo & Son, Inc. - Common Stock","2021-01-04 11:30:00-05:00",79.55000305175781,79.7699966430664,79.2699966430664,79.44999694824219,79.44999694824219,3150
"JBSS","John B. Sanfilippo & Son, Inc. - Common Stock","2021-01-04 12:30:00-05:00",79.08000183105469,79.98999786376953,79.08000183105469,79.98999786376953,79.98999786376953,2490
"JBSS","John B. Sanfilippo & Son, Inc. - Common Stock","2021-01-04 13:30:00-05:00",79.69000244140625,79.94999694824219,79.61000061035156,79.94999694824219,79.94999694824219,9259
"JBSS","John B. Sanfilippo & Son, Inc. - Common Stock","2021-01-04 14:30:00-05:00",79.86000061035156,80.1500015258789,79.86000061035156,80.0093002319336,80.0093002319336,10706
"JBSS","John B. Sanfilippo & Son, Inc. - Common Stock","2021-01-04 15:30:00-05:00",79.9000015258789,80.47000122070312,79.9000015258789,80.33000183105469,80.33000183105469,16856
"JBSS","John B. Sanfilippo & Son, Inc. - Common Stock","2021-01-04 16:00:00-05:00",80.22,80.22,80.22,80.22,80.22,0
"JBSS","John B. Sanfilippo & Son, Inc. - Common Stock","2021-01-05 09:30:00-05:00",79.93000030517578,81.12000274658203,79.5199966430664,79.62999725341797,79.62999725341797,3242
"JBSS","John B. Sanfilippo & Son, Inc. - Common Stock","2021-01-05 10:30:00-05:00",79.62999725341797,80.33999633789062,79.61000061035156,80.33999633789062,80.33999633789062,3763
"JBSS","John B. Sanfilippo & Son, Inc. - Common Stock","2021-01-05 11:30:00-05:00",80.5,80.5,80.06999969482422,80.06999969482422,80.06999969482422,2051
"JBSS","John B. Sanfilippo & Son, Inc. - Common Stock","2021-01-05 12:30:00-05:00",80.08070373535156,80.52999877929688,79.7699966430664,80.41999816894531,80.41999816894531,3359
"JBSS","John B. Sanfilippo & Son, Inc. - Common Stock","2021-01-05 13:30:00-05:00",80.5,81.11000061035156,80.5,81.11000061035156,81.11000061035156,2703
"JBSS","John B. Sanfilippo & Son, Inc. - Common Stock","2021-01-05 14:30:00-05:00",80.87999725341797,81.1500015258789,80.87999725341797,80.9000015258789,80.9000015258789,3084
"JBSS","John B. Sanfilippo & Son, Inc. - Common Stock","2021-01-05 15:30:00-05:00",81.05000305175781,81.16000366210938,80.75,80.88999938964844,80.88999938964844,11506
"JBSS","John B. Sanfilippo & Son, Inc. - Common Stock","2021-01-05 16:00:00-05:00",80.78,80.78,80.779,80.78,80.78,0
"JBSS","John B. Sanfilippo & Son, Inc. - Common Stock","2021-01-05 17:00:00-05:00",80.78,80.78,80.78,80.78,80.78,0
"JBSS","John B. Sanfilippo & Son, Inc. - Common Stock","2021-01-06 09:30:00-05:00",82.12999725341797,82.7300033569336,82.12000274658203,82.12000274658203,82.12000274658203,5723
"JBSS","John B. Sanfilippo & Son, Inc. - Common Stock","2021-01-06 10:30:00-05:00",82.08000183105469,83.44999694824219,82.08000183105469,83.38999938964844,83.38999938964844,4669
"JBSS","John B. Sanfilippo & Son, Inc. - Common Stock","2021-01-06 11:30:00-05:00",83.4000015258789,83.72000122070312,83.16999816894531,83.3499984741211,83.3499984741211,5987
"JBSS","John B. Sanfilippo & Son, Inc. - Common Stock","2021-01-06 12:30:00-05:00",83.25,83.33000183105469,83.12000274658203,83.26000213623047,83.26000213623047,5481
"JBSS","John B. Sanfilippo & Son, Inc. - Common Stock","2021-01-06 13:30:00-05:00",83.33999633789062,83.69999694824219,83.19000244140625,83.19000244140625,83.19000244140625,4601
"JBSS","John B. Sanfilippo & Son, Inc. - Common Stock","2021-01-06 14:30:00-05:00",83.12999725341797,83.23999786376953,82.68000030517578,82.73999786376953,82.73999786376953,6201
"JBSS","John B. Sanfilippo & Son, Inc. - Common Stock","2021-01-06 15:30:00-05:00",82.87000274658203,83.08999633789062,82.5999984741211,82.61000061035156,82.61000061035156,13649
"JBSS","John B. Sanfilippo & Son, Inc. - Common Stock","2021-01-06 16:00:00-05:00",82.59,82.59,82.59,82.59,82.59,0
"JBSS","John B. Sanfilippo & Son, Inc. - Common Stock","2021-01-07 09:30:00-05:00",82.76000213623047,83.86000061035156,79.0199966430664,83.15609741210938,83.15609741210938,7689
"JBSS","John B. Sanfilippo & Son, Inc. - Common Stock","2021-01-07 10:30:00-05:00",82.87000274658203,83.12000274658203,82.77999877929688,83.12000274658203,83.12000274658203,3306
"JBSS","John B. Sanfilippo & Son, Inc. - Common Stock","2021-01-07 11:30:00-05:00",82.93000030517578,83.41000366210938,82.93000030517578,82.94999694824219,82.94999694824219,4640
"JBSS","John B. Sanfilippo & Son, Inc. - Common Stock","2021-01-07 12:30:00-05:00",82.78500366210938,83.48999786376953,82.74500274658203,83.16000366210938,83.16000366210938,3219
"JBSS","John B. Sanfilippo & Son, Inc. - Common Stock","2021-01-07 13:30:00-05:00",83.2300033569336,83.30000305175781,82.9749984741211,83.1050033569336,83.1050033569336,2751
"JBSS","John B. Sanfilippo & Son, Inc. - Common Stock","2021-01-07 14:30:00-05:00",83.16999816894531,83.41999816894531,83.06999969482422,83.41999816894531,83.41999816894531,2049
"JBSS","John B. Sanfilippo & Son, Inc. - Common Stock","2021-01-07 15:30:00-05:00",83.23999786376953,83.61000061035156,83.23999786376953,83.43000030517578,83.43000030517578,4128
"JBSS","John B. Sanfilippo & Son, Inc. - Common Stock","2021-01-07 16:00:00-05:00",83.32,83.32,83.32,83.32,83.32,0
"JBSS","John B. Sanfilippo & Son, Inc. - Common Stock","2021-01-07 17:00:00-05:00",83.32,83.32,83.32,83.32,83.32,0
"JBSS","John B. Sanfilippo & Son, Inc. - Common Stock","2021-01-08 09:30:00-05:00",83.30999755859375,84.13999938964844,82.3550033569336,82.45999908447266,82.45999908447266,4017
"JBSS","John B. Sanfilippo & Son, Inc. - Common Stock","2021-01-08 10:30:00-05:00",81.81999969482422,81.83000183105469,81.55999755859375,81.55999755859375,81.55999755859375,3560
"JBSS","John B. Sanfilippo & Son, Inc. - Common Stock","2021-01-08 11:30:00-05:00",81.19000244140625,81.3499984741211,80.9800033569336,81.3499984741211,81.3499984741211,1493
"JBSS","John B. Sanfilippo & Son, Inc. - Common Stock","2021-01-08 12:30:00-05:00",81.27999877929688,81.91999816894531,81.05000305175781,81.91999816894531,81.91999816894531,2777
"JBSS","John B. Sanfilippo & Son, Inc. - Common Stock","2021-01-08 13:30:00-05:00",81.45010375976562,81.7699966430664,81.11000061035156,81.7699966430664,81.7699966430664,7649
"JBSS","John B. Sanfilippo & Son, Inc. - Common Stock","2021-01-08 14:30:00-05:00",81.6593017578125,81.87000274658203,81.62000274658203,81.69999694824219,81.69999694824219,3456
"JBSS","John B. Sanfilippo & Son, Inc. - Common Stock","2021-01-08 15:30:00-05:00",81.81999969482422,82.5999984741211,81.81999969482422,82.08000183105469,82.08000183105469,6311
"JBSS","John B. Sanfilippo & Son, Inc. - Common Stock","2021-01-08 16:00:00-05:00",82.33,82.33,82.33,82.33,82.33,0
"JBSS","John B. Sanfilippo & Son, Inc. - Common Stock","2021-01-11 09:30:00-05:00",81.58999633789062,82.0199966430664,81.41000366210938,81.41000366210938,81.41000366210938,1861
"JBSS","John B. Sanfilippo & Son, Inc. - Common Stock","2021-01-11 10:30:00-05:00",81.38999938964844,81.43209838867188,80.97000122070312,81.2699966430664,81.2699966430664,3022
"JBSS","John B. Sanfilippo & Son, Inc. - Common Stock","2021-01-11 11:30:00-05:00",81.20999908447266,82.01000213623047,81.02999877929688,81.41999816894531,81.41999816894531,4881
"JBSS","John B. Sanfilippo & Son, Inc. - Common Stock","2021-01-11 12:30:00-05:00",81.63999938964844,81.63999938964844,80.47000122070312,81.0,81.0,2751
"JBSS","John B. Sanfilippo & Son, Inc. - Common Stock","2021-01-11 13:30:00-05:00",80.3550033569336,80.6500015258789,80.31999969482422,80.61000061035156,80.61000061035156,3743
"JBSS","John B. Sanfilippo & Son, Inc. - Common Stock","2021-01-11 14:30:00-05:00",80.50499725341797,80.510498046875,80.38999938964844,80.45999908447266,80.45999908447266,3609
"JBSS","John B. Sanfilippo & Son, Inc. - Common Stock","2021-01-11 15:30:00-05:00",80.37999725341797,80.5999984741211,80.37999725341797,80.47000122070312,80.47000122070312,5633
"JBSS","John B. Sanfilippo & Son, Inc. - Common Stock","2021-01-11 16:00:00-05:00",80.7,80.7,80.7,80.7,80.7,9866
"JBSS","John B. Sanfilippo & Son, Inc. - Common Stock","2021-01-12 09:30:00-05:00",80.83000183105469,81.20999908447266,79.845703125,80.41000366210938,80.41000366210938,0
"JBSS","John B. Sanfilippo & Son, Inc. - Common Stock","2021-01-12 10:30:00-05:00",80.3761978149414,80.68000030517578,80.3761978149414,80.45500183105469,80.45500183105469,802
"JBSS","John B. Sanfilippo & Son, Inc. - Common Stock","2021-01-12 11:30:00-05:00",80.32499694824219,80.43000030517578,80.04000091552734,80.1500015258789,80.1500015258789,4020
"JBSS","John B. Sanfilippo & Son, Inc. - Common Stock","2021-01-12 12:30:00-05:00",80.12000274658203,80.12000274658203,80.08000183105469,80.08000183105469,80.08000183105469,535
"JBSS","John B. Sanfilippo & Son, Inc. - Common Stock","2021-01-12 13:30:00-05:00",80.13999938964844,80.13999938964844,79.80999755859375,79.91999816894531,79.91999816894531,3736
"JBSS","John B. Sanfilippo & Son, Inc. - Common Stock","2021-01-12 14:30:00-05:00",79.81009674072266,80.01000213623047,79.80999755859375,79.93000030517578,79.93000030517578,4057
"JBSS","John B. Sanfilippo & Son, Inc. - Common Stock","2021-01-12 15:30:00-05:00",79.94999694824219,79.97000122070312,79.5999984741211,79.97000122070312,79.97000122070312,6293
"JBSS","John B. Sanfilippo & Son, Inc. - Common Stock","2021-01-12 16:00:00-05:00",79.81,79.81,79.81,79.81,79.81,0
"JBSS","John B. Sanfilippo & Son, Inc. - Common Stock","2021-01-13 09:30:00-05:00",79.87000274658203,80.66000366210938,79.46920013427734,79.70500183105469,79.70500183105469,2414
"JBSS","John B. Sanfilippo & Son, Inc. - Common Stock","2021-01-13 10:30:00-05:00",79.9000015258789,80.7300033569336,79.9000015258789,80.48999786376953,80.48999786376953,2253
"JBSS","John B. Sanfilippo & Son, Inc. - Common Stock","2021-01-13 11:30:00-05:00",80.20500183105469,80.22000122070312,79.94999694824219,80.22000122070312,80.22000122070312,1578
"JBSS","John B. Sanfilippo & Son, Inc. - Common Stock","2021-01-13 12:30:00-05:00",79.8499984741211,79.98999786376953,79.79000091552734,79.79000091552734,79.79000091552734,1070
"JBSS","John B. Sanfilippo & Son, Inc. - Common Stock","2021-01-13 13:30:00-05:00",79.7300033569336,80.30000305175781,79.7300033569336,80.30000305175781,80.30000305175781,3142
"JBSS","John B. Sanfilippo & Son, Inc. - Common Stock","2021-01-13 14:30:00-05:00",80.26000213623047,80.26000213623047,79.62000274658203,79.80000305175781,79.80000305175781,3049
"JBSS","John B. Sanfilippo & Son, Inc. - Common Stock","2021-01-13 15:30:00-05:00",79.75,79.79499816894531,79.55999755859375,79.70999908447266,79.70999908447266,4687
"JBSS","John B. Sanfilippo & Son, Inc. - Common Stock","2021-01-13 16:00:00-05:00",79.56,79.56,79.56,79.56,79.56,0
"JBSS","John B. Sanfilippo & Son, Inc. - Common Stock","2021-01-14 09:30:00-05:00",79.58999633789062,80.33000183105469,79.58999633789062,80.2300033569336,80.2300033569336,1941
"JBSS","John B. Sanfilippo & Son, Inc. - Common Stock","2021-01-14 10:30:00-05:00",80.05999755859375,80.05999755859375,79.4800033569336,79.5999984741211,79.5999984741211,8277
"JBSS","John B. Sanfilippo & Son, Inc. - Common Stock","2021-01-14 11:30:00-05:00",79.58999633789062,80.4259033203125,79.58999633789062,80.4259033203125,80.4259033203125,2871
"JBSS","John B. Sanfilippo & Son, Inc. - Common Stock","2021-01-14 12:30:00-05:00",79.91000366210938,80.19999694824219,79.91000366210938,80.01000213623047,80.01000213623047,2060
"JBSS","John B. Sanfilippo & Son, Inc. - Common Stock","2021-01-14 13:30:00-05:00",80.06999969482422,80.12000274658203,80.06999969482422,80.12000274658203,80.12000274658203,771
"JBSS","John B. Sanfilippo & Son, Inc. - Common Stock","2021-01-14 14:30:00-05:00",80.00499725341797,80.44000244140625,79.94999694824219,80.24500274658203,80.24500274658203,4400
"JBSS","John B. Sanfilippo & Son, Inc. - Common Stock","2021-01-14 15:30:00-05:00",80.33000183105469,80.33000183105469,79.94499969482422,79.98999786376953,79.98999786376953,5333
"JBSS","John B. Sanfilippo & Son, Inc. - Common Stock","2021-01-14 16:00:00-05:00",80.23,80.23,80.229,80.229,80.229,0
"JBSS","John B. Sanfilippo & Son, Inc. - Common Stock","2021-01-15 09:30:00-05:00",79.97000122070312,80.68499755859375,79.87999725341797,80.4000015258789,80.4000015258789,5576
"JBSS","John B. Sanfilippo & Son, Inc. - Common Stock","2021-01-15 10:30:00-05:00",79.7300033569336,80.08999633789062,79.70999908447266,79.87999725341797,79.87999725341797,2752
"JBSS","John B. Sanfilippo & Son, Inc. - Common Stock","2021-01-15 11:30:00-05:00",79.87999725341797,80.44000244140625,79.87999725341797,79.94999694824219,79.94999694824219,3999
"JBSS","John B. Sanfilippo & Son, Inc. - Common Stock","2021-01-15 12:30:00-05:00",80.33999633789062,80.33999633789062,79.79000091552734,79.79000091552734,79.79000091552734,1594
"JBSS","John B. Sanfilippo & Son, Inc. - Common Stock","2021-01-15 13:30:00-05:00",79.7300033569336,80.04329681396484,79.7300033569336,79.81999969482422,79.81999969482422,1435
"JBSS","John B. Sanfilippo & Son, Inc. - Common Stock","2021-01-15 14:30:00-05:00",79.6500015258789,80.125,79.63999938964844,79.98500061035156,79.98500061035156,4435
"JBSS","John B. Sanfilippo & Son, Inc. - Common Stock","2021-01-15 15:30:00-05:00",79.98500061035156,79.98500061035156,79.6500015258789,79.73500061035156,79.73500061035156,7198
"JBSS","John B. Sanfilippo & Son, Inc. - Common Stock","2021-01-15 16:00:00-05:00",79.64,79.64,79.64,79.64,79.64,0
"JBSS","John B. Sanfilippo & Son, Inc. - Common Stock","2021-01-19 09:30:00-05:00",80.37000274658203,80.62259674072266,79.32499694824219,79.75,79.75,2081
"JBSS","John B. Sanfilippo & Son, Inc. - Common Stock","2021-01-19 10:30:00-05:00",79.80000305175781,80.41999816894531,79.36000061035156,79.36000061035156,79.36000061035156,3254
"JBSS","John B. Sanfilippo & Son, Inc. - Common Stock","2021-01-19 11:30:00-05:00",79.88500213623047,80.72000122070312,79.41000366210938,79.41000366210938,79.41000366210938,9208
"JBSS","John B. Sanfilippo & Son, Inc. - Common Stock","2021-01-19 12:30:00-05:00",79.61499786376953,79.625,79.02999877929688,79.2699966430664,79.2699966430664,6705
"JBSS","John B. Sanfilippo & Son, Inc. - Common Stock","2021-01-19 13:30:00-05:00",79.16000366210938,79.37999725341797,79.16000366210938,79.18000030517578,79.18000030517578,6618
"JBSS","John B. Sanfilippo & Son, Inc. - Common Stock","2021-01-19 14:30:00-05:00",79.19000244140625,79.41000366210938,79.18000030517578,79.4000015258789,79.4000015258789,10499
"JBSS","John B. Sanfilippo & Son, Inc. - Common Stock","2021-01-19 15:30:00-05:00",79.37000274658203,79.37000274658203,79.0199966430664,79.13999938964844,79.13999938964844,12020
"JBSS","John B. Sanfilippo & Son, Inc. - Common Stock","2021-01-19 16:00:00-05:00",79.08,79.3065,79.08,79.3065,79.3065,0
"JBSS","John B. Sanfilippo & Son, Inc. - Common Stock","2021-01-20 09:30:00-05:00",79.26000213623047,79.26000213623047,78.38999938964844,78.8499984741211,78.8499984741211,5825
"JBSS","John B. Sanfilippo & Son, Inc. - Common Stock","2021-01-20 10:30:00-05:00",78.87000274658203,78.87000274658203,78.31500244140625,78.79000091552734,78.79000091552734,8237
"JBSS","John B. Sanfilippo & Son, Inc. - Common Stock","2021-01-20 11:30:00-05:00",78.68499755859375,78.68499755859375,78.29000091552734,78.29000091552734,78.29000091552734,3437
"JBSS","John B. Sanfilippo & Son, Inc. - Common Stock","2021-01-20 12:30:00-05:00",78.05999755859375,78.27999877929688,77.80999755859375,77.94999694824219,77.94999694824219,12146
"JBSS","John B. Sanfilippo & Son, Inc. - Common Stock","2021-01-20 13:30:00-05:00",77.88999938964844,78.26000213623047,77.88999938964844,78.12999725341797,78.12999725341797,18960
"JBSS","John B. Sanfilippo & Son, Inc. - Common Stock","2021-01-20 14:30:00-05:00",78.0999984741211,78.42500305175781,77.94999694824219,77.9800033569336,77.9800033569336,22303
"JBSS","John B. Sanfilippo & Son, Inc. - Common Stock","2021-01-20 15:30:00-05:00",78.0199966430664,79.4000015258789,78.0,78.62000274658203,78.62000274658203,48211
"JBSS","John B. Sanfilippo & Son, Inc. - Common Stock","2021-01-20 16:00:00-05:00",78.66,78.66,78.66,78.66,78.66,0
"JBSS","John B. Sanfilippo & Son, Inc. - Common Stock","2021-01-21 09:30:00-05:00",79.02999877929688,80.2699966430664,78.58999633789062,78.58999633789062,78.58999633789062,6584
"JBSS","John B. Sanfilippo & Son, Inc. - Common Stock","2021-01-21 10:30:00-05:00",78.46499633789062,79.33999633789062,78.43659973144531,78.6050033569336,78.6050033569336,10742
"JBSS","John B. Sanfilippo & Son, Inc. - Common Stock","2021-01-21 11:30:00-05:00",78.6500015258789,79.04000091552734,78.44000244140625,78.94999694824219,78.94999694824219,8051
"JBSS","John B. Sanfilippo & Son, Inc. - Common Stock","2021-01-21 12:30:00-05:00",78.94999694824219,79.08499908447266,78.79499816894531,78.79499816894531,78.79499816894531,2459
"JBSS","John B. Sanfilippo & Son, Inc. - Common Stock","2021-01-21 13:30:00-05:00",78.84500122070312,78.91000366210938,78.72000122070312,78.79000091552734,78.79000091552734,3382
"JBSS","John B. Sanfilippo & Son, Inc. - Common Stock","2021-01-21 14:30:00-05:00",78.82499694824219,79.13839721679688,78.7699966430664,78.79000091552734,78.79000091552734,12485
"JBSS","John B. Sanfilippo & Son, Inc. - Common Stock","2021-01-21 15:30:00-05:00",78.875,79.04499816894531,78.52999877929688,78.61000061035156,78.61000061035156,9386
"JBSS","John B. Sanfilippo & Son, Inc. - Common Stock","2021-01-21 16:00:00-05:00",78.66,78.66,78.66,78.66,78.66,0
"JBSS","John B. Sanfilippo & Son, Inc. - Common Stock","2021-01-22 09:00:00-05:00",78.86,78.97,78.86,78.97,78.97,0
"JBSS","John B. Sanfilippo & Son, Inc. - Common Stock","2021-01-22 09:30:00-05:00",78.31999969482422,79.20999908447266,78.02999877929688,78.02999877929688,78.02999877929688,9662
"JBSS","John B. Sanfilippo & Son, Inc. - Common Stock","2021-01-22 10:30:00-05:00",78.05000305175781,78.51000213623047,78.02999877929688,78.22000122070312,78.22000122070312,9998
"JBSS","John B. Sanfilippo & Son, Inc. - Common Stock","2021-01-22 11:30:00-05:00",78.2300033569336,78.55000305175781,78.04000091552734,78.16999816894531,78.16999816894531,13087
"JBSS","John B. Sanfilippo & Son, Inc. - Common Stock","2021-01-22 12:30:00-05:00",78.04000091552734,78.4000015258789,78.04000091552734,78.21499633789062,78.21499633789062,7172
"JBSS","John B. Sanfilippo & Son, Inc. - Common Stock","2021-01-22 13:30:00-05:00",78.12999725341797,78.30000305175781,78.02999877929688,78.02999877929688,78.02999877929688,4645
"JBSS","John B. Sanfilippo & Son, Inc. - Common Stock","2021-01-22 14:30:00-05:00",78.05000305175781,78.33999633789062,77.94000244140625,78.0199966430664,78.0199966430664,7168
"JBSS","John B. Sanfilippo & Son, Inc. - Common Stock","2021-01-22 15:30:00-05:00",78.30999755859375,78.79000091552734,78.00499725341797,78.63999938964844,78.63999938964844,20170
"JBSS","John B. Sanfilippo & Son, Inc. - Common Stock","2021-01-22 16:00:00-05:00",78.47,78.47,78.47,78.47,78.47,0
"JBSS","John B. Sanfilippo & Son, Inc. - Common Stock","2021-01-25 09:00:00-05:00",78.47,78.47,78.47,78.47,78.47,0
"JBSS","John B. Sanfilippo & Son, Inc. - Common Stock","2021-01-25 09:30:00-05:00",78.33000183105469,79.87000274658203,78.33000183105469,79.87000274658203,79.87000274658203,11995
"JBSS","John B. Sanfilippo & Son, Inc. - Common Stock","2021-01-25 10:30:00-05:00",80.36000061035156,80.5,79.38500213623047,80.05000305175781,80.05000305175781,7460
"JBSS","John B. Sanfilippo & Son, Inc. - Common Stock","2021-01-25 11:30:00-05:00",79.63500213623047,79.94999694824219,79.47000122070312,79.94999694824219,79.94999694824219,5728
"JBSS","John B. Sanfilippo & Son, Inc. - Common Stock","2021-01-25 12:30:00-05:00",79.94999694824219,80.0,79.55999755859375,79.79499816894531,79.79499816894531,5699
"JBSS","John B. Sanfilippo & Son, Inc. - Common Stock","2021-01-25 13:30:00-05:00",79.81500244140625,80.06999969482422,79.30999755859375,79.55999755859375,79.55999755859375,16097
"JBSS","John B. Sanfilippo & Son, Inc. - Common Stock","2021-01-25 14:30:00-05:00",79.55999755859375,80.61499786376953,79.55999755859375,80.61499786376953,80.61499786376953,32306
"JBSS","John B. Sanfilippo & Son, Inc. - Common Stock","2021-01-25 15:30:00-05:00",80.61499786376953,80.91000366210938,80.38999938964844,80.91000366210938,80.91000366210938,17595
"JBSS","John B. Sanfilippo & Son, Inc. - Common Stock","2021-01-25 16:00:00-05:00",80.81,80.81,80.81,80.81,80.81,0
"JBSS","John B. Sanfilippo & Son, Inc. - Common Stock","2021-01-26 09:00:00-05:00",80.81,80.81,80.81,80.81,80.81,0
"JBSS","John B. Sanfilippo & Son, Inc. - Common Stock","2021-01-26 09:30:00-05:00",81.48999786376953,81.48999786376953,80.8853988647461,81.08999633789062,81.08999633789062,4333
"JBSS","John B. Sanfilippo & Son, Inc. - Common Stock","2021-01-26 10:30:00-05:00",81.09500122070312,81.1500015258789,80.55999755859375,80.7300033569336,80.7300033569336,13044
"JBSS","John B. Sanfilippo & Son, Inc. - Common Stock","2021-01-26 11:30:00-05:00",80.93000030517578,81.29000091552734,80.86000061035156,81.16000366210938,81.16000366210938,6055
"JBSS","John B. Sanfilippo & Son, Inc. - Common Stock","2021-01-26 12:30:00-05:00",81.01499938964844,81.23500061035156,80.95500183105469,80.98999786376953,80.98999786376953,6260
"JBSS","John B. Sanfilippo & Son, Inc. - Common Stock","2021-01-26 13:30:00-05:00",81.08000183105469,81.22000122070312,80.91999816894531,81.04000091552734,81.04000091552734,7459
"JBSS","John B. Sanfilippo & Son, Inc. - Common Stock","2021-01-26 14:30:00-05:00",81.04000091552734,81.30000305175781,80.87999725341797,81.11499786376953,81.11499786376953,22530
"JBSS","John B. Sanfilippo & Son, Inc. - Common Stock","2021-01-26 15:30:00-05:00",80.95999908447266,81.48999786376953,80.5,81.13999938964844,81.13999938964844,35277
"JBSS","John B. Sanfilippo & Son, Inc. - Common Stock","2021-01-26 16:00:00-05:00",81.27,81.27,81.27,81.27,81.27,0
"JBSS","John B. Sanfilippo & Son, Inc. - Common Stock","2021-01-27 09:00:00-05:00",80.5,80.5,80.45,80.45,80.45,0
"JBSS","John B. Sanfilippo & Son, Inc. - Common Stock","2021-01-27 09:30:00-05:00",80.5,82.18000030517578,80.5,81.54000091552734,81.54000091552734,3492
"JBSS","John B. Sanfilippo & Son, Inc. - Common Stock","2021-01-27 10:30:00-05:00",80.72000122070312,80.8499984741211,78.0999984741211,78.44000244140625,78.44000244140625,20179
"JBSS","John B. Sanfilippo & Son, Inc. - Common Stock","2021-01-27 11:30:00-05:00",78.31999969482422,78.69000244140625,77.62000274658203,77.91000366210938,77.91000366210938,13302
"JBSS","John B. Sanfilippo & Son, Inc. - Common Stock","2021-01-27 12:30:00-05:00",78.13999938964844,78.2699966430664,77.77999877929688,77.77999877929688,77.77999877929688,7389
"JBSS","John B. Sanfilippo & Son, Inc. - Common Stock","2021-01-27 13:30:00-05:00",77.6500015258789,77.70999908447266,77.5199966430664,77.5199966430664,77.5199966430664,6602
"JBSS","John B. Sanfilippo & Son, Inc. - Common Stock","2021-01-27 14:30:00-05:00",78.83999633789062,78.83999633789062,77.5199966430664,78.0999984741211,78.0999984741211,9950
"JBSS","John B. Sanfilippo & Son, Inc. - Common Stock","2021-01-27 15:30:00-05:00",78.11000061035156,78.55999755859375,77.81999969482422,77.83999633789062,77.83999633789062,17645
"JBSS","John B. Sanfilippo & Son, Inc. - Common Stock","2021-01-27 16:00:00-05:00",78.57,79.1,78.57,78.65,78.65,0
"JBSS","John B. Sanfilippo & Son, Inc. - Common Stock","2021-01-27 17:00:00-05:00",78.5,78.5,78.5,78.5,78.5,0
"JBSS","John B. Sanfilippo & Son, Inc. - Common Stock","2021-01-28 07:00:00-05:00",79.2,79.2,79.2,79.2,79.2,0
"JBSS","John B. Sanfilippo & Son, Inc. - Common Stock","2021-01-28 08:00:00-05:00",79.2,79.2,79.2,79.2,79.2,0
"JBSS","John B. Sanfilippo & Son, Inc. - Common Stock","2021-01-28 09:30:00-05:00",82.29000091552734,86.81990051269531,79.0199966430664,86.69000244140625,86.69000244140625,27486
"JBSS","John B. Sanfilippo & Son, Inc. - Common Stock","2021-01-28 10:30:00-05:00",85.97000122070312,86.31500244140625,84.27999877929688,84.27999877929688,84.27999877929688,9609
"JBSS","John B. Sanfilippo & Son, Inc. - Common Stock","2021-01-28 11:30:00-05:00",84.61000061035156,85.01000213623047,81.88999938964844,81.93000030517578,81.93000030517578,12069
"JBSS","John B. Sanfilippo & Son, Inc. - Common Stock","2021-01-28 12:30:00-05:00",81.71060180664062,82.29499816894531,81.71060180664062,82.29499816894531,82.29499816894531,6681
"JBSS","John B. Sanfilippo & Son, Inc. - Common Stock","2021-01-28 13:30:00-05:00",82.58000183105469,82.58000183105469,82.05000305175781,82.47000122070312,82.47000122070312,4481
"JBSS","John B. Sanfilippo & Son, Inc. - Common Stock","2021-01-28 14:30:00-05:00",82.19499969482422,82.5999984741211,81.9000015258789,82.5999984741211,82.5999984741211,5895
"JBSS","John B. Sanfilippo & Son, Inc. - Common Stock","2021-01-28 15:30:00-05:00",82.38999938964844,83.52999877929688,82.30000305175781,82.68000030517578,82.68000030517578,16597
"JBSS","John B. Sanfilippo & Son, Inc. - Common Stock","2021-01-28 16:00:00-05:00",82.86,82.86,82.8583,82.8583,82.8583,0
"JBSS","John B. Sanfilippo & Son, Inc. - Common Stock","2021-01-29 09:00:00-05:00",82.86,83.0,82.86,83.0,83.0,0
"JBSS","John B. Sanfilippo & Son, Inc. - Common Stock","2021-01-29 09:30:00-05:00",83.0,83.0,80.95999908447266,82.33999633789062,82.33999633789062,12204
"JBSS","John B. Sanfilippo & Son, Inc. - Common Stock","2021-01-29 10:30:00-05:00",82.20999908447266,82.96499633789062,82.16580200195312,82.36000061035156,82.36000061035156,5998
"JBSS","John B. Sanfilippo & Son, Inc. - Common Stock","2021-01-29 11:30:00-05:00",82.3499984741211,82.3499984741211,81.05000305175781,81.26000213623047,81.26000213623047,8785
"JBSS","John B. Sanfilippo & Son, Inc. - Common Stock","2021-01-29 12:30:00-05:00",81.25,81.53959655761719,80.02999877929688,80.69999694824219,80.69999694824219,5690
"JBSS","John B. Sanfilippo & Son, Inc. - Common Stock","2021-01-29 13:30:00-05:00",80.75499725341797,81.26000213623047,80.01000213623047,80.6050033569336,80.6050033569336,4068
"JBSS","John B. Sanfilippo & Son, Inc. - Common Stock","2021-01-29 14:30:00-05:00",80.48999786376953,80.63919830322266,80.25,80.4800033569336,80.4800033569336,8321
"JBSS","John B. Sanfilippo & Son, Inc. - Common Stock","2021-01-29 15:30:00-05:00",80.63999938964844,81.29000091552734,80.38999938964844,80.38999938964844,80.38999938964844,15932
"JBSS","John B. Sanfilippo & Son, Inc. - Common Stock","2021-01-29 16:00:00-05:00",80.43,80.43,80.43,80.43,80.43,0
"JBSS","John B. Sanfilippo & Son, Inc. - Common Stock","2021-02-01 09:30:00-05:00",80.56999969482422,80.71990203857422,80.2699966430664,80.66000366210938,80.66000366210938,0
"JBSS","John B. Sanfilippo & Son, Inc. - Common Stock","2021-02-01 10:30:00-05:00",80.4000015258789,80.76000213623047,80.2699966430664,80.6500015258789,80.6500015258789,6765
"JBSS","John B. Sanfilippo & Son, Inc. - Common Stock","2021-02-01 11:30:00-05:00",80.55000305175781,81.41000366210938,80.4000015258789,81.41000366210938,81.41000366210938,5672
"JBSS","John B. Sanfilippo & Son, Inc. - Common Stock","2021-02-01 12:30:00-05:00",81.2750015258789,81.52999877929688,81.05999755859375,81.52999877929688,81.52999877929688,5837
"JBSS","John B. Sanfilippo & Son, Inc. - Common Stock","2021-02-01 13:30:00-05:00",81.62999725341797,81.94999694824219,81.43000030517578,81.94999694824219,81.94999694824219,5472
"JBSS","John B. Sanfilippo & Son, Inc. - Common Stock","2021-02-01 14:30:00-05:00",81.91999816894531,81.91999816894531,81.44000244140625,81.70500183105469,81.70500183105469,6551
"JBSS","John B. Sanfilippo & Son, Inc. - Common Stock","2021-02-01 15:30:00-05:00",81.71499633789062,82.4800033569336,81.71499633789062,81.76000213623047,81.76000213623047,14976
"JBSS","John B. Sanfilippo & Son, Inc. - Common Stock","2021-02-01 16:00:00-05:00",82.15,82.15,81.79,82.15,82.15,8179
"JBSS","John B. Sanfilippo & Son, Inc. - Common Stock","2021-02-02 09:00:00-05:00",82.15,82.15,82.15,82.15,82.15,0
"JBSS","John B. Sanfilippo & Son, Inc. - Common Stock","2021-02-02 09:30:00-05:00",82.68000030517578,82.68000030517578,81.25,81.25,81.25,4015
"JBSS","John B. Sanfilippo & Son, Inc. - Common Stock","2021-02-02 10:30:00-05:00",81.33999633789062,82.443603515625,81.30000305175781,82.02999877929688,82.02999877929688,3474
"JBSS","John B. Sanfilippo & Son, Inc. - Common Stock","2021-02-02 11:30:00-05:00",82.12999725341797,82.58000183105469,82.05000305175781,82.18000030517578,82.18000030517578,5049
"JBSS","John B. Sanfilippo & Son, Inc. - Common Stock","2021-02-02 12:30:00-05:00",82.4000015258789,82.67500305175781,82.23999786376953,82.67500305175781,82.67500305175781,3090
"JBSS","John B. Sanfilippo & Son, Inc. - Common Stock","2021-02-02 13:30:00-05:00",82.69000244140625,84.13400268554688,82.58499908447266,83.74500274658203,83.74500274658203,14604
"JBSS","John B. Sanfilippo & Son, Inc. - Common Stock","2021-02-02 14:30:00-05:00",83.8550033569336,84.04000091552734,83.36000061035156,83.7300033569336,83.7300033569336,7054
"JBSS","John B. Sanfilippo & Son, Inc. - Common Stock","2021-02-02 15:30:00-05:00",83.76000213623047,83.94000244140625,83.37999725341797,83.93900299072266,83.93900299072266,13439
"JBSS","John B. Sanfilippo & Son, Inc. - Common Stock","2021-02-02 16:00:00-05:00",83.94,83.94,83.94,83.94,83.94,0
"JBSS","John B. Sanfilippo & Son, Inc. - Common Stock","2021-02-03 07:00:00-05:00",84.24,84.24,84.24,84.24,84.24,0
"JBSS","John B. Sanfilippo & Son, Inc. - Common Stock","2021-02-03 08:00:00-05:00",84.0,84.0,84.0,84.0,84.0,0
"JBSS","John B. Sanfilippo & Son, Inc. - Common Stock","2021-02-03 09:00:00-05:00",84.15,84.15,83.94,83.94,83.94,0
"JBSS","John B. Sanfilippo & Son, Inc. - Common Stock","2021-02-03 09:30:00-05:00",84.1500015258789,84.1500015258789,82.51499938964844,82.92150115966797,82.92150115966797,14892
"JBSS","John B. Sanfilippo & Son, Inc. - Common Stock","2021-02-03 10:30:00-05:00",82.7300033569336,83.0,82.7300033569336,82.91000366210938,82.91000366210938,5109
"JBSS","John B. Sanfilippo & Son, Inc. - Common Stock","2021-02-03 11:30:00-05:00",83.04000091552734,83.06999969482422,82.89009857177734,82.98999786376953,82.98999786376953,4044
"JBSS","John B. Sanfilippo & Son, Inc. - Common Stock","2021-02-03 12:30:00-05:00",83.05000305175781,83.30999755859375,83.05000305175781,83.30000305175781,83.30000305175781,3334
"JBSS","John B. Sanfilippo & Son, Inc. - Common Stock","2021-02-03 13:30:00-05:00",83.26000213623047,83.83000183105469,83.26000213623047,83.83000183105469,83.83000183105469,5449
"JBSS","John B. Sanfilippo & Son, Inc. - Common Stock","2021-02-03 14:30:00-05:00",83.58999633789062,83.7699966430664,83.26000213623047,83.26000213623047,83.26000213623047,3219
"JBSS","John B. Sanfilippo & Son, Inc. - Common Stock","2021-02-03 15:30:00-05:00",83.18000030517578,83.5,83.16999816894531,83.30999755859375,83.30999755859375,9496
"JBSS","John B. Sanfilippo & Son, Inc. - Common Stock","2021-02-03 16:00:00-05:00",83.47,83.47,83.47,83.47,83.47,0
"JBSS","John B. Sanfilippo & Son, Inc. - Common Stock","2021-02-04 09:00:00-05:00",83.47,84.53,83.47,84.4,84.4,0
"JBSS","John B. Sanfilippo & Son, Inc. - Common Stock","2021-02-04 09:30:00-05:00",83.79000091552734,85.32520294189453,83.6500015258789,83.6500015258789,83.6500015258789,18523
"JBSS","John B. Sanfilippo & Son, Inc. - Common Stock","2021-02-04 10:30:00-05:00",84.27279663085938,85.2300033569336,84.27279663085938,85.12999725341797,85.12999725341797,9518
"JBSS","John B. Sanfilippo & Son, Inc. - Common Stock","2021-02-04 11:30:00-05:00",85.19999694824219,85.7300033569336,84.93000030517578,85.47899627685547,85.47899627685547,8582
"JBSS","John B. Sanfilippo & Son, Inc. - Common Stock","2021-02-04 12:30:00-05:00",85.51000213623047,85.9000015258789,85.23999786376953,85.9000015258789,85.9000015258789,9473
"JBSS","John B. Sanfilippo & Son, Inc. - Common Stock","2021-02-04 13:30:00-05:00",85.91999816894531,86.08000183105469,85.66999816894531,85.94999694824219,85.94999694824219,5619
"JBSS","John B. Sanfilippo & Son, Inc. - Common Stock","2021-02-04 14:30:00-05:00",85.81500244140625,85.98500061035156,85.52999877929688,85.81999969482422,85.81999969482422,16186
"JBSS","John B. Sanfilippo & Son, Inc. - Common Stock","2021-02-04 15:30:00-05:00",86.12999725341797,86.2300033569336,85.76000213623047,85.81999969482422,85.81999969482422,15546
"JBSS","John B. Sanfilippo & Son, Inc. - Common Stock","2021-02-04 16:00:00-05:00",85.82,86.0,85.82,86.0,86.0,0
"JBSS","John B. Sanfilippo & Son, Inc. - Common Stock","2021-02-05 08:00:00-05:00",86.3,87.5,86.0,86.0,86.0,0
"JBSS","John B. Sanfilippo & Son, Inc. - Common Stock","2021-02-05 09:00:00-05:00",87.5,87.65,86.52,86.52,86.52,0
"JBSS","John B. Sanfilippo & Son, Inc. - Common Stock","2021-02-05 09:30:00-05:00",86.66000366210938,86.73999786376953,84.93000030517578,85.31999969482422,85.31999969482422,11481
"JBSS","John B. Sanfilippo & Son, Inc. - Common Stock","2021-02-05 10:30:00-05:00",85.47000122070312,86.0199966430664,85.47000122070312,85.75659942626953,85.75659942626953,7213
"JBSS","John B. Sanfilippo & Son, Inc. - Common Stock","2021-02-05 11:30:00-05:00",85.76000213623047,86.05000305175781,85.33999633789062,85.80000305175781,85.80000305175781,4417
"JBSS","John B. Sanfilippo & Son, Inc. - Common Stock","2021-02-05 12:30:00-05:00",85.80000305175781,85.97000122070312,85.69000244140625,85.73999786376953,85.73999786376953,2493
"JBSS","John B. Sanfilippo & Son, Inc. - Common Stock","2021-02-05 13:30:00-05:00",85.63999938964844,86.4800033569336,85.48999786376953,86.12000274658203,86.12000274658203,6765
"JBSS","John B. Sanfilippo & Son, Inc. - Common Stock","2021-02-05 14:30:00-05:00",86.26000213623047,86.51000213623047,86.19999694824219,86.51000213623047,86.51000213623047,4272
"JBSS","John B. Sanfilippo & Son, Inc. - Common Stock","2021-02-05 15:30:00-05:00",86.68000030517578,86.87000274658203,86.30000305175781,86.8550033569336,86.8550033569336,14258
"JBSS","John B. Sanfilippo & Son, Inc. - Common Stock","2021-02-05 16:00:00-05:00",86.87,86.88,86.75,86.75,86.75,0
"JBSS","John B. Sanfilippo & Son, Inc. - Common Stock","2021-02-05 17:00:00-05:00",86.98,86.98,86.98,86.98,86.98,0
"JBSS","John B. Sanfilippo & Son, Inc. - Common Stock","2021-02-08 08:00:00-05:00",86.5,86.5,86.5,86.5,86.5,0
"JBSS","John B. Sanfilippo & Son, Inc. - Common Stock","2021-02-08 09:30:00-05:00",86.88999938964844,87.98989868164062,86.88999938964844,87.91999816894531,87.91999816894531,12600
"JBSS","John B. Sanfilippo & Son, Inc. - Common Stock","2021-02-08 10:30:00-05:00",87.76000213623047,88.0,87.66000366210938,87.91000366210938,87.91000366210938,10338
"JBSS","John B. Sanfilippo & Son, Inc. - Common Stock","2021-02-08 11:30:00-05:00",88.0199966430664,88.58999633789062,87.8550033569336,88.43499755859375,88.43499755859375,7788
"JBSS","John B. Sanfilippo & Son, Inc. - Common Stock","2021-02-08 12:30:00-05:00",88.43000030517578,89.29000091552734,88.37000274658203,89.0250015258789,89.0250015258789,9667
"JBSS","John B. Sanfilippo & Son, Inc. - Common Stock","2021-02-08 13:30:00-05:00",88.69999694824219,89.18000030517578,88.54000091552734,88.54000091552734,88.54000091552734,4973
"JBSS","John B. Sanfilippo & Son, Inc. - Common Stock","2021-02-08 14:30:00-05:00",88.75,88.76000213623047,87.94000244140625,88.05000305175781,88.05000305175781,7281
"JBSS","John B. Sanfilippo & Son, Inc. - Common Stock","2021-02-08 15:30:00-05:00",88.12999725341797,88.76000213623047,87.95999908447266,88.76000213623047,88.76000213623047,15650
"JBSS","John B. Sanfilippo & Son, Inc. - Common Stock","2021-02-08 16:00:00-05:00",88.75,88.75,88.75,88.75,88.75,8330
"JBSS","John B. Sanfilippo & Son, Inc. - Common Stock","2021-02-08 17:00:00-05:00",88.75,88.75,88.75,88.75,88.75,0
"JBSS","John B. Sanfilippo & Son, Inc. - Common Stock","2021-02-09 09:30:00-05:00",88.91000366210938,89.37629699707031,88.79869842529297,88.91000366210938,88.91000366210938,3682
"JBSS","John B. Sanfilippo & Son, Inc. - Common Stock","2021-02-09 10:30:00-05:00",89.20999908447266,89.58999633789062,88.9000015258789,89.52999877929688,89.52999877929688,5329
"JBSS","John B. Sanfilippo & Son, Inc. - Common Stock","2021-02-09 11:30:00-05:00",89.31999969482422,89.90799713134766,89.26000213623047,89.90799713134766,89.90799713134766,3160
"JBSS","John B. Sanfilippo & Son, Inc. - Common Stock","2021-02-09 12:30:00-05:00",89.91999816894531,90.2699966430664,89.91999816894531,90.2300033569336,90.2300033569336,6246
"JBSS","John B. Sanfilippo & Son, Inc. - Common Stock","2021-02-09 13:30:00-05:00",90.20999908447266,90.70999908447266,90.1999969482422,90.51000213623048,90.51000213623048,5063
"JBSS","John B. Sanfilippo & Son, Inc. - Common Stock","2021-02-09 14:30:00-05:00",90.6500015258789,90.76000213623048,89.12010192871094,89.7300033569336,89.7300033569336,10672
"JBSS","John B. Sanfilippo & Son, Inc. - Common Stock","2021-02-09 15:30:00-05:00",89.91999816894531,90.12999725341795,89.625,89.83999633789062,89.83999633789062,14233
"JBSS","John B. Sanfilippo & Son, Inc. - Common Stock","2021-02-09 16:00:00-05:00",89.83,89.83,89.83,89.83,89.83,0
"JBSS","John B. Sanfilippo & Son, Inc. - Common Stock","2021-02-10 08:00:00-05:00",89.83,89.83,89.83,89.83,89.83,0
"JBSS","John B. Sanfilippo & Son, Inc. - Common Stock","2021-02-10 09:00:00-05:00",89.76,90.0,89.76,90.0,90.0,0
"JBSS","John B. Sanfilippo & Son, Inc. - Common Stock","2021-02-10 09:30:00-05:00",90.08000183105467,90.8499984741211,90.08000183105467,90.5,90.5,5027
"JBSS","John B. Sanfilippo & Son, Inc. - Common Stock","2021-02-10 10:30:00-05:00",90.70999908447266,90.70999908447266,90.31500244140624,90.31500244140624,90.31500244140624,1231
"JBSS","John B. Sanfilippo & Son, Inc. - Common Stock","2021-02-10 11:30:00-05:00",90.20999908447266,90.29000091552734,89.16000366210938,89.43499755859375,89.43499755859375,4686
"JBSS","John B. Sanfilippo & Son, Inc. - Common Stock","2021-02-10 12:30:00-05:00",89.73999786376953,90.27999877929688,89.73999786376953,89.80999755859375,89.80999755859375,3482
"JBSS","John B. Sanfilippo & Son, Inc. - Common Stock","2021-02-10 13:30:00-05:00",89.7750015258789,90.25,89.41000366210938,89.74569702148438,89.74569702148438,6039
"JBSS","John B. Sanfilippo & Son, Inc. - Common Stock","2021-02-10 14:30:00-05:00",90.27999877929688,90.6999969482422,89.98999786376953,90.30999755859376,90.30999755859376,4248
"JBSS","John B. Sanfilippo & Son, Inc. - Common Stock","2021-02-10 15:30:00-05:00",90.29499816894533,91.16000366210938,90.27999877929688,91.16000366210938,91.16000366210938,20649
"JBSS","John B. Sanfilippo & Son, Inc. - Common Stock","2021-02-10 16:00:00-05:00",91.13,91.13,91.13,91.13,91.13,10744
"JBSS","John B. Sanfilippo & Son, Inc. - Common Stock","2021-02-10 17:00:00-05:00",89.83,89.83,89.83,89.83,89.83,0
"JBSS","John B. Sanfilippo & Son, Inc. - Common Stock","2021-02-11 08:00:00-05:00",91.21,91.21,91.21,91.21,91.21,0
"JBSS","John B. Sanfilippo & Son, Inc. - Common Stock","2021-02-11 09:00:00-05:00",91.13,91.21,91.13,91.21,91.21,0
"JBSS","John B. Sanfilippo & Son, Inc. - Common Stock","2021-02-11 09:30:00-05:00",90.91000366210938,92.0,90.6999969482422,91.25,91.25,7533
"JBSS","John B. Sanfilippo & Son, Inc. - Common Stock","2021-02-11 10:30:00-05:00",91.41999816894533,91.87999725341795,91.41999816894533,91.8499984741211,91.8499984741211,5452
"JBSS","John B. Sanfilippo & Son, Inc. - Common Stock","2021-02-11 11:30:00-05:00",91.8499984741211,91.9000015258789,91.16999816894533,91.16999816894533,91.16999816894533,5475
"JBSS","John B. Sanfilippo & Son, Inc. - Common Stock","2021-02-11 12:30:00-05:00",91.2300033569336,91.7699966430664,91.12999725341795,91.7699966430664,91.7699966430664,6096
"JBSS","John B. Sanfilippo & Son, Inc. - Common Stock","2021-02-11 13:30:00-05:00",91.75,91.75499725341795,91.37000274658205,91.69000244140624,91.69000244140624,4554
"JBSS","John B. Sanfilippo & Son, Inc. - Common Stock","2021-02-11 14:30:00-05:00",91.63999938964844,92.4499969482422,91.63999938964844,92.2699966430664,92.2699966430664,9319
"JBSS","John B. Sanfilippo & Son, Inc. - Common Stock","2021-02-11 15:30:00-05:00",92.33999633789062,93.4000015258789,92.26000213623048,93.1500015258789,93.1500015258789,26896
"JBSS","John B. Sanfilippo & Son, Inc. - Common Stock","2021-02-11 16:00:00-05:00",93.37,93.37,93.37,93.37,93.37,0
"JBSS","John B. Sanfilippo & Son, Inc. - Common Stock","2021-02-12 09:00:00-05:00",93.37,93.37,93.37,93.37,93.37,0
"JBSS","John B. Sanfilippo & Son, Inc. - Common Stock","2021-02-12 09:30:00-05:00",93.45999908447266,93.45999908447266,91.87999725341795,92.19000244140624,92.19000244140624,4078
"JBSS","John B. Sanfilippo & Son, Inc. - Common Stock","2021-02-12 10:30:00-05:00",92.04000091552734,92.13009643554688,91.66999816894533,91.68000030517578,91.68000030517578,3383
"JBSS","John B. Sanfilippo & Son, Inc. - Common Stock","2021-02-12 11:30:00-05:00",91.7166976928711,91.7166976928711,90.8499984741211,91.23999786376952,91.23999786376952,4496
"JBSS","John B. Sanfilippo & Son, Inc. - Common Stock","2021-02-12 12:30:00-05:00",91.28990173339844,91.28990173339844,90.38999938964844,90.38999938964844,90.38999938964844,3262
"JBSS","John B. Sanfilippo & Son, Inc. - Common Stock","2021-02-12 13:30:00-05:00",90.30999755859376,90.5999984741211,90.16999816894533,90.56999969482422,90.56999969482422,2322
"JBSS","John B. Sanfilippo & Son, Inc. - Common Stock","2021-02-12 14:30:00-05:00",90.43000030517578,91.29000091552734,90.43000030517578,91.16000366210938,91.16000366210938,4683
"JBSS","John B. Sanfilippo & Son, Inc. - Common Stock","2021-02-12 15:30:00-05:00",91.16000366210938,91.2300033569336,90.63500213623048,90.8000030517578,90.8000030517578,10818
"JBSS","John B. Sanfilippo & Son, Inc. - Common Stock","2021-02-12 16:00:00-05:00",90.97,93.0,90.97,93.0,93.0,0
"JBSS","John B. Sanfilippo & Son, Inc. - Common Stock","2021-02-16 08:00:00-05:00",90.98,90.98,90.97,90.97,90.97,0
"JBSS","John B. Sanfilippo & Son, Inc. - Common Stock","2021-02-16 09:00:00-05:00",90.97,93.51,90.97,92.9,92.9,0
"JBSS","John B. Sanfilippo & Son, Inc. - Common Stock","2021-02-16 09:30:00-05:00",91.48999786376952,93.0,90.5,91.02999877929688,91.02999877929688,8420
"JBSS","John B. Sanfilippo & Son, Inc. - Common Stock","2021-02-16 10:30:00-05:00",91.51499938964844,91.51499938964844,90.0,90.04499816894531,90.04499816894531,3692
"JBSS","John B. Sanfilippo & Son, Inc. - Common Stock","2021-02-16 11:30:00-05:00",90.0,90.31999969482422,90.0,90.13999938964844,90.13999938964844,3757
"JBSS","John B. Sanfilippo & Son, Inc. - Common Stock","2021-02-16 12:30:00-05:00",90.04499816894531,90.04499816894531,89.4800033569336,89.83999633789062,89.83999633789062,4097
"JBSS","John B. Sanfilippo & Son, Inc. - Common Stock","2021-02-16 13:30:00-05:00",90.05999755859375,90.2699966430664,89.94000244140625,90.0999984741211,90.0999984741211,5218
"JBSS","John B. Sanfilippo & Son, Inc. - Common Stock","2021-02-16 14:30:00-05:00",90.02999877929688,90.1449966430664,89.80999755859375,90.04499816894531,90.04499816894531,2364
"JBSS","John B. Sanfilippo & Son, Inc. - Common Stock","2021-02-16 15:30:00-05:00",90.11499786376952,90.48999786376952,89.88999938964844,90.33999633789062,90.33999633789062,10941
"JBSS","John B. Sanfilippo & Son, Inc. - Common Stock","2021-02-16 16:00:00-05:00",90.43,90.43,90.43,90.43,90.43,0
"JBSS","John B. Sanfilippo & Son, Inc. - Common Stock","2021-02-17 08:00:00-05:00",90.43,90.43,90.43,90.43,90.43,0
"JBSS","John B. Sanfilippo & Son, Inc. - Common Stock","2021-02-17 09:30:00-05:00",90.18000030517578,91.0,90.01000213623047,90.7300033569336,90.7300033569336,6126
"JBSS","John B. Sanfilippo & Son, Inc. - Common Stock","2021-02-17 10:30:00-05:00",90.55999755859376,90.98999786376952,90.55999755859376,90.98999786376952,90.98999786376952,5215
"JBSS","John B. Sanfilippo & Son, Inc. - Common Stock","2021-02-17 11:30:00-05:00",91.5500030517578,91.5500030517578,91.11000061035156,91.29499816894533,91.29499816894533,2062
"JBSS","John B. Sanfilippo & Son, Inc. - Common Stock","2021-02-17 12:30:00-05:00",91.3000030517578,91.3000030517578,91.0500030517578,91.0500030517578,91.0500030517578,1643
"JBSS","John B. Sanfilippo & Son, Inc. - Common Stock","2021-02-17 13:30:00-05:00",91.02999877929688,91.56990051269533,90.95999908447266,91.36000061035156,91.36000061035156,5542
"JBSS","John B. Sanfilippo & Son, Inc. - Common Stock","2021-02-17 14:30:00-05:00",91.5250015258789,91.5250015258789,91.08000183105467,91.08000183105467,91.08000183105467,2858
"JBSS","John B. Sanfilippo & Son, Inc. - Common Stock","2021-02-17 15:30:00-05:00",91.20999908447266,91.3499984741211,90.79499816894533,90.83999633789062,90.83999633789062,13972
"JBSS","John B. Sanfilippo & Son, Inc. - Common Stock","2021-02-17 16:00:00-05:00",90.97,90.97,90.97,90.97,90.97,0
"JBSS","John B. Sanfilippo & Son, Inc. - Common Stock","2021-02-18 08:00:00-05:00",90.97,90.97,90.97,90.97,90.97,0
"JBSS","John B. Sanfilippo & Son, Inc. - Common Stock","2021-02-18 09:30:00-05:00",91.08999633789062,91.87000274658205,91.08999633789062,91.87000274658205,91.87000274658205,2907
"JBSS","John B. Sanfilippo & Son, Inc. - Common Stock","2021-02-18 10:30:00-05:00",91.91000366210938,92.31719970703124,91.5199966430664,92.16000366210938,92.16000366210938,3200
"JBSS","John B. Sanfilippo & Son, Inc. - Common Stock","2021-02-18 11:30:00-05:00",91.9800033569336,92.1999969482422,91.61000061035156,92.0999984741211,92.0999984741211,2686
"JBSS","John B. Sanfilippo & Son, Inc. - Common Stock","2021-02-18 12:30:00-05:00",92.13800048828124,92.31999969482422,92.05999755859376,92.06999969482422,92.06999969482422,2627
"JBSS","John B. Sanfilippo & Son, Inc. - Common Stock","2021-02-18 13:30:00-05:00",91.93000030517578,92.11499786376952,91.81500244140624,92.11499786376952,92.11499786376952,1796
"JBSS","John B. Sanfilippo & Son, Inc. - Common Stock","2021-02-18 14:30:00-05:00",92.13999938964844,92.3499984741211,92.08999633789062,92.18000030517578,92.18000030517578,7644
"JBSS","John B. Sanfilippo & Son, Inc. - Common Stock","2021-02-18 15:30:00-05:00",92.1999969482422,92.4000015258789,91.38999938964844,91.58999633789062,91.58999633789062,12562
"JBSS","John B. Sanfilippo & Son, Inc. - Common Stock","2021-02-18 16:00:00-05:00",91.76,91.76,91.76,91.76,91.76,10552
"JBSS","John B. Sanfilippo & Son, Inc. - Common Stock","2021-02-19 09:30:00-05:00",91.80999755859376,92.06999969482422,91.22000122070312,91.22000122070312,91.22000122070312,0
"JBSS","John B. Sanfilippo & Son, Inc. - Common Stock","2021-02-19 10:30:00-05:00",90.83000183105467,91.4499969482422,90.83000183105467,90.83000183105467,90.83000183105467,3591
"JBSS","John B. Sanfilippo & Son, Inc. - Common Stock","2021-02-19 11:30:00-05:00",91.01000213623048,91.08999633789062,90.6999969482422,90.6999969482422,90.6999969482422,2662
"JBSS","John B. Sanfilippo & Son, Inc. - Common Stock","2021-02-19 12:30:00-05:00",90.98999786376952,91.08000183105467,90.9000015258789,91.08000183105467,91.08000183105467,2220
"JBSS","John B. Sanfilippo & Son, Inc. - Common Stock","2021-02-19 13:30:00-05:00",90.66000366210938,90.87000274658205,90.43000030517578,90.87000274658205,90.87000274658205,3940
"JBSS","John B. Sanfilippo & Son, Inc. - Common Stock","2021-02-19 14:30:00-05:00",90.81999969482422,90.81999969482422,90.11499786376952,90.11499786376952,90.11499786376952,6498
"JBSS","John B. Sanfilippo & Son, Inc. - Common Stock","2021-02-19 15:30:00-05:00",90.0199966430664,90.33000183105467,89.5199966430664,89.9800033569336,89.9800033569336,13732
"JBSS","John B. Sanfilippo & Son, Inc. - Common Stock","2021-02-19 16:00:00-05:00",90.08,90.08,90.08,90.08,90.08,0
"JBSS","John B. Sanfilippo & Son, Inc. - Common Stock","2021-02-22 07:00:00-05:00",90.08,90.08,90.04,90.04,90.04,0
"JBSS","John B. Sanfilippo & Son, Inc. - Common Stock","2021-02-22 09:30:00-05:00",90.52999877929688,91.22840118408205,89.41000366210938,89.41000366210938,89.41000366210938,8350
"JBSS","John B. Sanfilippo & Son, Inc. - Common Stock","2021-02-22 10:30:00-05:00",89.15499877929688,89.83999633789062,88.91999816894531,89.56500244140625,89.56500244140625,6614
"JBSS","John B. Sanfilippo & Son, Inc. - Common Stock","2021-02-22 11:30:00-05:00",89.56500244140625,90.1500015258789,89.4800033569336,90.1500015258789,90.1500015258789,5789
"JBSS","John B. Sanfilippo & Son, Inc. - Common Stock","2021-02-22 12:30:00-05:00",90.54000091552734,90.75,90.43000030517578,90.43000030517578,90.43000030517578,2232
"JBSS","John B. Sanfilippo & Son, Inc. - Common Stock","2021-02-22 13:30:00-05:00",90.5749969482422,90.69000244140624,90.5749969482422,90.69000244140624,90.69000244140624,847
"JBSS","John B. Sanfilippo & Son, Inc. - Common Stock","2021-02-22 14:30:00-05:00",90.6999969482422,91.19499969482422,90.58999633789062,91.17440032958984,91.17440032958984,2825
"JBSS","John B. Sanfilippo & Son, Inc. - Common Stock","2021-02-22 15:30:00-05:00",91.33000183105467,92.12000274658205,91.33000183105467,92.06999969482422,92.06999969482422,14882
"JBSS","John B. Sanfilippo & Son, Inc. - Common Stock","2021-02-22 16:00:00-05:00",92.13,92.13,92.13,92.13,92.13,0
"JBSS","John B. Sanfilippo & Son, Inc. - Common Stock","2021-02-23 05:00:00-05:00",91.98,91.98,91.98,91.98,91.98,0
"JBSS","John B. Sanfilippo & Son, Inc. - Common Stock","2021-02-23 08:00:00-05:00",92.13,92.13,92.13,92.13,92.13,0
"JBSS","John B. Sanfilippo & Son, Inc. - Common Stock","2021-02-23 09:30:00-05:00",91.9499969482422,93.4499969482422,91.2699966430664,91.2699966430664,91.2699966430664,10059
"JBSS","John B. Sanfilippo & Son, Inc. - Common Stock","2021-02-23 10:30:00-05:00",91.2699966430664,91.2699966430664,90.20999908447266,90.20999908447266,90.20999908447266,8327
"JBSS","John B. Sanfilippo & Son, Inc. - Common Stock","2021-02-23 11:30:00-05:00",90.55999755859376,91.0,90.44000244140624,90.58999633789062,90.58999633789062,4598
"JBSS","John B. Sanfilippo & Son, Inc. - Common Stock","2021-02-23 12:30:00-05:00",90.47000122070312,91.0,90.4499969482422,90.6500015258789,90.6500015258789,7478
"JBSS","John B. Sanfilippo & Son, Inc. - Common Stock","2021-02-23 13:30:00-05:00",90.625,90.625,90.20999908447266,90.43000030517578,90.43000030517578,7876
"JBSS","John B. Sanfilippo & Son, Inc. - Common Stock","2021-02-23 14:30:00-05:00",90.56999969482422,91.1999969482422,90.56999969482422,91.1999969482422,91.1999969482422,4405
"JBSS","John B. Sanfilippo & Son, Inc. - Common Stock","2021-02-23 15:30:00-05:00",91.08000183105467,91.08000183105467,90.01000213623047,90.83999633789062,90.83999633789062,12394
"JBSS","John B. Sanfilippo & Son, Inc. - Common Stock","2021-02-23 16:00:00-05:00",90.7,90.7,90.7,90.7,90.7,0
"JBSS","John B. Sanfilippo & Son, Inc. - Common Stock","2021-02-23 17:00:00-05:00",90.7,90.7,90.7,90.7,90.7,0
"JBSS","John B. Sanfilippo & Son, Inc. - Common Stock","2021-02-24 08:00:00-05:00",90.7,90.7,90.7,90.7,90.7,0
"JBSS","John B. Sanfilippo & Son, Inc. - Common Stock","2021-02-24 09:30:00-05:00",91.09500122070312,91.09500122070312,90.5199966430664,90.87999725341795,90.87999725341795,6053
"JBSS","John B. Sanfilippo & Son, Inc. - Common Stock","2021-02-24 10:30:00-05:00",90.45999908447266,90.91000366210938,90.45999908447266,90.91000366210938,90.91000366210938,2709
"JBSS","John B. Sanfilippo & Son, Inc. - Common Stock","2021-02-24 11:30:00-05:00",91.33000183105467,91.33000183105467,90.6500015258789,91.14520263671876,91.14520263671876,4317
"JBSS","John B. Sanfilippo & Son, Inc. - Common Stock","2021-02-24 12:30:00-05:00",91.0199966430664,91.4800033569336,91.0,91.26000213623048,91.26000213623048,2815
"JBSS","John B. Sanfilippo & Son, Inc. - Common Stock","2021-02-24 13:30:00-05:00",91.21330261230467,91.68689727783205,91.06999969482422,91.37999725341795,91.37999725341795,4952
"JBSS","John B. Sanfilippo & Son, Inc. - Common Stock","2021-02-24 14:30:00-05:00",91.30999755859376,92.25,91.20999908447266,92.25,92.25,7359
"JBSS","John B. Sanfilippo & Son, Inc. - Common Stock","2021-02-24 15:30:00-05:00",92.125,92.18000030517578,91.6999969482422,91.77999877929688,91.77999877929688,22809
"JBSS","John B. Sanfilippo & Son, Inc. - Common Stock","2021-02-24 16:00:00-05:00",92.14,92.2,90.21,92.2,92.2,0
"JBSS","John B. Sanfilippo & Son, Inc. - Common Stock","2021-02-24 18:00:00-05:00",92.2,92.2,92.2,92.2,92.2,0
"JBSS","John B. Sanfilippo & Son, Inc. - Common Stock","2021-02-25 07:00:00-05:00",87.5,90.54,87.5,87.5,87.5,0
"JBSS","John B. Sanfilippo & Son, Inc. - Common Stock","2021-02-25 08:00:00-05:00",94.47,94.47,90.2,90.2,90.2,0
"JBSS","John B. Sanfilippo & Son, Inc. - Common Stock","2021-02-25 09:00:00-05:00",90.0,90.0,89.0001,89.0001,89.0001,0
"JBSS","John B. Sanfilippo & Son, Inc. - Common Stock","2021-02-25 09:30:00-05:00",88.94000244140625,90.2300033569336,88.05999755859375,90.0,90.0,12006
"JBSS","John B. Sanfilippo & Son, Inc. - Common Stock","2021-02-25 10:30:00-05:00",90.2300033569336,90.2300033569336,88.73999786376953,88.80000305175781,88.80000305175781,13608
"JBSS","John B. Sanfilippo & Son, Inc. - Common Stock","2021-02-25 11:30:00-05:00",88.83000183105469,89.30999755859375,88.14550018310547,88.67350006103516,88.67350006103516,6825
"JBSS","John B. Sanfilippo & Son, Inc. - Common Stock","2021-02-25 12:30:00-05:00",88.28679656982422,89.12999725341797,88.16000366210938,89.0999984741211,89.0999984741211,4650
"JBSS","John B. Sanfilippo & Son, Inc. - Common Stock","2021-02-25 13:30:00-05:00",89.18000030517578,89.18000030517578,88.30999755859375,88.58999633789062,88.58999633789062,3039
"JBSS","John B. Sanfilippo & Son, Inc. - Common Stock","2021-02-25 14:30:00-05:00",88.94000244140625,88.94000244140625,87.83000183105469,88.12000274658203,88.12000274658203,6715
"JBSS","John B. Sanfilippo & Son, Inc. - Common Stock","2021-02-25 15:30:00-05:00",88.08499908447266,88.08499908447266,87.31999969482422,87.75,87.75,16283
"JBSS","John B. Sanfilippo & Son, Inc. - Common Stock","2021-02-25 16:00:00-05:00",87.44,87.441,87.05,87.05,87.05,0
"JBSS","John B. Sanfilippo & Son, Inc. - Common Stock","2021-02-26 09:00:00-05:00",87.44,87.44,87.44,87.44,87.44,0
"JBSS","John B. Sanfilippo & Son, Inc. - Common Stock","2021-02-26 09:30:00-05:00",88.19999694824219,88.19999694824219,87.1500015258789,87.30999755859375,87.30999755859375,7227
"JBSS","John B. Sanfilippo & Son, Inc. - Common Stock","2021-02-26 10:30:00-05:00",87.0999984741211,87.3499984741211,86.5999984741211,86.87000274658203,86.87000274658203,3223
"JBSS","John B. Sanfilippo & Son, Inc. - Common Stock","2021-02-26 11:30:00-05:00",86.51000213623047,87.3563003540039,86.51000213623047,87.3563003540039,87.3563003540039,1981
"JBSS","John B. Sanfilippo & Son, Inc. - Common Stock","2021-02-26 12:30:00-05:00",87.08999633789062,87.66000366210938,87.08999633789062,87.30999755859375,87.30999755859375,3233
"JBSS","John B. Sanfilippo & Son, Inc. - Common Stock","2021-02-26 13:30:00-05:00",87.61000061035156,87.61000061035156,86.4800033569336,86.97010040283203,86.97010040283203,4579
"JBSS","John B. Sanfilippo & Son, Inc. - Common Stock","2021-02-26 14:30:00-05:00",86.83999633789062,87.4800033569336,86.83999633789062,87.12999725341797,87.12999725341797,4391
"JBSS","John B. Sanfilippo & Son, Inc. - Common Stock","2021-02-26 15:30:00-05:00",86.83999633789062,87.5999984741211,86.5,86.66999816894531,86.66999816894531,12142
"JBSS","John B. Sanfilippo & Son, Inc. - Common Stock","2021-02-26 16:00:00-05:00",86.67,86.67,86.46,86.46,86.46,0
"JBSS","John B. Sanfilippo & Son, Inc. - Common Stock","2021-03-01 08:00:00-05:00",86.46,86.46,86.46,86.46,86.46,0
"JBSS","John B. Sanfilippo & Son, Inc. - Common Stock","2021-03-01 09:30:00-05:00",86.54000091552734,88.0,86.54000091552734,87.13760375976562,87.13760375976562,4539
"JBSS","John B. Sanfilippo & Son, Inc. - Common Stock","2021-03-01 10:30:00-05:00",87.1500015258789,87.44000244140625,87.0,87.44000244140625,87.44000244140625,4254
"JBSS","John B. Sanfilippo & Son, Inc. - Common Stock","2021-03-01 11:30:00-05:00",87.97000122070312,88.55000305175781,87.83000183105469,88.06999969482422,88.06999969482422,8213
"JBSS","John B. Sanfilippo & Son, Inc. - Common Stock","2021-03-01 12:30:00-05:00",88.2699966430664,88.48999786376953,88.09809875488281,88.43000030517578,88.43000030517578,3775
"JBSS","John B. Sanfilippo & Son, Inc. - Common Stock","2021-03-01 13:30:00-05:00",88.43000030517578,88.69000244140625,88.30999755859375,88.69000244140625,88.69000244140625,1875
"JBSS","John B. Sanfilippo & Son, Inc. - Common Stock","2021-03-01 14:30:00-05:00",88.54519653320312,89.08000183105469,88.15499877929688,88.15499877929688,88.15499877929688,4749
"JBSS","John B. Sanfilippo & Son, Inc. - Common Stock","2021-03-01 15:30:00-05:00",88.1500015258789,88.4800033569336,87.62000274658203,88.47000122070312,88.47000122070312,8910
"JBSS","John B. Sanfilippo & Son, Inc. - Common Stock","2021-03-01 16:00:00-05:00",88.34,88.59,88.34,88.59,88.59,0
"JBSS","John B. Sanfilippo & Son, Inc. - Common Stock","2021-03-02 08:00:00-05:00",88.34,88.34,88.34,88.34,88.34,0
"JBSS","John B. Sanfilippo & Son, Inc. - Common Stock","2021-03-02 09:30:00-05:00",88.2699966430664,88.2699966430664,87.02999877929688,87.19999694824219,87.19999694824219,3602
"JBSS","John B. Sanfilippo & Son, Inc. - Common Stock","2021-03-02 10:30:00-05:00",87.0999984741211,87.2300033569336,86.66999816894531,86.77999877929688,86.77999877929688,4073
"JBSS","John B. Sanfilippo & Son, Inc. - Common Stock","2021-03-02 11:30:00-05:00",87.08000183105469,87.5,87.08000183105469,87.19999694824219,87.19999694824219,2174
"JBSS","John B. Sanfilippo & Son, Inc. - Common Stock","2021-03-02 12:30:00-05:00",87.20999908447266,87.63999938964844,87.16000366210938,87.63999938964844,87.63999938964844,1848
"JBSS","John B. Sanfilippo & Son, Inc. - Common Stock","2021-03-02 13:30:00-05:00",87.58499908447266,87.75,87.3499984741211,87.4800033569336,87.4800033569336,2891
"JBSS","John B. Sanfilippo & Son, Inc. - Common Stock","2021-03-02 14:30:00-05:00",87.5,87.6500015258789,87.19999694824219,87.30000305175781,87.30000305175781,4605
"JBSS","John B. Sanfilippo & Son, Inc. - Common Stock","2021-03-02 15:30:00-05:00",87.28500366210938,87.28500366210938,86.41000366210938,86.41000366210938,86.41000366210938,16670
"JBSS","John B. Sanfilippo & Son, Inc. - Common Stock","2021-03-02 16:00:00-05:00",86.59,86.59,86.59,86.59,86.59,8726
"JBSS","John B. Sanfilippo & Son, Inc. - Common Stock","2021-03-03 08:00:00-05:00",86.59,86.59,86.59,86.59,86.59,0
"JBSS","John B. Sanfilippo & Son, Inc. - Common Stock","2021-03-03 09:30:00-05:00",86.63999938964844,87.0199966430664,86.05500030517578,86.87000274658203,86.87000274658203,2552
"JBSS","John B. Sanfilippo & Son, Inc. - Common Stock","2021-03-03 10:30:00-05:00",86.63999938964844,87.97000122070312,86.63999938964844,87.80000305175781,87.80000305175781,4871
"JBSS","John B. Sanfilippo & Son, Inc. - Common Stock","2021-03-03 11:30:00-05:00",87.7300033569336,87.98999786376953,87.37999725341797,87.98999786376953,87.98999786376953,3411
"JBSS","John B. Sanfilippo & Son, Inc. - Common Stock","2021-03-03 12:30:00-05:00",88.0,88.25,87.91999816894531,88.25,88.25,1960
"JBSS","John B. Sanfilippo & Son, Inc. - Common Stock","2021-03-03 13:30:00-05:00",88.47000122070312,88.47000122070312,88.19000244140625,88.31999969482422,88.31999969482422,2655
"JBSS","John B. Sanfilippo & Son, Inc. - Common Stock","2021-03-03 14:30:00-05:00",87.75,88.83000183105469,87.75,88.72000122070312,88.72000122070312,5241
"JBSS","John B. Sanfilippo & Son, Inc. - Common Stock","2021-03-03 15:30:00-05:00",88.93499755859375,88.94000244140625,88.11000061035156,88.11000061035156,88.11000061035156,15535
"JBSS","John B. Sanfilippo & Son, Inc. - Common Stock","2021-03-03 16:00:00-05:00",88.1,88.1,88.1,88.1,88.1,0
"JBSS","John B. Sanfilippo & Son, Inc. - Common Stock","2021-03-04 08:00:00-05:00",88.1,88.1,88.1,88.1,88.1,0
"JBSS","John B. Sanfilippo & Son, Inc. - Common Stock","2021-03-04 09:30:00-05:00",88.36000061035156,89.75,88.36000061035156,89.5999984741211,89.5999984741211,7332
"JBSS","John B. Sanfilippo & Son, Inc. - Common Stock","2021-03-04 10:30:00-05:00",89.7699966430664,90.0,89.37000274658203,89.38999938964844,89.38999938964844,3333
"JBSS","John B. Sanfilippo & Son, Inc. - Common Stock","2021-03-04 11:30:00-05:00",88.5199966430664,89.58999633789062,87.52999877929688,87.52999877929688,87.52999877929688,5002
"JBSS","John B. Sanfilippo & Son, Inc. - Common Stock","2021-03-04 12:30:00-05:00",87.0999984741211,87.77999877929688,87.0999984741211,87.70999908447266,87.70999908447266,6301
"JBSS","John B. Sanfilippo & Son, Inc. - Common Stock","2021-03-04 13:30:00-05:00",87.73999786376953,88.0,87.19000244140625,88.0,88.0,4945
"JBSS","John B. Sanfilippo & Son, Inc. - Common Stock","2021-03-04 14:30:00-05:00",87.80999755859375,88.07420349121094,87.0,87.43000030517578,87.43000030517578,4603
"JBSS","John B. Sanfilippo & Son, Inc. - Common Stock","2021-03-04 15:30:00-05:00",87.94750213623047,87.94750213623047,86.9800033569336,87.69999694824219,87.69999694824219,9667
"JBSS","John B. Sanfilippo & Son, Inc. - Common Stock","2021-03-04 16:00:00-05:00",87.56,87.56,87.56,87.56,87.56,0
"JBSS","John B. Sanfilippo & Son, Inc. - Common Stock","2021-03-05 08:00:00-05:00",87.56,87.56,87.56,87.56,87.56,0
"JBSS","John B. Sanfilippo & Son, Inc. - Common Stock","2021-03-05 09:30:00-05:00",88.4000015258789,88.7291030883789,86.62000274658203,88.19999694824219,88.19999694824219,6849
"JBSS","John B. Sanfilippo & Son, Inc. - Common Stock","2021-03-05 10:30:00-05:00",87.87000274658203,88.87999725341797,87.87000274658203,88.87999725341797,88.87999725341797,3881
"JBSS","John B. Sanfilippo & Son, Inc. - Common Stock","2021-03-05 11:30:00-05:00",89.30000305175781,89.52999877929688,88.44999694824219,88.44999694824219,88.44999694824219,3457
"JBSS","John B. Sanfilippo & Son, Inc. - Common Stock","2021-03-05 12:30:00-05:00",88.30999755859375,88.7750015258789,88.08999633789062,88.4000015258789,88.4000015258789,2607
"JBSS","John B. Sanfilippo & Son, Inc. - Common Stock","2021-03-05 13:30:00-05:00",88.29000091552734,89.08000183105469,88.29000091552734,89.02999877929688,89.02999877929688,2529
"JBSS","John B. Sanfilippo & Son, Inc. - Common Stock","2021-03-05 14:30:00-05:00",89.18000030517578,89.4000015258789,89.0,89.29499816894531,89.29499816894531,2236
"JBSS","John B. Sanfilippo & Son, Inc. - Common Stock","2021-03-05 15:30:00-05:00",89.16000366210938,90.25,89.1500015258789,89.91000366210938,89.91000366210938,16491
"JBSS","John B. Sanfilippo & Son, Inc. - Common Stock","2021-03-05 16:00:00-05:00",89.92,89.92,89.92,89.92,89.92,0
"JBSS","John B. Sanfilippo & Son, Inc. - Common Stock","2021-03-08 07:00:00-05:00",90.35,90.65,90.35,90.65,90.65,0
"JBSS","John B. Sanfilippo & Son, Inc. - Common Stock","2021-03-08 08:00:00-05:00",89.92,89.92,89.92,89.92,89.92,0
"JBSS","John B. Sanfilippo & Son, Inc. - Common Stock","2021-03-08 09:30:00-05:00",90.08999633789062,90.08999633789062,89.05999755859375,89.38500213623047,89.38500213623047,4248
"JBSS","John B. Sanfilippo & Son, Inc. - Common Stock","2021-03-08 10:30:00-05:00",89.4000015258789,90.18000030517578,89.25,90.18000030517578,90.18000030517578,2247
"JBSS","John B. Sanfilippo & Son, Inc. - Common Stock","2021-03-08 11:30:00-05:00",89.70999908447266,90.80999755859376,89.66000366210938,90.80999755859376,90.80999755859376,7166
"JBSS","John B. Sanfilippo & Son, Inc. - Common Stock","2021-03-08 12:30:00-05:00",90.80999755859376,91.17569732666016,90.72000122070312,90.96209716796876,90.96209716796876,5049
"JBSS","John B. Sanfilippo & Son, Inc. - Common Stock","2021-03-08 13:30:00-05:00",90.58000183105467,90.91999816894533,90.12999725341795,90.69000244140624,90.69000244140624,2929
"JBSS","John B. Sanfilippo & Son, Inc. - Common Stock","2021-03-08 14:30:00-05:00",90.97000122070312,90.98999786376952,90.23500061035156,90.62000274658205,90.62000274658205,4170
"JBSS","John B. Sanfilippo & Son, Inc. - Common Stock","2021-03-08 15:30:00-05:00",90.4800033569336,91.13999938964844,90.13999938964844,91.0500030517578,91.0500030517578,16682
"JBSS","John B. Sanfilippo & Son, Inc. - Common Stock","2021-03-08 16:00:00-05:00",91.05,91.05,90.3,90.3,90.3,0
"JBSS","John B. Sanfilippo & Son, Inc. - Common Stock","2021-03-08 17:00:00-05:00",91.05,91.05,90.36,91.0,91.0,0
"JBSS","John B. Sanfilippo & Son, Inc. - Common Stock","2021-03-09 06:00:00-05:00",91.05,91.05,91.05,91.05,91.05,0
"JBSS","John B. Sanfilippo & Son, Inc. - Common Stock","2021-03-09 08:00:00-05:00",90.3,91.05,90.3,91.05,91.05,0
"JBSS","John B. Sanfilippo & Son, Inc. - Common Stock","2021-03-09 09:00:00-05:00",91.06,91.06,91.06,91.06,91.06,0
"JBSS","John B. Sanfilippo & Son, Inc. - Common Stock","2021-03-09 09:30:00-05:00",91.2300033569336,91.87999725341795,90.34500122070312,91.5,91.5,13197
"JBSS","John B. Sanfilippo & Son, Inc. - Common Stock","2021-03-09 10:30:00-05:00",91.48999786376952,91.48999786376952,90.91000366210938,91.19000244140624,91.19000244140624,3007
"JBSS","John B. Sanfilippo & Son, Inc. - Common Stock","2021-03-09 11:30:00-05:00",91.12000274658205,91.4800033569336,90.45999908447266,90.97000122070312,90.97000122070312,5667
"JBSS","John B. Sanfilippo & Son, Inc. - Common Stock","2021-03-09 12:30:00-05:00",91.30500030517578,91.5,90.98500061035156,90.98500061035156,90.98500061035156,4109
"JBSS","John B. Sanfilippo & Son, Inc. - Common Stock","2021-03-09 13:30:00-05:00",90.98999786376952,91.20999908447266,90.58999633789062,91.20999908447266,91.20999908447266,4727
"JBSS","John B. Sanfilippo & Son, Inc. - Common Stock","2021-03-09 14:30:00-05:00",91.19000244140624,91.2249984741211,90.5500030517578,90.6750030517578,90.6750030517578,3330
"JBSS","John B. Sanfilippo & Son, Inc. - Common Stock","2021-03-09 15:30:00-05:00",90.41500091552734,90.75,89.69999694824219,90.75,90.75,15874
"JBSS","John B. Sanfilippo & Son, Inc. - Common Stock","2021-03-09 16:00:00-05:00",90.14,90.14,90.14,90.14,90.14,0
"JBSS","John B. Sanfilippo & Son, Inc. - Common Stock","2021-03-10 09:30:00-05:00",90.4800033569336,90.98999786376952,89.80000305175781,90.55999755859376,90.55999755859376,4894
"JBSS","John B. Sanfilippo & Son, Inc. - Common Stock","2021-03-10 10:30:00-05:00",90.9000015258789,91.18000030517578,90.44000244140624,90.4499969482422,90.4499969482422,9882
"JBSS","John B. Sanfilippo & Son, Inc. - Common Stock","2021-03-10 11:30:00-05:00",90.45999908447266,90.45999908447266,89.96499633789062,90.43000030517578,90.43000030517578,7211
"JBSS","John B. Sanfilippo & Son, Inc. - Common Stock","2021-03-10 12:30:00-05:00",90.69000244140624,91.20500183105467,90.38999938964844,90.73999786376952,90.73999786376952,6673
"JBSS","John B. Sanfilippo & Son, Inc. - Common Stock","2021-03-10 13:30:00-05:00",90.7300033569336,90.9800033569336,90.61000061035156,90.9800033569336,90.9800033569336,4389
"JBSS","John B. Sanfilippo & Son, Inc. - Common Stock","2021-03-10 14:30:00-05:00",90.93000030517578,91.37999725341795,90.8000030517578,91.16999816894533,91.16999816894533,4958
"JBSS","John B. Sanfilippo & Son, Inc. - Common Stock","2021-03-10 15:30:00-05:00",91.33000183105467,91.52999877929688,91.0500030517578,91.44000244140624,91.44000244140624,14729
"JBSS","John B. Sanfilippo & Son, Inc. - Common Stock","2021-03-10 16:00:00-05:00",91.43,91.43,91.43,91.43,91.43,0
"JBSS","John B. Sanfilippo & Son, Inc. - Common Stock","2021-03-11 08:00:00-05:00",91.43,91.43,91.43,91.43,91.43,0
"JBSS","John B. Sanfilippo & Son, Inc. - Common Stock","2021-03-11 09:30:00-05:00",91.1999969482422,91.2699966430664,89.88999938964844,90.91999816894533,90.91999816894533,7589
"JBSS","John B. Sanfilippo & Son, Inc. - Common Stock","2021-03-11 10:30:00-05:00",90.8000030517578,90.95999908447266,90.8000030517578,90.95999908447266,90.95999908447266,2095
"JBSS","John B. Sanfilippo & Son, Inc. - Common Stock","2021-03-11 11:30:00-05:00",90.70999908447266,90.70999908447266,90.70999908447266,90.70999908447266,90.70999908447266,1092
"JBSS","John B. Sanfilippo & Son, Inc. - Common Stock","2021-03-11 12:30:00-05:00",90.5,90.66000366210938,90.5,90.56500244140624,90.56500244140624,1113
"JBSS","John B. Sanfilippo & Son, Inc. - Common Stock","2021-03-11 13:30:00-05:00",90.38999938964844,90.8000030517578,90.36000061035156,90.8000030517578,90.8000030517578,2538
"JBSS","John B. Sanfilippo & Son, Inc. - Common Stock","2021-03-11 14:30:00-05:00",90.41999816894533,90.41999816894533,90.05999755859375,90.33999633789062,90.33999633789062,2820
"JBSS","John B. Sanfilippo & Son, Inc. - Common Stock","2021-03-11 15:30:00-05:00",90.61000061035156,90.87000274658205,90.01000213623047,90.86000061035156,90.86000061035156,19414
"JBSS","John B. Sanfilippo & Son, Inc. - Common Stock","2021-03-11 16:00:00-05:00",90.84,90.84,90.84,90.84,90.84,0
"JBSS","John B. Sanfilippo & Son, Inc. - Common Stock","2021-03-12 08:00:00-05:00",90.84,90.84,90.84,90.84,90.84,0
"JBSS","John B. Sanfilippo & Son, Inc. - Common Stock","2021-03-12 09:30:00-05:00",90.80999755859376,92.0,90.41999816894533,90.91000366210938,90.91000366210938,3712
"JBSS","John B. Sanfilippo & Son, Inc. - Common Stock","2021-03-12 10:30:00-05:00",90.5999984741211,90.73999786376952,90.5999984741211,90.69080352783205,90.69080352783205,2555
"JBSS","John B. Sanfilippo & Son, Inc. - Common Stock","2021-03-12 11:30:00-05:00",90.12999725341795,90.55999755859376,90.12999725341795,90.16000366210938,90.16000366210938,3068
"JBSS","John B. Sanfilippo & Son, Inc. - Common Stock","2021-03-12 12:30:00-05:00",90.37999725341795,90.83999633789062,90.37999725341795,90.6999969482422,90.6999969482422,2699
"JBSS","John B. Sanfilippo & Son, Inc. - Common Stock","2021-03-12 13:30:00-05:00",90.44000244140624,90.87999725341795,90.44000244140624,90.87999725341795,90.87999725341795,1730
"JBSS","John B. Sanfilippo & Son, Inc. - Common Stock","2021-03-12 14:30:00-05:00",91.30999755859376,91.30999755859376,90.9000015258789,91.02999877929688,91.02999877929688,3092
"JBSS","John B. Sanfilippo & Son, Inc. - Common Stock","2021-03-12 15:30:00-05:00",91.0500030517578,91.61000061035156,90.86000061035156,91.37000274658205,91.37000274658205,8743
"JBSS","John B. Sanfilippo & Son, Inc. - Common Stock","2021-03-12 16:00:00-05:00",91.62,91.62,91.62,91.62,91.62,8598
"JBSS","John B. Sanfilippo & Son, Inc. - Common Stock","2021-03-15 08:00:00-04:00",91.62,91.62,91.62,91.62,91.62,0
"JBSS","John B. Sanfilippo & Son, Inc. - Common Stock","2021-03-15 09:30:00-04:00",91.31999969482422,91.31999969482422,90.65499877929688,90.65499877929688,90.65499877929688,903
"JBSS","John B. Sanfilippo & Son, Inc. - Common Stock","2021-03-15 10:30:00-04:00",90.5250015258789,90.79000091552734,90.3000030517578,90.3000030517578,90.3000030517578,2556
"JBSS","John B. Sanfilippo & Son, Inc. - Common Stock","2021-03-15 11:30:00-04:00",90.1999969482422,90.37000274658205,90.08999633789062,90.08999633789062,90.08999633789062,1480
"JBSS","John B. Sanfilippo & Son, Inc. - Common Stock","2021-03-15 12:30:00-04:00",90.3000030517578,90.36000061035156,90.2750015258789,90.36000061035156,90.36000061035156,1884
"JBSS","John B. Sanfilippo & Son, Inc. - Common Stock","2021-03-15 13:30:00-04:00",90.66999816894533,90.66999816894533,90.38999938964844,90.66999816894533,90.66999816894533,1731
"JBSS","John B. Sanfilippo & Son, Inc. - Common Stock","2021-03-15 14:30:00-04:00",90.97000122070312,90.98999786376952,90.8000030517578,90.8000030517578,90.8000030517578,3231
"JBSS","John B. Sanfilippo & Son, Inc. - Common Stock","2021-03-15 15:30:00-04:00",91.05999755859376,91.83000183105467,90.83999633789062,91.76000213623048,91.76000213623048,16621
"JBSS","John B. Sanfilippo & Son, Inc. - Common Stock","2021-03-15 16:00:00-04:00",91.9,91.9,91.9,91.9,91.9,0
"JBSS","John B. Sanfilippo & Son, Inc. - Common Stock","2021-03-16 08:00:00-04:00",91.9,91.9,91.9,91.9,91.9,0
"JBSS","John B. Sanfilippo & Son, Inc. - Common Stock","2021-03-16 09:30:00-04:00",92.13999938964844,92.13999938964844,90.73999786376952,91.6500015258789,91.6500015258789,3676
"JBSS","John B. Sanfilippo & Son, Inc. - Common Stock","2021-03-16 10:30:00-04:00",92.04000091552734,92.36000061035156,91.76000213623048,91.76000213623048,91.76000213623048,5754
"JBSS","John B. Sanfilippo & Son, Inc. - Common Stock","2021-03-16 11:30:00-04:00",92.16500091552734,92.16500091552734,91.56999969482422,91.81999969482422,91.81999969482422,2224
"JBSS","John B. Sanfilippo & Son, Inc. - Common Stock","2021-03-16 12:30:00-04:00",92.12999725341795,92.12999725341795,91.68000030517578,91.83000183105467,91.83000183105467,2901
"JBSS","John B. Sanfilippo & Son, Inc. - Common Stock","2021-03-16 13:30:00-04:00",91.80999755859376,91.91000366210938,91.37999725341795,91.51499938964844,91.51499938964844,2613
"JBSS","John B. Sanfilippo & Son, Inc. - Common Stock","2021-03-16 14:30:00-04:00",91.86000061035156,91.86000061035156,91.44499969482422,91.50499725341795,91.50499725341795,2058
"JBSS","John B. Sanfilippo & Son, Inc. - Common Stock","2021-03-16 15:30:00-04:00",91.4800033569336,91.83000183105467,91.29000091552734,91.44000244140624,91.44000244140624,4555
"JBSS","John B. Sanfilippo & Son, Inc. - Common Stock","2021-03-16 16:00:00-04:00",91.4,91.4,91.4,91.4,91.4,0
"JBSS","John B. Sanfilippo & Son, Inc. - Common Stock","2021-03-17 08:00:00-04:00",91.4,91.4,91.4,91.4,91.4,0
"JBSS","John B. Sanfilippo & Son, Inc. - Common Stock","2021-03-17 09:30:00-04:00",91.77999877929688,91.77999877929688,89.33000183105469,90.5,90.5,3056
"JBSS","John B. Sanfilippo & Son, Inc. - Common Stock","2021-03-17 10:30:00-04:00",90.65499877929688,91.0500030517578,90.27999877929688,90.69000244140624,90.69000244140624,4793
"JBSS","John B. Sanfilippo & Son, Inc. - Common Stock","2021-03-17 11:30:00-04:00",90.80999755859376,90.80999755859376,90.48999786376952,90.48999786376952,90.48999786376952,2670
"JBSS","John B. Sanfilippo & Son, Inc. - Common Stock","2021-03-17 12:30:00-04:00",90.29000091552734,90.33999633789062,89.7699966430664,90.08999633789062,90.08999633789062,4295
"JBSS","John B. Sanfilippo & Son, Inc. - Common Stock","2021-03-17 13:30:00-04:00",90.04000091552734,90.09500122070312,89.58000183105469,89.93000030517578,89.93000030517578,5235
"JBSS","John B. Sanfilippo & Son, Inc. - Common Stock","2021-03-17 14:30:00-04:00",90.04499816894531,90.19000244140624,89.46540069580078,89.8499984741211,89.8499984741211,6765
"JBSS","John B. Sanfilippo & Son, Inc. - Common Stock","2021-03-17 15:30:00-04:00",89.6780014038086,89.79000091552734,89.13999938964844,89.48999786376953,89.48999786376953,13351
"JBSS","John B. Sanfilippo & Son, Inc. - Common Stock","2021-03-17 16:00:00-04:00",89.62,89.62,89.62,89.62,89.62,0
"JBSS","John B. Sanfilippo & Son, Inc. - Common Stock","2021-03-17 17:00:00-04:00",89.0,89.0,88.73,88.73,88.73,0
"JBSS","John B. Sanfilippo & Son, Inc. - Common Stock","2021-03-18 09:30:00-04:00",89.81999969482422,90.04000091552734,88.97000122070312,90.04000091552734,90.04000091552734,5208
"JBSS","John B. Sanfilippo & Son, Inc. - Common Stock","2021-03-18 10:30:00-04:00",89.76000213623047,90.53990173339844,89.72000122070312,89.7699966430664,89.7699966430664,4791
"JBSS","John B. Sanfilippo & Son, Inc. - Common Stock","2021-03-18 11:30:00-04:00",89.73999786376953,90.875,89.73999786376953,90.12999725341795,90.12999725341795,6701
"JBSS","John B. Sanfilippo & Son, Inc. - Common Stock","2021-03-18 12:30:00-04:00",90.16999816894533,90.4800033569336,90.16999816894533,90.37999725341795,90.37999725341795,2880
"JBSS","John B. Sanfilippo & Son, Inc. - Common Stock","2021-03-18 13:30:00-04:00",90.5,90.5,89.96499633789062,89.96499633789062,89.96499633789062,3210
"JBSS","John B. Sanfilippo & Son, Inc. - Common Stock","2021-03-18 14:30:00-04:00",90.08000183105467,90.31999969482422,89.77999877929688,90.29000091552734,90.29000091552734,4162
"JBSS","John B. Sanfilippo & Son, Inc. - Common Stock","2021-03-18 15:30:00-04:00",90.23500061035156,90.23500061035156,89.4000015258789,89.4000015258789,89.4000015258789,8918
"JBSS","John B. Sanfilippo & Son, Inc. - Common Stock","2021-03-18 16:00:00-04:00",89.52,89.52,89.52,89.52,89.52,4403
"JBSS","John B. Sanfilippo & Son, Inc. - Common Stock","2021-03-19 08:00:00-04:00",89.52,89.52,89.52,89.52,89.52,0
"JBSS","John B. Sanfilippo & Son, Inc. - Common Stock","2021-03-19 09:30:00-04:00",89.94999694824219,90.2698974609375,89.69499969482422,90.12999725341795,90.12999725341795,28437
"JBSS","John B. Sanfilippo & Son, Inc. - Common Stock","2021-03-19 10:30:00-04:00",89.75,89.83999633789062,89.44999694824219,89.44999694824219,89.44999694824219,1876
"JBSS","John B. Sanfilippo & Son, Inc. - Common Stock","2021-03-19 11:30:00-04:00",89.56159973144531,89.98999786376953,89.56159973144531,89.83660125732422,89.83660125732422,2206
"JBSS","John B. Sanfilippo & Son, Inc. - Common Stock","2021-03-19 12:30:00-04:00",89.77999877929688,89.77999877929688,89.16000366210938,89.16000366210938,89.16000366210938,1246
"JBSS","John B. Sanfilippo & Son, Inc. - Common Stock","2021-03-19 13:30:00-04:00",89.18000030517578,89.33000183105469,89.04000091552734,89.27660369873047,89.27660369873047,5496
"JBSS","John B. Sanfilippo & Son, Inc. - Common Stock","2021-03-19 14:30:00-04:00",89.16000366210938,89.76000213623047,89.1500015258789,89.61000061035156,89.61000061035156,5152
"JBSS","John B. Sanfilippo & Son, Inc. - Common Stock","2021-03-19 15:30:00-04:00",89.6050033569336,91.13999938964844,89.6050033569336,89.63999938964844,89.63999938964844,13671
"JBSS","John B. Sanfilippo & Son, Inc. - Common Stock","2021-03-19 16:00:00-04:00",90.12,90.1214,90.12,90.12,90.12,0
"JBSS","John B. Sanfilippo & Son, Inc. - Common Stock","2021-03-22 08:00:00-04:00",90.12,90.12,90.12,90.12,90.12,0
"JBSS","John B. Sanfilippo & Son, Inc. - Common Stock","2021-03-22 09:30:00-04:00",89.75,91.02239990234376,89.20999908447266,89.20999908447266,89.20999908447266,5778
"JBSS","John B. Sanfilippo & Son, Inc. - Common Stock","2021-03-22 10:30:00-04:00",88.97000122070312,89.05999755859375,88.44000244140625,88.44000244140625,88.44000244140625,4938
"JBSS","John B. Sanfilippo & Son, Inc. - Common Stock","2021-03-22 11:30:00-04:00",88.52999877929688,88.83000183105469,88.44999694824219,88.6050033569336,88.6050033569336,12346
"JBSS","John B. Sanfilippo & Son, Inc. - Common Stock","2021-03-22 12:30:00-04:00",88.625,89.29000091552734,88.58000183105469,89.1500015258789,89.1500015258789,4138
"JBSS","John B. Sanfilippo & Son, Inc. - Common Stock","2021-03-22 13:30:00-04:00",89.08999633789062,89.30000305175781,88.87999725341797,89.29000091552734,89.29000091552734,7087
"JBSS","John B. Sanfilippo & Son, Inc. - Common Stock","2021-03-22 14:30:00-04:00",89.45999908447266,89.4800033569336,89.16999816894531,89.16999816894531,89.16999816894531,4471
"JBSS","John B. Sanfilippo & Son, Inc. - Common Stock","2021-03-22 15:30:00-04:00",89.0999984741211,89.12999725341797,88.6500015258789,88.6500015258789,88.6500015258789,16359
"JBSS","John B. Sanfilippo & Son, Inc. - Common Stock","2021-03-22 16:00:00-04:00",88.7,88.7,88.7,88.7,88.7,6010
"JBSS","John B. Sanfilippo & Son, Inc. - Common Stock","2021-03-23 09:00:00-04:00",88.7,88.7,88.7,88.7,88.7,0
"JBSS","John B. Sanfilippo & Son, Inc. - Common Stock","2021-03-23 09:30:00-04:00",88.4000015258789,89.35130310058594,88.06999969482422,88.83999633789062,88.83999633789062,6162
"JBSS","John B. Sanfilippo & Son, Inc. - Common Stock","2021-03-23 10:30:00-04:00",89.01000213623047,89.01000213623047,88.75,88.93000030517578,88.93000030517578,1716
"JBSS","John B. Sanfilippo & Son, Inc. - Common Stock","2021-03-23 11:30:00-04:00",88.80999755859375,89.94000244140625,88.80999755859375,89.7300033569336,89.7300033569336,4327
"JBSS","John B. Sanfilippo & Son, Inc. - Common Stock","2021-03-23 12:30:00-04:00",89.5999984741211,89.83999633789062,89.5,89.56999969482422,89.56999969482422,5150
"JBSS","John B. Sanfilippo & Son, Inc. - Common Stock","2021-03-23 13:30:00-04:00",89.56999969482422,89.56999969482422,89.22000122070312,89.23999786376953,89.23999786376953,4315
"JBSS","John B. Sanfilippo & Son, Inc. - Common Stock","2021-03-23 14:30:00-04:00",89.25,89.70999908447266,88.99500274658203,88.99500274658203,88.99500274658203,8781
"JBSS","John B. Sanfilippo & Son, Inc. - Common Stock","2021-03-23 15:30:00-04:00",88.80999755859375,89.29000091552734,88.41999816894531,89.29000091552734,89.29000091552734,12397
"JBSS","John B. Sanfilippo & Son, Inc. - Common Stock","2021-03-23 16:00:00-04:00",89.14,89.14,89.14,89.14,89.14,6644
"JBSS","John B. Sanfilippo & Son, Inc. - Common Stock","2021-03-24 08:00:00-04:00",89.14,89.14,89.14,89.14,89.14,0
"JBSS","John B. Sanfilippo & Son, Inc. - Common Stock","2021-03-24 09:30:00-04:00",89.02999877929688,89.32499694824219,88.98999786376953,88.98999786376953,88.98999786376953,1599
"JBSS","John B. Sanfilippo & Son, Inc. - Common Stock","2021-03-24 10:30:00-04:00",89.1449966430664,89.80000305175781,88.98999786376953,89.79000091552734,89.79000091552734,3675
"JBSS","John B. Sanfilippo & Son, Inc. - Common Stock","2021-03-24 11:30:00-04:00",89.02999877929688,89.20500183105469,88.58000183105469,89.20500183105469,89.20500183105469,3303
"JBSS","John B. Sanfilippo & Son, Inc. - Common Stock","2021-03-24 12:30:00-04:00",89.33999633789062,89.33999633789062,88.73999786376953,88.73999786376953,88.73999786376953,1772
"JBSS","John B. Sanfilippo & Son, Inc. - Common Stock","2021-03-24 13:30:00-04:00",88.67500305175781,88.95999908447266,88.62999725341797,88.95999908447266,88.95999908447266,2240
"JBSS","John B. Sanfilippo & Son, Inc. - Common Stock","2021-03-24 14:30:00-04:00",88.91000366210938,89.0199966430664,88.34500122070312,88.34500122070312,88.34500122070312,3021
"JBSS","John B. Sanfilippo & Son, Inc. - Common Stock","2021-03-24 15:30:00-04:00",88.35880279541016,88.44999694824219,87.81999969482422,87.87000274658203,87.87000274658203,6993
"JBSS","John B. Sanfilippo & Son, Inc. - Common Stock","2021-03-24 16:00:00-04:00",87.82,87.82,87.82,87.82,87.82,0
"JBSS","John B. Sanfilippo & Son, Inc. - Common Stock","2021-03-25 09:30:00-04:00",87.54000091552734,88.86799621582031,87.0,88.28690338134766,88.28690338134766,6911
"JBSS","John B. Sanfilippo & Son, Inc. - Common Stock","2021-03-25 10:30:00-04:00",88.44000244140625,89.33999633789062,88.44000244140625,89.33999633789062,89.33999633789062,4148
"JBSS","John B. Sanfilippo & Son, Inc. - Common Stock","2021-03-25 11:30:00-04:00",89.20999908447266,89.20999908447266,88.87999725341797,89.12000274658203,89.12000274658203,1321
"JBSS","John B. Sanfilippo & Son, Inc. - Common Stock","2021-03-25 12:30:00-04:00",89.13999938964844,89.41500091552734,88.93000030517578,89.23999786376953,89.23999786376953,3251
"JBSS","John B. Sanfilippo & Son, Inc. - Common Stock","2021-03-25 13:30:00-04:00",89.5,89.5,89.19999694824219,89.3499984741211,89.3499984741211,1775
"JBSS","John B. Sanfilippo & Son, Inc. - Common Stock","2021-03-25 14:30:00-04:00",89.2699966430664,89.73500061035156,89.22000122070312,89.66000366210938,89.66000366210938,4736
"JBSS","John B. Sanfilippo & Son, Inc. - Common Stock","2021-03-25 15:30:00-04:00",89.7300033569336,89.7300033569336,88.94999694824219,89.0999984741211,89.0999984741211,12018
"JBSS","John B. Sanfilippo & Son, Inc. - Common Stock","2021-03-25 16:00:00-04:00",89.1,89.1,89.1,89.1,89.1,0
"JBSS","John B. Sanfilippo & Son, Inc. - Common Stock","2021-03-26 08:00:00-04:00",89.1,89.1,89.1,89.1,89.1,0
"JBSS","John B. Sanfilippo & Son, Inc. - Common Stock","2021-03-26 09:30:00-04:00",89.98999786376953,89.98999786376953,89.01000213623047,89.01000213623047,89.01000213623047,2017
"JBSS","John B. Sanfilippo & Son, Inc. - Common Stock","2021-03-26 10:30:00-04:00",89.5199966430664,90.27999877929688,89.44000244140625,89.98999786376953,89.98999786376953,5372
"JBSS","John B. Sanfilippo & Son, Inc. - Common Stock","2021-03-26 11:30:00-04:00",89.75,90.69000244140624,89.75,90.62999725341795,90.62999725341795,2939
"JBSS","John B. Sanfilippo & Son, Inc. - Common Stock","2021-03-26 12:30:00-04:00",90.69000244140624,90.69000244140624,90.25,90.25,90.25,1685
"JBSS","John B. Sanfilippo & Son, Inc. - Common Stock","2021-03-26 13:30:00-04:00",90.01000213623047,90.01000213623047,89.54000091552734,89.54000091552734,89.54000091552734,2282
"JBSS","John B. Sanfilippo & Son, Inc. - Common Stock","2021-03-26 14:30:00-04:00",90.11000061035156,90.43000030517578,90.02999877929688,90.375,90.375,4263
"JBSS","John B. Sanfilippo & Son, Inc. - Common Stock","2021-03-26 15:30:00-04:00",90.40499877929688,90.95999908447266,90.33499908447266,90.95999908447266,90.95999908447266,8436
"JBSS","John B. Sanfilippo & Son, Inc. - Common Stock","2021-03-26 16:00:00-04:00",90.69,90.69,90.69,90.69,90.69,9643
"JBSS","John B. Sanfilippo & Son, Inc. - Common Stock","2021-03-29 08:00:00-04:00",90.69,90.69,90.69,90.69,90.69,0
"JBSS","John B. Sanfilippo & Son, Inc. - Common Stock","2021-03-29 09:30:00-04:00",90.54000091552734,91.93000030517578,90.54000091552734,91.58000183105467,91.58000183105467,6686
"JBSS","John B. Sanfilippo & Son, Inc. - Common Stock","2021-03-29 10:30:00-04:00",91.41000366210938,91.66999816894533,91.04000091552734,91.62000274658205,91.62000274658205,5148
"JBSS","John B. Sanfilippo & Son, Inc. - Common Stock","2021-03-29 11:30:00-04:00",91.4800033569336,91.66000366210938,91.2699966430664,91.3000030517578,91.3000030517578,1959
"JBSS","John B. Sanfilippo & Son, Inc. - Common Stock","2021-03-29 12:30:00-04:00",91.16999816894533,91.73999786376952,91.16999816894533,91.73999786376952,91.73999786376952,2829
"JBSS","John B. Sanfilippo & Son, Inc. - Common Stock","2021-03-29 13:30:00-04:00",91.45999908447266,91.61499786376952,91.37999725341795,91.46499633789062,91.46499633789062,2058
"JBSS","John B. Sanfilippo & Son, Inc. - Common Stock","2021-03-29 14:30:00-04:00",91.4000015258789,91.75,91.37000274658205,91.71499633789062,91.71499633789062,2180
"JBSS","John B. Sanfilippo & Son, Inc. - Common Stock","2021-03-29 15:30:00-04:00",91.7750015258789,91.91500091552734,91.12000274658205,91.25,91.25,14371
"JBSS","John B. Sanfilippo & Son, Inc. - Common Stock","2021-03-29 16:00:00-04:00",91.21,91.2103,91.21,91.21,91.21,0
"JBSS","John B. Sanfilippo & Son, Inc. - Common Stock","2021-03-29 17:00:00-04:00",90.69,90.69,90.69,90.69,90.69,0
"JBSS","John B. Sanfilippo & Son, Inc. - Common Stock","2021-03-30 07:00:00-04:00",91.11,91.11,91.1,91.1,91.1,0
"JBSS","John B. Sanfilippo & Son, Inc. - Common Stock","2021-03-30 08:00:00-04:00",91.21,91.21,91.21,91.21,91.21,0
"JBSS","John B. Sanfilippo & Son, Inc. - Common Stock","2021-03-30 09:30:00-04:00",91.41000366210938,91.41000366210938,90.94000244140624,91.20010375976562,91.20010375976562,3600
"JBSS","John B. Sanfilippo & Son, Inc. - Common Stock","2021-03-30 10:30:00-04:00",91.77999877929688,91.83999633789062,91.31210327148438,91.31210327148438,91.31210327148438,2125
"JBSS","John B. Sanfilippo & Son, Inc. - Common Stock","2021-03-30 11:30:00-04:00",91.41000366210938,91.77999877929688,91.37999725341795,91.77999877929688,91.77999877929688,2540
"JBSS","John B. Sanfilippo & Son, Inc. - Common Stock","2021-03-30 12:30:00-04:00",91.66999816894533,91.93000030517578,91.58000183105467,91.62999725341795,91.62999725341795,4336
"JBSS","John B. Sanfilippo & Son, Inc. - Common Stock","2021-03-30 13:30:00-04:00",91.5500030517578,91.875,91.37000274658205,91.75,91.75,3671
"JBSS","John B. Sanfilippo & Son, Inc. - Common Stock","2021-03-30 14:30:00-04:00",91.56999969482422,91.70999908447266,91.43000030517578,91.70999908447266,91.70999908447266,4623
"JBSS","John B. Sanfilippo & Son, Inc. - Common Stock","2021-03-30 15:30:00-04:00",91.70999908447266,91.7300033569336,91.47000122070312,91.63999938964844,91.63999938964844,13587
"JBSS","John B. Sanfilippo & Son, Inc. - Common Stock","2021-03-30 16:00:00-04:00",91.53,91.5301,91.53,91.53,91.53,0
"JBSS","John B. Sanfilippo & Son, Inc. - Common Stock","2021-04-01 09:30:00-04:00",90.08000183105467,90.70999908447266,88.91999816894531,89.45999908447266,89.45999908447266,0
"JBSS","John B. Sanfilippo & Son, Inc. - Common Stock","2021-04-01 10:30:00-04:00",89.7699966430664,90.58000183105467,89.7699966430664,90.58000183105467,90.58000183105467,4266
"JBSS","John B. Sanfilippo & Son, Inc. - Common Stock","2021-04-01 11:30:00-04:00",90.19000244140624,90.41000366210938,90.19000244140624,90.2699966430664,90.2699966430664,2993
"JBSS","John B. Sanfilippo & Son, Inc. - Common Stock","2021-04-01 12:30:00-04:00",90.29000091552734,90.68000030517578,90.29000091552734,90.68000030517578,90.68000030517578,2819
"JBSS","John B. Sanfilippo & Son, Inc. - Common Stock","2021-04-01 13:30:00-04:00",90.6050033569336,90.66000366210938,90.3000030517578,90.3000030517578,90.3000030517578,2162
"JBSS","John B. Sanfilippo & Son, Inc. - Common Stock","2021-04-01 14:30:00-04:00",90.0199966430664,90.37999725341795,90.0199966430664,90.26000213623048,90.26000213623048,3823
"JBSS","John B. Sanfilippo & Son, Inc. - Common Stock","2021-04-01 15:30:00-04:00",90.2699966430664,90.47000122070312,89.88999938964844,90.47000122070312,90.47000122070312,8223
"JBSS","John B. Sanfilippo & Son, Inc. - Common Stock","2021-04-01 16:00:00-04:00",90.42,90.42,90.2462,90.2462,90.2462,0
"JBSS","John B. Sanfilippo & Son, Inc. - Common Stock","2021-04-05 08:00:00-04:00",90.42,90.42,90.42,90.42,90.42,0
"JBSS","John B. Sanfilippo & Son, Inc. - Common Stock","2021-04-05 09:30:00-04:00",90.66999816894533,90.83000183105467,90.66999816894533,90.83000183105467,90.83000183105467,2576
"JBSS","John B. Sanfilippo & Son, Inc. - Common Stock","2021-04-05 10:30:00-04:00",90.68000030517578,91.33999633789062,90.68000030517578,91.0999984741211,91.0999984741211,3730
"JBSS","John B. Sanfilippo & Son, Inc. - Common Stock","2021-04-05 11:30:00-04:00",91.2699966430664,91.43000030517578,91.2699966430664,91.43000030517578,91.43000030517578,909
"JBSS","John B. Sanfilippo & Son, Inc. - Common Stock","2021-04-05 12:30:00-04:00",91.56999969482422,91.62000274658205,91.19000244140624,91.55999755859376,91.55999755859376,1632
"JBSS","John B. Sanfilippo & Son, Inc. - Common Stock","2021-04-05 13:30:00-04:00",91.36000061035156,91.36000061035156,90.95999908447266,91.0500030517578,91.0500030517578,2267
"JBSS","John B. Sanfilippo & Son, Inc. - Common Stock","2021-04-05 14:30:00-04:00",91.0500030517578,91.0500030517578,90.62999725341795,90.62999725341795,90.62999725341795,2648
"JBSS","John B. Sanfilippo & Son, Inc. - Common Stock","2021-04-05 15:30:00-04:00",91.0199966430664,91.56999969482422,90.75,91.4499969482422,91.4499969482422,4955
"JBSS","John B. Sanfilippo & Son, Inc. - Common Stock","2021-04-05 16:00:00-04:00",91.45,91.45,91.45,91.45,91.45,5724
"JBSS","John B. Sanfilippo & Son, Inc. - Common Stock","2021-04-06 08:00:00-04:00",91.45,91.45,91.45,91.45,91.45,0
"JBSS","John B. Sanfilippo & Son, Inc. - Common Stock","2021-04-06 09:30:00-04:00",91.12999725341795,91.9499969482422,91.12999725341795,91.72000122070312,91.72000122070312,3277
"JBSS","John B. Sanfilippo & Son, Inc. - Common Stock","2021-04-06 10:30:00-04:00",91.7300033569336,91.86000061035156,91.43000030517578,91.43000030517578,91.43000030517578,2641
"JBSS","John B. Sanfilippo & Son, Inc. - Common Stock","2021-04-06 12:30:00-04:00",91.0500030517578,91.66000366210938,91.0500030517578,91.625,91.625,2232
"JBSS","John B. Sanfilippo & Son, Inc. - Common Stock","2021-04-06 13:30:00-04:00",91.625,91.625,90.7750015258789,90.7750015258789,90.7750015258789,5637
"JBSS","John B. Sanfilippo & Son, Inc. - Common Stock","2021-04-06 14:30:00-04:00",90.62999725341795,90.62999725341795,90.37000274658205,90.5500030517578,90.5500030517578,2639
"JBSS","John B. Sanfilippo & Son, Inc. - Common Stock","2021-04-06 15:30:00-04:00",90.6760025024414,90.75,90.5,90.5,90.5,4346
"JBSS","John B. Sanfilippo & Son, Inc. - Common Stock","2021-04-06 16:00:00-04:00",90.73,90.73,90.73,90.73,90.73,0
"JBSS","John B. Sanfilippo & Son, Inc. - Common Stock","2021-04-07 08:00:00-04:00",90.73,90.73,90.73,90.73,90.73,0
"JBSS","John B. Sanfilippo & Son, Inc. - Common Stock","2021-04-07 09:30:00-04:00",90.5999984741211,90.5999984741211,89.38999938964844,89.70999908447266,89.70999908447266,2549
"JBSS","John B. Sanfilippo & Son, Inc. - Common Stock","2021-04-07 10:30:00-04:00",90.0199966430664,90.33000183105467,90.0199966430664,90.05000305175781,90.05000305175781,3548
"JBSS","John B. Sanfilippo & Son, Inc. - Common Stock","2021-04-07 11:30:00-04:00",89.95999908447266,89.95999908447266,89.66999816894531,89.71800231933594,89.71800231933594,1683
"JBSS","John B. Sanfilippo & Son, Inc. - Common Stock","2021-04-07 12:30:00-04:00",90.13999938964844,90.19000244140624,90.02999877929688,90.05000305175781,90.05000305175781,1637
"JBSS","John B. Sanfilippo & Son, Inc. - Common Stock","2021-04-07 13:30:00-04:00",89.95999908447266,90.0,89.75,89.75,89.75,2764
"JBSS","John B. Sanfilippo & Son, Inc. - Common Stock","2021-04-07 14:30:00-04:00",89.66000366210938,89.9800033569336,89.44999694824219,89.80000305175781,89.80000305175781,3954
"JBSS","John B. Sanfilippo & Son, Inc. - Common Stock","2021-04-07 15:30:00-04:00",89.9000015258789,89.9800033569336,89.44999694824219,89.83000183105469,89.83000183105469,8651
"JBSS","John B. Sanfilippo & Son, Inc. - Common Stock","2021-04-07 16:00:00-04:00",89.56,89.81,89.56,89.81,89.81,0
"JBSS","John B. Sanfilippo & Son, Inc. - Common Stock","2021-04-08 08:00:00-04:00",89.81,89.81,89.81,89.81,89.81,0
"JBSS","John B. Sanfilippo & Son, Inc. - Common Stock","2021-04-08 09:30:00-04:00",89.69999694824219,90.36000061035156,89.0199966430664,89.0199966430664,89.0199966430664,500
"JBSS","John B. Sanfilippo & Son, Inc. - Common Stock","2021-04-08 10:30:00-04:00",90.05000305175781,90.05000305175781,89.41999816894531,89.54000091552734,89.54000091552734,2292
"JBSS","John B. Sanfilippo & Son, Inc. - Common Stock","2021-04-08 11:30:00-04:00",89.68000030517578,89.68000030517578,89.41000366210938,89.41000366210938,89.41000366210938,733
"JBSS","John B. Sanfilippo & Son, Inc. - Common Stock","2021-04-08 12:30:00-04:00",89.4800033569336,89.73999786376953,89.47000122070312,89.73999786376953,89.73999786376953,2114
"JBSS","John B. Sanfilippo & Son, Inc. - Common Stock","2021-04-08 13:30:00-04:00",89.8499984741211,90.1999969482422,89.8499984741211,90.1750030517578,90.1750030517578,2054
"JBSS","John B. Sanfilippo & Son, Inc. - Common Stock","2021-04-08 14:30:00-04:00",90.2699966430664,90.61000061035156,90.2300033569336,90.4499969482422,90.4499969482422,3891
"JBSS","John B. Sanfilippo & Son, Inc. - Common Stock","2021-04-08 15:30:00-04:00",90.7300033569336,90.7300033569336,90.05000305175781,90.36000061035156,90.36000061035156,7103
"JBSS","John B. Sanfilippo & Son, Inc. - Common Stock","2021-04-08 16:00:00-04:00",90.48,90.48,90.48,90.48,90.48,0
"JBSS","John B. Sanfilippo & Son, Inc. - Common Stock","2021-04-09 09:30:00-04:00",90.48999786376952,90.51000213623048,89.05000305175781,90.51000213623048,90.51000213623048,3673
"JBSS","John B. Sanfilippo & Son, Inc. - Common Stock","2021-04-09 10:30:00-04:00",89.66999816894531,89.66999816894531,89.66999816894531,89.66999816894531,89.66999816894531,1016
"JBSS","John B. Sanfilippo & Son, Inc. - Common Stock","2021-04-09 11:30:00-04:00",89.79000091552734,89.79000091552734,89.52999877929688,89.52999877929688,89.52999877929688,891
"JBSS","John B. Sanfilippo & Son, Inc. - Common Stock","2021-04-09 12:30:00-04:00",89.55780029296875,89.55780029296875,89.30999755859375,89.30999755859375,89.30999755859375,1236
"JBSS","John B. Sanfilippo & Son, Inc. - Common Stock","2021-04-09 13:30:00-04:00",89.26000213623047,89.43000030517578,89.26000213623047,89.29000091552734,89.29000091552734,1303
"JBSS","John B. Sanfilippo & Son, Inc. - Common Stock","2021-04-09 14:30:00-04:00",89.41999816894531,90.1500015258789,89.37000274658203,90.1500015258789,90.1500015258789,5323
"JBSS","John B. Sanfilippo & Son, Inc. - Common Stock","2021-04-09 15:30:00-04:00",90.25,90.4000015258789,89.94999694824219,89.98999786376953,89.98999786376953,5453
"JBSS","John B. Sanfilippo & Son, Inc. - Common Stock","2021-04-09 16:00:00-04:00",89.98,89.98,89.9701,89.9701,89.9701,0
"JBSS","John B. Sanfilippo & Son, Inc. - Common Stock","2021-04-12 09:30:00-04:00",90.06999969482422,90.94499969482422,90.06999969482422,90.52999877929688,90.52999877929688,2765
"JBSS","John B. Sanfilippo & Son, Inc. - Common Stock","2021-04-12 10:30:00-04:00",91.0634994506836,91.0634994506836,90.45999908447266,90.8499984741211,90.8499984741211,1366
"JBSS","John B. Sanfilippo & Son, Inc. - Common Stock","2021-04-12 11:30:00-04:00",91.08709716796876,91.08709716796876,90.87000274658205,90.87000274658205,90.87000274658205,2010
"JBSS","John B. Sanfilippo & Son, Inc. - Common Stock","2021-04-12 12:30:00-04:00",90.77999877929688,90.9800033569336,90.7300033569336,90.84010314941406,90.84010314941406,1476
"JBSS","John B. Sanfilippo & Son, Inc. - Common Stock","2021-04-12 13:30:00-04:00",90.7300033569336,91.12000274658205,90.4800033569336,90.4800033569336,90.4800033569336,4676
"JBSS","John B. Sanfilippo & Son, Inc. - Common Stock","2021-04-12 15:30:00-04:00",90.6999969482422,90.91999816894533,90.58999633789062,90.8000030517578,90.8000030517578,2493
"JBSS","John B. Sanfilippo & Son, Inc. - Common Stock","2021-04-12 16:00:00-04:00",90.58,90.58,90.58,90.58,90.58,0
"JBSS","John B. Sanfilippo & Son, Inc. - Common Stock","2021-04-12 17:00:00-04:00",90.58,90.58,90.58,90.58,90.58,0
"JBSS","John B. Sanfilippo & Son, Inc. - Common Stock","2021-04-13 09:30:00-04:00",90.75,90.9000015258789,89.93000030517578,89.93000030517578,89.93000030517578,2534
"JBSS","John B. Sanfilippo & Son, Inc. - Common Stock","2021-04-13 10:30:00-04:00",90.80999755859376,90.80999755859376,90.80999755859376,90.80999755859376,90.80999755859376,886
"JBSS","John B. Sanfilippo & Son, Inc. - Common Stock","2021-04-13 11:30:00-04:00",91.11000061035156,91.20999908447266,90.75,91.20999908447266,91.20999908447266,2814
"JBSS","John B. Sanfilippo & Son, Inc. - Common Stock","2021-04-13 12:30:00-04:00",91.12999725341795,91.1500015258789,90.93000030517578,91.1500015258789,91.1500015258789,2079
"JBSS","John B. Sanfilippo & Son, Inc. - Common Stock","2021-04-13 13:30:00-04:00",90.8499984741211,91.16999816894533,90.8499984741211,91.16999816894533,91.16999816894533,1373
"JBSS","John B. Sanfilippo & Son, Inc. - Common Stock","2021-04-13 14:30:00-04:00",91.23999786376952,91.73999786376952,91.14189910888672,91.58999633789062,91.58999633789062,3039
"JBSS","John B. Sanfilippo & Son, Inc. - Common Stock","2021-04-13 15:30:00-04:00",91.55999755859376,91.73999786376952,91.08000183105467,91.19000244140624,91.19000244140624,4946
"JBSS","John B. Sanfilippo & Son, Inc. - Common Stock","2021-04-13 16:00:00-04:00",91.17,91.17,91.17,91.17,91.17,6985
"JBSS","John B. Sanfilippo & Son, Inc. - Common Stock","2021-04-14 09:30:00-04:00",91.31999969482422,91.31999969482422,90.57749938964844,90.93000030517578,90.93000030517578,0
"JBSS","John B. Sanfilippo & Son, Inc. - Common Stock","2021-04-14 10:30:00-04:00",90.87000274658205,91.33999633789062,90.87000274658205,91.23999786376952,91.23999786376952,2487
"JBSS","John B. Sanfilippo & Son, Inc. - Common Stock","2021-04-14 11:30:00-04:00",91.41999816894533,91.41999816894533,91.41999816894533,91.41999816894533,91.41999816894533,1347
"JBSS","John B. Sanfilippo & Son, Inc. - Common Stock","2021-04-14 12:30:00-04:00",91.19000244140624,91.19000244140624,91.0999984741211,91.0999984741211,91.0999984741211,1507
"JBSS","John B. Sanfilippo & Son, Inc. - Common Stock","2021-04-14 13:30:00-04:00",91.12999725341795,91.5,91.12999725341795,91.5,91.5,1981
"JBSS","John B. Sanfilippo & Son, Inc. - Common Stock","2021-04-14 14:30:00-04:00",91.41500091552734,91.5199966430664,91.36499786376952,91.51000213623048,91.51000213623048,2705
"JBSS","John B. Sanfilippo & Son, Inc. - Common Stock","2021-04-14 15:30:00-04:00",91.43000030517578,91.61000061035156,91.33999633789062,91.33999633789062,91.33999633789062,4152
"JBSS","John B. Sanfilippo & Son, Inc. - Common Stock","2021-04-14 16:00:00-04:00",91.57,91.57,91.5663,91.5663,91.5663,0
"JBSS","John B. Sanfilippo & Son, Inc. - Common Stock","2021-04-14 17:00:00-04:00",91.57,91.57,91.57,91.57,91.57,0
"JBSS","John B. Sanfilippo & Son, Inc. - Common Stock","2021-04-15 08:00:00-04:00",91.57,91.57,91.57,91.57,91.57,0
"JBSS","John B. Sanfilippo & Son, Inc. - Common Stock","2021-04-15 09:30:00-04:00",91.43000030517578,91.43000030517578,90.83999633789062,91.0,91.0,2502
"JBSS","John B. Sanfilippo & Son, Inc. - Common Stock","2021-04-15 10:30:00-04:00",91.0,91.31999969482422,91.0,91.12999725341795,91.12999725341795,2787
"JBSS","John B. Sanfilippo & Son, Inc. - Common Stock","2021-04-15 11:30:00-04:00",91.08000183105467,91.3000030517578,91.06999969482422,91.29000091552734,91.29000091552734,4116
"JBSS","John B. Sanfilippo & Son, Inc. - Common Stock","2021-04-15 12:30:00-04:00",91.15879821777344,91.5500030517578,91.15879821777344,91.5500030517578,91.5500030517578,1290
"JBSS","John B. Sanfilippo & Son, Inc. - Common Stock","2021-04-15 13:30:00-04:00",91.5999984741211,91.5999984741211,91.58000183105467,91.58000183105467,91.58000183105467,908
"JBSS","John B. Sanfilippo & Son, Inc. - Common Stock","2021-04-15 14:30:00-04:00",91.61000061035156,91.61000061035156,91.04000091552734,91.46009826660156,91.46009826660156,2479
"JBSS","John B. Sanfilippo & Son, Inc. - Common Stock","2021-04-15 15:30:00-04:00",91.58999633789062,91.7699966430664,91.43000030517578,91.45500183105467,91.45500183105467,4472
"JBSS","John B. Sanfilippo & Son, Inc. - Common Stock","2021-04-15 16:00:00-04:00",91.41,91.41,91.41,91.41,91.41,3539
"JBSS","John B. Sanfilippo & Son, Inc. - Common Stock","2021-04-16 09:30:00-04:00",91.93000030517578,91.93000030517578,91.12000274658205,91.4499969482422,91.4499969482422,0
"JBSS","John B. Sanfilippo & Son, Inc. - Common Stock","2021-04-16 10:30:00-04:00",91.36000061035156,91.73999786376952,91.36000061035156,91.73999786376952,91.73999786376952,1461
"JBSS","John B. Sanfilippo & Son, Inc. - Common Stock","2021-04-16 11:30:00-04:00",91.79000091552734,92.06999969482422,91.77349853515624,92.0,92.0,974
"JBSS","John B. Sanfilippo & Son, Inc. - Common Stock","2021-04-16 12:30:00-04:00",91.76229858398438,92.19740295410156,91.76229858398438,92.19740295410156,92.19740295410156,2393
"JBSS","John B. Sanfilippo & Son, Inc. - Common Stock","2021-04-16 13:30:00-04:00",92.4499969482422,92.7699966430664,92.4499969482422,92.75,92.75,2419
"JBSS","John B. Sanfilippo & Son, Inc. - Common Stock","2021-04-16 14:30:00-04:00",92.7249984741211,92.88999938964844,92.58999633789062,92.88999938964844,92.88999938964844,4071
"JBSS","John B. Sanfilippo & Son, Inc. - Common Stock","2021-04-16 15:30:00-04:00",92.80999755859376,93.0999984741211,92.66999816894533,92.66999816894533,92.66999816894533,3044
"JBSS","John B. Sanfilippo & Son, Inc. - Common Stock","2021-04-16 16:00:00-04:00",92.65,92.65,92.65,92.65,92.65,0
"JBSS","John B. Sanfilippo & Son, Inc. - Common Stock","2021-04-19 08:00:00-04:00",92.65,92.65,92.65,92.65,92.65,0
"JBSS","John B. Sanfilippo & Son, Inc. - Common Stock","2021-04-19 09:30:00-04:00",92.9000015258789,92.9000015258789,92.44249725341795,92.44249725341795,92.44249725341795,1963
"JBSS","John B. Sanfilippo & Son, Inc. - Common Stock","2021-04-19 10:30:00-04:00",91.72000122070312,91.72000122070312,91.62000274658205,91.63999938964844,91.63999938964844,1449
"JBSS","John B. Sanfilippo & Son, Inc. - Common Stock","2021-04-19 11:30:00-04:00",91.2699966430664,91.5999984741211,91.2699966430664,91.5999984741211,91.5999984741211,1143
"JBSS","John B. Sanfilippo & Son, Inc. - Common Stock","2021-04-19 12:30:00-04:00",92.05999755859376,92.05999755859376,91.83999633789062,91.83999633789062,91.83999633789062,1522
"JBSS","John B. Sanfilippo & Son, Inc. - Common Stock","2021-04-19 13:30:00-04:00",91.5,91.5,91.5,91.5,91.5,434
"JBSS","John B. Sanfilippo & Son, Inc. - Common Stock","2021-04-19 14:30:00-04:00",91.54000091552734,91.86000061035156,91.5,91.69000244140624,91.69000244140624,3133
"JBSS","John B. Sanfilippo & Son, Inc. - Common Stock","2021-04-19 15:30:00-04:00",91.52999877929688,92.16999816894533,91.52999877929688,92.0500030517578,92.0500030517578,6467
"JBSS","John B. Sanfilippo & Son, Inc. - Common Stock","2021-04-19 16:00:00-04:00",92.19,92.19,92.1849,92.1849,92.1849,0
"JBSS","John B. Sanfilippo & Son, Inc. - Common Stock","2021-04-20 09:30:00-04:00",91.5999984741211,92.0,91.00499725341795,91.76000213623048,91.76000213623048,4788
"JBSS","John B. Sanfilippo & Son, Inc. - Common Stock","2021-04-20 10:30:00-04:00",91.98999786376952,92.5500030517578,91.94000244140624,92.5500030517578,92.5500030517578,2449
"JBSS","John B. Sanfilippo & Son, Inc. - Common Stock","2021-04-20 11:30:00-04:00",92.30999755859376,92.43830108642578,91.93000030517578,92.43830108642578,92.43830108642578,4334
"JBSS","John B. Sanfilippo & Son, Inc. - Common Stock","2021-04-20 12:30:00-04:00",91.81999969482422,91.83999633789062,91.5999984741211,91.83999633789062,91.83999633789062,1030
"JBSS","John B. Sanfilippo & Son, Inc. - Common Stock","2021-04-20 13:30:00-04:00",91.58999633789062,92.3249969482422,91.58999633789062,92.29000091552734,92.29000091552734,12550
"JBSS","John B. Sanfilippo & Son, Inc. - Common Stock","2021-04-20 14:30:00-04:00",91.93499755859376,92.1050033569336,91.5999984741211,91.8499984741211,91.8499984741211,4250
"JBSS","John B. Sanfilippo & Son, Inc. - Common Stock","2021-04-20 15:30:00-04:00",92.12999725341795,92.38999938964844,91.94000244140624,92.3550033569336,92.3550033569336,3676
"JBSS","John B. Sanfilippo & Son, Inc. - Common Stock","2021-04-20 16:00:00-04:00",92.37,92.37,92.37,92.37,92.37,0
"JBSS","John B. Sanfilippo & Son, Inc. - Common Stock","2021-04-21 08:00:00-04:00",92.37,92.37,92.37,92.37,92.37,0
"JBSS","John B. Sanfilippo & Son, Inc. - Common Stock","2021-04-21 09:00:00-04:00",92.76,92.94,92.76,92.94,92.94,0
"JBSS","John B. Sanfilippo & Son, Inc. - Common Stock","2021-04-21 09:30:00-04:00",92.5199966430664,93.59500122070312,91.62000274658205,93.59500122070312,93.59500122070312,3046
"JBSS","John B. Sanfilippo & Son, Inc. - Common Stock","2021-04-21 10:30:00-04:00",93.3499984741211,93.47000122070312,93.20999908447266,93.43000030517578,93.43000030517578,2436
"JBSS","John B. Sanfilippo & Son, Inc. - Common Stock","2021-04-21 11:30:00-04:00",93.4000015258789,93.7750015258789,93.28019714355467,93.68499755859376,93.68499755859376,2402
"JBSS","John B. Sanfilippo & Son, Inc. - Common Stock","2021-04-21 12:30:00-04:00",93.62999725341795,93.62999725341795,93.47000122070312,93.61000061035156,93.61000061035156,2358
"JBSS","John B. Sanfilippo & Son, Inc. - Common Stock","2021-04-21 13:30:00-04:00",93.45999908447266,93.52999877929688,93.01000213623048,93.01000213623048,93.01000213623048,3134
"JBSS","John B. Sanfilippo & Son, Inc. - Common Stock","2021-04-21 14:30:00-04:00",92.91000366210938,93.7249984741211,92.91000366210938,93.70500183105467,93.70500183105467,3938
"JBSS","John B. Sanfilippo & Son, Inc. - Common Stock","2021-04-21 15:30:00-04:00",93.5,93.5,93.1500015258789,93.5,93.5,6373
"JBSS","John B. Sanfilippo & Son, Inc. - Common Stock","2021-04-21 16:00:00-04:00",93.27,93.27,93.27,93.27,93.27,0
"JBSS","John B. Sanfilippo & Son, Inc. - Common Stock","2021-04-22 08:00:00-04:00",93.27,93.27,92.56,92.56,92.56,0
"JBSS","John B. Sanfilippo & Son, Inc. - Common Stock","2021-04-22 09:30:00-04:00",93.7699966430664,93.9800033569336,93.1999969482422,93.7699966430664,93.7699966430664,1499
"JBSS","John B. Sanfilippo & Son, Inc. - Common Stock","2021-04-22 10:30:00-04:00",93.04000091552734,93.52999877929688,93.04000091552734,93.52999877929688,93.52999877929688,2206
"JBSS","John B. Sanfilippo & Son, Inc. - Common Stock","2021-04-22 11:30:00-04:00",92.73999786376952,92.73999786376952,92.43000030517578,92.47000122070312,92.47000122070312,668
"JBSS","John B. Sanfilippo & Son, Inc. - Common Stock","2021-04-22 12:30:00-04:00",92.42009735107422,92.9000015258789,92.23999786376952,92.63999938964844,92.63999938964844,1766
"JBSS","John B. Sanfilippo & Son, Inc. - Common Stock","2021-04-22 13:30:00-04:00",92.43499755859376,92.58999633789062,92.06500244140624,92.47000122070312,92.47000122070312,990
"JBSS","John B. Sanfilippo & Son, Inc. - Common Stock","2021-04-22 14:30:00-04:00",92.56999969482422,93.05999755859376,92.56999969482422,93.05999755859376,93.05999755859376,2215
"JBSS","John B. Sanfilippo & Son, Inc. - Common Stock","2021-04-22 15:30:00-04:00",92.86000061035156,93.0199966430664,92.1999969482422,92.1999969482422,92.1999969482422,5674
"JBSS","John B. Sanfilippo & Son, Inc. - Common Stock","2021-04-22 16:00:00-04:00",92.2,92.2,92.2,92.2,92.2,4567
"JBSS","John B. Sanfilippo & Son, Inc. - Common Stock","2021-04-23 09:00:00-04:00",92.85,93.47,92.85,93.47,93.47,0
"JBSS","John B. Sanfilippo & Son, Inc. - Common Stock","2021-04-23 09:30:00-04:00",92.5999984741211,92.5999984741211,91.4499969482422,91.5,91.5,13450
"JBSS","John B. Sanfilippo & Son, Inc. - Common Stock","2021-04-23 10:30:00-04:00",91.36000061035156,92.08000183105467,91.36000061035156,91.95999908447266,91.95999908447266,2887
"JBSS","John B. Sanfilippo & Son, Inc. - Common Stock","2021-04-23 11:30:00-04:00",92.13999938964844,92.80999755859376,92.13999938964844,92.25,92.25,2137
"JBSS","John B. Sanfilippo & Son, Inc. - Common Stock","2021-04-23 12:30:00-04:00",92.41000366210938,92.87000274658205,92.33999633789062,92.33999633789062,92.33999633789062,1851
"JBSS","John B. Sanfilippo & Son, Inc. - Common Stock","2021-04-23 13:30:00-04:00",92.43000030517578,92.45999908447266,92.30999755859376,92.41000366210938,92.41000366210938,1159
"JBSS","John B. Sanfilippo & Son, Inc. - Common Stock","2021-04-23 14:30:00-04:00",92.33000183105467,93.33999633789062,92.33000183105467,93.1999969482422,93.1999969482422,4650
"JBSS","John B. Sanfilippo & Son, Inc. - Common Stock","2021-04-23 15:30:00-04:00",93.3499984741211,93.80999755859376,92.75,93.11000061035156,93.11000061035156,7010
"JBSS","John B. Sanfilippo & Son, Inc. - Common Stock","2021-04-23 16:00:00-04:00",92.78,92.78,92.78,92.78,92.78,0
"JBSS","John B. Sanfilippo & Son, Inc. - Common Stock","2021-04-26 09:30:00-04:00",93.25,93.83999633789062,91.62000274658205,92.0999984741211,92.0999984741211,7271
"JBSS","John B. Sanfilippo & Son, Inc. - Common Stock","2021-04-26 10:30:00-04:00",92.0199966430664,92.23999786376952,91.62000274658205,92.12000274658205,92.12000274658205,3334
"JBSS","John B. Sanfilippo & Son, Inc. - Common Stock","2021-04-26 11:30:00-04:00",92.0500030517578,92.72000122070312,91.97000122070312,91.97000122070312,91.97000122070312,3652
"JBSS","John B. Sanfilippo & Son, Inc. - Common Stock","2021-04-26 12:30:00-04:00",91.63999938964844,91.63999938964844,91.00399780273438,91.00399780273438,91.00399780273438,3065
"JBSS","John B. Sanfilippo & Son, Inc. - Common Stock","2021-04-26 13:30:00-04:00",91.0,91.0,90.6500015258789,90.66010284423828,90.66010284423828,2219
"JBSS","John B. Sanfilippo & Son, Inc. - Common Stock","2021-04-26 14:30:00-04:00",90.66000366210938,90.66999816894533,88.88999938964844,88.88999938964844,88.88999938964844,4547
"JBSS","John B. Sanfilippo & Son, Inc. - Common Stock","2021-04-26 15:30:00-04:00",89.15499877929688,89.86499786376953,89.05000305175781,89.5999984741211,89.5999984741211,11123
"JBSS","John B. Sanfilippo & Son, Inc. - Common Stock","2021-04-26 16:00:00-04:00",89.68,89.68,89.56,89.56,89.56,0
"JBSS","John B. Sanfilippo & Son, Inc. - Common Stock","2021-04-27 08:00:00-04:00",89.68,89.68,89.68,89.68,89.68,0
"JBSS","John B. Sanfilippo & Son, Inc. - Common Stock","2021-04-27 09:30:00-04:00",89.80500030517578,89.87000274658203,88.77999877929688,89.30549621582031,89.30549621582031,3965
"JBSS","John B. Sanfilippo & Son, Inc. - Common Stock","2021-04-27 10:30:00-04:00",89.16000366210938,89.29000091552734,88.36000061035156,88.36000061035156,88.36000061035156,4396
"JBSS","John B. Sanfilippo & Son, Inc. - Common Stock","2021-04-27 11:30:00-04:00",88.7699966430664,88.77999877929688,88.51000213623047,88.6449966430664,88.6449966430664,1801
"JBSS","John B. Sanfilippo & Son, Inc. - Common Stock","2021-04-27 12:30:00-04:00",88.66999816894531,89.05000305175781,88.54000091552734,88.62000274658203,88.62000274658203,3242
"JBSS","John B. Sanfilippo & Son, Inc. - Common Stock","2021-04-27 13:30:00-04:00",88.5999984741211,88.5999984741211,88.2699966430664,88.43499755859375,88.43499755859375,2662
"JBSS","John B. Sanfilippo & Son, Inc. - Common Stock","2021-04-27 14:30:00-04:00",88.375,88.375,87.94999694824219,88.27999877929688,88.27999877929688,4928
"JBSS","John B. Sanfilippo & Son, Inc. - Common Stock","2021-04-27 15:30:00-04:00",88.30999755859375,88.94000244140625,88.29000091552734,88.9000015258789,88.9000015258789,6598
"JBSS","John B. Sanfilippo & Son, Inc. - Common Stock","2021-04-27 16:00:00-04:00",88.89,88.89,88.89,88.89,88.89,2882
"JBSS","John B. Sanfilippo & Son, Inc. - Common Stock","2021-04-28 09:30:00-04:00",88.66000366210938,90.48999786376952,87.47000122070312,88.87999725341797,88.87999725341797,0
"JBSS","John B. Sanfilippo & Son, Inc. - Common Stock","2021-04-28 10:30:00-04:00",89.08419799804688,89.62000274658203,87.9800033569336,89.0,89.0,9851
"JBSS","John B. Sanfilippo & Son, Inc. - Common Stock","2021-04-28 11:30:00-04:00",88.44000244140625,88.72000122070312,87.7699966430664,87.87000274658203,87.87000274658203,5853
"JBSS","John B. Sanfilippo & Son, Inc. - Common Stock","2021-04-28 12:30:00-04:00",87.80999755859375,88.72000122070312,87.6500015258789,88.72000122070312,88.72000122070312,3822
"JBSS","John B. Sanfilippo & Son, Inc. - Common Stock","2021-04-28 13:30:00-04:00",88.30999755859375,88.58000183105469,87.54000091552734,88.13999938964844,88.13999938964844,3286
"JBSS","John B. Sanfilippo & Son, Inc. - Common Stock","2021-04-28 14:30:00-04:00",87.77999877929688,88.19000244140625,86.95999908447266,87.97000122070312,87.97000122070312,4787
"JBSS","John B. Sanfilippo & Son, Inc. - Common Stock","2021-04-28 15:30:00-04:00",87.91000366210938,88.26000213623047,87.81999969482422,87.81999969482422,87.81999969482422,6874
"JBSS","John B. Sanfilippo & Son, Inc. - Common Stock","2021-04-28 16:00:00-04:00",88.17,89.06,88.17,88.17,88.17,0
"JBSS","John B. Sanfilippo & Son, Inc. - Common Stock","2021-04-29 09:30:00-04:00",89.0199966430664,90.75,87.08000183105469,90.55500030517578,90.55500030517578,15127
"JBSS","John B. Sanfilippo & Son, Inc. - Common Stock","2021-04-29 10:30:00-04:00",90.95999908447266,91.19000244140624,90.37000274658205,90.75,90.75,2909
"JBSS","John B. Sanfilippo & Son, Inc. - Common Stock","2021-04-29 11:30:00-04:00",90.2699966430664,90.2699966430664,89.83999633789062,89.83999633789062,89.83999633789062,1409
"JBSS","John B. Sanfilippo & Son, Inc. - Common Stock","2021-04-29 12:30:00-04:00",90.3000030517578,90.3000030517578,89.43499755859375,89.43499755859375,89.43499755859375,1297
"JBSS","John B. Sanfilippo & Son, Inc. - Common Stock","2021-04-29 13:30:00-04:00",89.48999786376953,89.90989685058594,88.9000015258789,89.25,89.25,1950
"JBSS","John B. Sanfilippo & Son, Inc. - Common Stock","2021-04-29 14:30:00-04:00",89.36000061035156,89.69999694824219,89.27999877929688,89.27999877929688,89.27999877929688,1847
"JBSS","John B. Sanfilippo & Son, Inc. - Common Stock","2021-04-29 15:30:00-04:00",89.29000091552734,89.5199966430664,88.58999633789062,89.5199966430664,89.5199966430664,6029
"JBSS","John B. Sanfilippo & Son, Inc. - Common Stock","2021-04-29 16:00:00-04:00",89.54,89.54,89.54,89.54,89.54,4308
"JBSS","John B. Sanfilippo & Son, Inc. - Common Stock","2021-05-03 09:30:00-04:00",88.48999786376953,89.4000015258789,88.48999786376953,89.33999633789062,89.33999633789062,0
"JBSS","John B. Sanfilippo & Son, Inc. - Common Stock","2021-05-03 10:30:00-04:00",89.33999633789062,89.91999816894531,89.33999633789062,89.91000366210938,89.91000366210938,1630
"JBSS","John B. Sanfilippo & Son, Inc. - Common Stock","2021-05-03 11:30:00-04:00",89.9749984741211,90.1500015258789,89.91999816894531,90.04000091552734,90.04000091552734,2457
"JBSS","John B. Sanfilippo & Son, Inc. - Common Stock","2021-05-03 12:30:00-04:00",90.2300033569336,90.76000213623048,90.2300033569336,90.76000213623048,90.76000213623048,2557
"JBSS","John B. Sanfilippo & Son, Inc. - Common Stock","2021-05-03 13:30:00-04:00",90.81500244140624,91.83999633789062,90.81500244140624,91.33999633789062,91.33999633789062,5189
"JBSS","John B. Sanfilippo & Son, Inc. - Common Stock","2021-05-03 14:30:00-04:00",91.4499969482422,92.06999969482422,91.25,91.55999755859376,91.55999755859376,6746
"JBSS","John B. Sanfilippo & Son, Inc. - Common Stock","2021-05-03 15:30:00-04:00",91.55500030517578,91.80999755859376,91.13999938964844,91.38999938964844,91.38999938964844,10902
"JBSS","John B. Sanfilippo & Son, Inc. - Common Stock","2021-05-03 16:00:00-04:00",91.31,91.31,91.309,91.309,91.309,0
"JBSS","John B. Sanfilippo & Son, Inc. - Common Stock","2021-05-03 17:00:00-04:00",91.31,91.31,91.31,91.31,91.31,0
"JBSS","John B. Sanfilippo & Son, Inc. - Common Stock","2021-05-04 09:30:00-04:00",91.3499984741211,91.3499984741211,90.22000122070312,90.56999969482422,90.56999969482422,1801
"JBSS","John B. Sanfilippo & Son, Inc. - Common Stock","2021-05-04 10:30:00-04:00",91.13999938964844,91.13999938964844,91.06999969482422,91.06999969482422,91.06999969482422,1237
"JBSS","John B. Sanfilippo & Son, Inc. - Common Stock","2021-05-04 11:30:00-04:00",90.7300033569336,90.88999938964844,90.7300033569336,90.88999938964844,90.88999938964844,1644
"JBSS","John B. Sanfilippo & Son, Inc. - Common Stock","2021-05-04 12:30:00-04:00",90.7300033569336,91.06999969482422,90.7300033569336,91.06999969482422,91.06999969482422,1397
"JBSS","John B. Sanfilippo & Son, Inc. - Common Stock","2021-05-04 13:30:00-04:00",90.5,90.5500030517578,90.11000061035156,90.44000244140624,90.44000244140624,4645
"JBSS","John B. Sanfilippo & Son, Inc. - Common Stock","2021-05-04 14:30:00-04:00",90.66999816894533,90.68000030517578,90.26000213623048,90.26000213623048,90.26000213623048,2692
"JBSS","John B. Sanfilippo & Son, Inc. - Common Stock","2021-05-04 15:30:00-04:00",90.47000122070312,91.04499816894533,90.41000366210938,90.41999816894533,90.41999816894533,4049
"JBSS","John B. Sanfilippo & Son, Inc. - Common Stock","2021-05-04 16:00:00-04:00",90.35,90.35,90.35,90.35,90.35,0
"JBSS","John B. Sanfilippo & Son, Inc. - Common Stock","2021-05-04 17:00:00-04:00",90.35,90.35,90.35,90.35,90.35,0
"JBSS","John B. Sanfilippo & Son, Inc. - Common Stock","2021-05-05 08:00:00-04:00",90.35,90.35,90.35,90.35,90.35,0
"JBSS","John B. Sanfilippo & Son, Inc. - Common Stock","2021-05-05 09:30:00-04:00",90.20999908447266,90.3499984741211,89.5,89.5,89.5,1735
"JBSS","John B. Sanfilippo & Son, Inc. - Common Stock","2021-05-05 10:30:00-04:00",89.27999877929688,89.27999877929688,88.93000030517578,89.20999908447266,89.20999908447266,2780
"JBSS","John B. Sanfilippo & Son, Inc. - Common Stock","2021-05-05 11:30:00-04:00",89.29000091552734,89.3499984741211,89.29000091552734,89.3499984741211,89.3499984741211,559
"JBSS","John B. Sanfilippo & Son, Inc. - Common Stock","2021-05-05 12:30:00-04:00",89.45999908447266,89.45999908447266,89.33999633789062,89.4000015258789,89.4000015258789,1728
"JBSS","John B. Sanfilippo & Son, Inc. - Common Stock","2021-05-05 13:30:00-04:00",89.58999633789062,89.58999633789062,89.55999755859375,89.58999633789062,89.58999633789062,1229
"JBSS","John B. Sanfilippo & Son, Inc. - Common Stock","2021-05-05 14:30:00-04:00",89.62999725341797,90.12999725341795,89.62999725341797,90.12999725341795,90.12999725341795,1634
"JBSS","John B. Sanfilippo & Son, Inc. - Common Stock","2021-05-05 15:30:00-04:00",90.30999755859376,90.9800033569336,90.30999755859376,90.97000122070312,90.97000122070312,4530
"JBSS","John B. Sanfilippo & Son, Inc. - Common Stock","2021-05-05 16:00:00-04:00",90.52,90.52,90.52,90.52,90.52,2413
"JBSS","John B. Sanfilippo & Son, Inc. - Common Stock","2021-05-06 08:00:00-04:00",90.52,90.52,90.52,90.52,90.52,0
"JBSS","John B. Sanfilippo & Son, Inc. - Common Stock","2021-05-06 09:30:00-04:00",90.9000015258789,91.4000015258789,90.81999969482422,91.4000015258789,91.4000015258789,2209
"JBSS","John B. Sanfilippo & Son, Inc. - Common Stock","2021-05-06 10:30:00-04:00",91.0749969482422,91.72000122070312,90.84500122070312,91.56999969482422,91.56999969482422,5097
"JBSS","John B. Sanfilippo & Son, Inc. - Common Stock","2021-05-06 11:30:00-04:00",91.8000030517578,91.8000030517578,91.8000030517578,91.8000030517578,91.8000030517578,972
"JBSS","John B. Sanfilippo & Son, Inc. - Common Stock","2021-05-06 12:30:00-04:00",91.94000244140624,91.94000244140624,91.6999969482422,91.6999969482422,91.6999969482422,2002
"JBSS","John B. Sanfilippo & Son, Inc. - Common Stock","2021-05-06 13:30:00-04:00",91.66000366210938,91.66500091552734,91.37999725341795,91.37999725341795,91.37999725341795,1680
"JBSS","John B. Sanfilippo & Son, Inc. - Common Stock","2021-05-06 14:30:00-04:00",91.41000366210938,91.47000122070312,90.95500183105467,90.95500183105467,90.95500183105467,2980
"JBSS","John B. Sanfilippo & Son, Inc. - Common Stock","2021-05-06 15:30:00-04:00",91.41000366210938,91.48999786376952,90.91999816894533,91.12000274658205,91.12000274658205,4468
"JBSS","John B. Sanfilippo & Son, Inc. - Common Stock","2021-05-06 16:00:00-04:00",91.1,91.1,91.1,91.1,91.1,6587
"JBSS","John B. Sanfilippo & Son, Inc. - Common Stock","2021-05-07 09:30:00-04:00",91.0,92.4999008178711,90.2300033569336,91.37000274658205,91.37000274658205,0
"JBSS","John B. Sanfilippo & Son, Inc. - Common Stock","2021-05-07 10:30:00-04:00",91.48500061035156,91.48999786376952,90.8000030517578,91.11000061035156,91.11000061035156,4172
"JBSS","John B. Sanfilippo & Son, Inc. - Common Stock","2021-05-07 11:30:00-04:00",90.77999877929688,90.77999877929688,90.77999877929688,90.77999877929688,90.77999877929688,749
"JBSS","John B. Sanfilippo & Son, Inc. - Common Stock","2021-05-07 12:30:00-04:00",90.91999816894533,90.91999816894533,90.44000244140624,90.44000244140624,90.44000244140624,1733
"JBSS","John B. Sanfilippo & Son, Inc. - Common Stock","2021-05-07 13:30:00-04:00",90.37000274658205,90.71990203857422,90.37000274658205,90.71990203857422,90.71990203857422,2950
"JBSS","John B. Sanfilippo & Son, Inc. - Common Stock","2021-05-07 14:30:00-04:00",90.70999908447266,91.0500030517578,90.70999908447266,91.0500030517578,91.0500030517578,1214
"JBSS","John B. Sanfilippo & Son, Inc. - Common Stock","2021-05-07 15:30:00-04:00",91.26000213623048,91.51000213623048,91.1500015258789,91.51000213623048,91.51000213623048,2854
"JBSS","John B. Sanfilippo & Son, Inc. - Common Stock","2021-05-07 16:00:00-04:00",91.34,91.34,91.34,91.34,91.34,2440
"JBSS","John B. Sanfilippo & Son, Inc. - Common Stock","2021-05-10 08:00:00-04:00",91.34,91.34,91.34,91.34,91.34,0
"JBSS","John B. Sanfilippo & Son, Inc. - Common Stock","2021-05-10 09:30:00-04:00",91.79000091552734,91.83999633789062,91.13999938964844,91.5199966430664,91.5199966430664,1278
"JBSS","John B. Sanfilippo & Son, Inc. - Common Stock","2021-05-10 10:30:00-04:00",91.62999725341795,91.83999633789062,91.4188995361328,91.83999633789062,91.83999633789062,1932
"JBSS","John B. Sanfilippo & Son, Inc. - Common Stock","2021-05-10 11:30:00-04:00",92.08999633789062,92.1500015258789,91.9749984741211,92.08999633789062,92.08999633789062,1245
"JBSS","John B. Sanfilippo & Son, Inc. - Common Stock","2021-05-10 12:30:00-04:00",91.94000244140624,92.00499725341795,91.7864990234375,91.79000091552734,91.79000091552734,2988
"JBSS","John B. Sanfilippo & Son, Inc. - Common Stock","2021-05-10 13:30:00-04:00",91.80999755859376,91.81500244140624,91.66000366210938,91.6999969482422,91.6999969482422,1838
"JBSS","John B. Sanfilippo & Son, Inc. - Common Stock","2021-05-10 14:30:00-04:00",90.9800033569336,90.9800033569336,90.66999816894533,90.81999969482422,90.81999969482422,2730
"JBSS","John B. Sanfilippo & Son, Inc. - Common Stock","2021-05-10 15:30:00-04:00",90.88999938964844,91.62999725341795,90.88999938964844,90.91999816894533,90.91999816894533,4007
"JBSS","John B. Sanfilippo & Son, Inc. - Common Stock","2021-05-10 16:00:00-04:00",91.17,91.17,91.17,91.17,91.17,12472
"JBSS","John B. Sanfilippo & Son, Inc. - Common Stock","2021-05-11 09:00:00-04:00",90.97,91.97,90.97,91.5,91.5,0
"JBSS","John B. Sanfilippo & Son, Inc. - Common Stock","2021-05-11 09:30:00-04:00",90.7699966430664,91.72989654541016,90.7699966430664,91.1500015258789,91.1500015258789,3705
"JBSS","John B. Sanfilippo & Son, Inc. - Common Stock","2021-05-11 10:30:00-04:00",91.61499786376952,91.72160339355467,91.41999816894533,91.68000030517578,91.68000030517578,2795
"JBSS","John B. Sanfilippo & Son, Inc. - Common Stock","2021-05-11 11:30:00-04:00",91.68000030517578,91.7300033569336,90.83999633789062,91.18000030517578,91.18000030517578,2861
"JBSS","John B. Sanfilippo & Son, Inc. - Common Stock","2021-05-11 12:30:00-04:00",90.72000122070312,90.72000122070312,90.72000122070312,90.72000122070312,90.72000122070312,575
"JBSS","John B. Sanfilippo & Son, Inc. - Common Stock","2021-05-11 13:30:00-04:00",90.8550033569336,90.8550033569336,90.8550033569336,90.8550033569336,90.8550033569336,302
"JBSS","John B. Sanfilippo & Son, Inc. - Common Stock","2021-05-11 14:30:00-04:00",90.9250030517578,90.9250030517578,90.6750030517578,90.6750030517578,90.6750030517578,875
"JBSS","John B. Sanfilippo & Son, Inc. - Common Stock","2021-05-11 15:30:00-04:00",90.66500091552734,90.9499969482422,90.0999984741211,90.9499969482422,90.9499969482422,3491
"JBSS","John B. Sanfilippo & Son, Inc. - Common Stock","2021-05-11 16:00:00-04:00",90.57,90.57,90.57,90.57,90.57,2987
"JBSS","John B. Sanfilippo & Son, Inc. - Common Stock","2021-05-12 09:30:00-04:00",90.1999969482422,91.90499877929688,89.65879821777344,91.1999969482422,91.1999969482422,0
"JBSS","John B. Sanfilippo & Son, Inc. - Common Stock","2021-05-12 10:30:00-04:00",91.04000091552734,91.19000244140624,90.68000030517578,90.9530029296875,90.9530029296875,2264
"JBSS","John B. Sanfilippo & Son, Inc. - Common Stock","2021-05-12 11:30:00-04:00",91.05999755859376,91.0749969482422,90.77999877929688,90.77999877929688,90.77999877929688,1546
"JBSS","John B. Sanfilippo & Son, Inc. - Common Stock","2021-05-12 12:30:00-04:00",90.73999786376952,90.9499969482422,90.73999786376952,90.9499969482422,90.9499969482422,1120
"JBSS","John B. Sanfilippo & Son, Inc. - Common Stock","2021-05-12 13:30:00-04:00",90.62000274658205,90.72000122070312,90.29499816894533,90.29499816894533,90.29499816894533,1986
"JBSS","John B. Sanfilippo & Son, Inc. - Common Stock","2021-05-12 14:30:00-04:00",90.4250030517578,90.5,89.80999755859375,89.80999755859375,89.80999755859375,3344
"JBSS","John B. Sanfilippo & Son, Inc. - Common Stock","2021-05-12 15:30:00-04:00",89.4000015258789,90.27999877929688,89.29000091552734,89.83000183105469,89.83000183105469,4921
"JBSS","John B. Sanfilippo & Son, Inc. - Common Stock","2021-05-12 16:00:00-04:00",90.13,90.13,90.13,90.13,90.13,4633
"JBSS","John B. Sanfilippo & Son, Inc. - Common Stock","2021-05-13 08:00:00-04:00",90.13,90.13,90.13,90.13,90.13,0
"JBSS","John B. Sanfilippo & Son, Inc. - Common Stock","2021-05-13 09:30:00-04:00",89.87000274658203,91.0,89.87000274658203,90.66000366210938,90.66000366210938,1742
"JBSS","John B. Sanfilippo & Son, Inc. - Common Stock","2021-05-13 10:30:00-04:00",91.01200103759766,91.01200103759766,90.85540008544922,90.85540008544922,90.85540008544922,3281
"JBSS","John B. Sanfilippo & Son, Inc. - Common Stock","2021-05-13 11:30:00-04:00",91.88999938964844,92.45999908447266,91.88999938964844,92.45999908447266,92.45999908447266,3605
"JBSS","John B. Sanfilippo & Son, Inc. - Common Stock","2021-05-13 12:30:00-04:00",92.51010131835938,92.95999908447266,92.5,92.95999908447266,92.95999908447266,5418
"JBSS","John B. Sanfilippo & Son, Inc. - Common Stock","2021-05-13 13:30:00-04:00",92.9800033569336,92.9800033569336,92.9800033569336,92.9800033569336,92.9800033569336,1208
"JBSS","John B. Sanfilippo & Son, Inc. - Common Stock","2021-05-13 14:30:00-04:00",93.29499816894533,93.5199966430664,92.87000274658205,93.20999908447266,93.20999908447266,3659
"JBSS","John B. Sanfilippo & Son, Inc. - Common Stock","2021-05-13 15:30:00-04:00",93.48999786376952,93.48999786376952,92.79000091552734,92.79000091552734,92.79000091552734,3977
"JBSS","John B. Sanfilippo & Son, Inc. - Common Stock","2021-05-13 16:00:00-04:00",92.98,92.98,92.974,92.974,92.974,0
"JBSS","John B. Sanfilippo & Son, Inc. - Common Stock","2021-05-14 09:30:00-04:00",93.02999877929688,93.02999877929688,93.02999877929688,93.02999877929688,93.02999877929688,829
"JBSS","John B. Sanfilippo & Son, Inc. - Common Stock","2021-05-14 10:30:00-04:00",92.94499969482422,92.94499969482422,92.04000091552734,92.04000091552734,92.04000091552734,2077
"JBSS","John B. Sanfilippo & Son, Inc. - Common Stock","2021-05-14 11:30:00-04:00",91.7699966430664,92.9000015258789,91.76000213623048,92.37000274658205,92.37000274658205,5587
"JBSS","John B. Sanfilippo & Son, Inc. - Common Stock","2021-05-14 12:30:00-04:00",92.4499969482422,92.5,92.4499969482422,92.5,92.5,703
"JBSS","John B. Sanfilippo & Son, Inc. - Common Stock","2021-05-14 13:30:00-04:00",92.41000366210938,92.41000366210938,92.41000366210938,92.41000366210938,92.41000366210938,942
"JBSS","John B. Sanfilippo & Son, Inc. - Common Stock","2021-05-14 14:30:00-04:00",92.68000030517578,92.68000030517578,92.40499877929688,92.68000030517578,92.68000030517578,1526
"JBSS","John B. Sanfilippo & Son, Inc. - Common Stock","2021-05-14 15:30:00-04:00",92.58999633789062,92.91999816894533,92.47000122070312,92.47000122070312,92.47000122070312,4638
"JBSS","John B. Sanfilippo & Son, Inc. - Common Stock","2021-05-14 16:00:00-04:00",92.79,92.79,92.79,92.79,92.79,4785
"JBSS","John B. Sanfilippo & Son, Inc. - Common Stock","2021-05-17 07:00:00-04:00",93.4,93.4,93.4,93.4,93.4,0
"JBSS","John B. Sanfilippo & Son, Inc. - Common Stock","2021-05-17 09:30:00-04:00",92.16000366210938,92.43000030517578,92.11000061035156,92.43000030517578,92.43000030517578,1764
"JBSS","John B. Sanfilippo & Son, Inc. - Common Stock","2021-05-17 10:30:00-04:00",91.69000244140624,91.87999725341795,91.69000244140624,91.87999725341795,91.87999725341795,878
"JBSS","John B. Sanfilippo & Son, Inc. - Common Stock","2021-05-17 11:30:00-04:00",91.7699966430664,92.0979995727539,91.75,91.8249969482422,91.8249969482422,2392
"JBSS","John B. Sanfilippo & Son, Inc. - Common Stock","2021-05-17 12:30:00-04:00",91.66000366210938,91.93099975585938,91.55999755859376,91.58000183105467,91.58000183105467,1121
"JBSS","John B. Sanfilippo & Son, Inc. - Common Stock","2021-05-17 13:30:00-04:00",91.5500030517578,91.5500030517578,90.91000366210938,91.29000091552734,91.29000091552734,2347
"JBSS","John B. Sanfilippo & Son, Inc. - Common Stock","2021-05-17 14:30:00-04:00",91.25,91.25,90.51000213623048,90.72000122070312,90.72000122070312,2337
"JBSS","John B. Sanfilippo & Son, Inc. - Common Stock","2021-05-17 15:30:00-04:00",90.6999969482422,90.81500244140624,90.27999877929688,90.5999984741211,90.5999984741211,6731
"JBSS","John B. Sanfilippo & Son, Inc. - Common Stock","2021-05-17 16:00:00-04:00",90.83,90.83,90.83,90.83,90.83,5929
"JBSS","John B. Sanfilippo & Son, Inc. - Common Stock","2021-05-18 08:00:00-04:00",90.83,90.83,90.83,90.83,90.83,0
"JBSS","John B. Sanfilippo & Son, Inc. - Common Stock","2021-05-18 09:30:00-04:00",90.8499984741211,90.8499984741211,89.55000305175781,90.50060272216795,90.50060272216795,6006
"JBSS","John B. Sanfilippo & Son, Inc. - Common Stock","2021-05-18 10:30:00-04:00",91.36000061035156,91.95999908447266,91.36000061035156,91.95999908447266,91.95999908447266,632
"JBSS","John B. Sanfilippo & Son, Inc. - Common Stock","2021-05-18 11:30:00-04:00",91.91999816894533,92.33999633789062,91.68000030517578,92.33999633789062,92.33999633789062,1549
"JBSS","John B. Sanfilippo & Son, Inc. - Common Stock","2021-05-18 12:30:00-04:00",92.125,92.1999969482422,91.87999725341795,91.94000244140624,91.94000244140624,4149
"JBSS","John B. Sanfilippo & Son, Inc. - Common Stock","2021-05-18 13:30:00-04:00",91.96499633789062,92.12999725341795,91.62000274658205,91.62000274658205,91.62000274658205,3806
"JBSS","John B. Sanfilippo & Son, Inc. - Common Stock","2021-05-18 14:30:00-04:00",91.55999755859376,91.55999755859376,91.13999938964844,91.52999877929688,91.52999877929688,1477
"JBSS","John B. Sanfilippo & Son, Inc. - Common Stock","2021-05-18 15:30:00-04:00",91.6500015258789,91.6500015258789,90.66000366210938,90.79000091552734,90.79000091552734,6611
"JBSS","John B. Sanfilippo & Son, Inc. - Common Stock","2021-05-18 16:00:00-04:00",90.79,90.79,90.79,90.79,90.79,4571
"JBSS","John B. Sanfilippo & Son, Inc. - Common Stock","2021-05-19 09:30:00-04:00",90.45999908447266,91.0,90.0,90.0,90.0,0
"JBSS","John B. Sanfilippo & Son, Inc. - Common Stock","2021-05-19 10:30:00-04:00",90.04000091552734,90.34500122070312,89.75070190429688,90.34500122070312,90.34500122070312,2102
"JBSS","John B. Sanfilippo & Son, Inc. - Common Stock","2021-05-19 11:30:00-04:00",90.5199966430664,91.30999755859376,90.5199966430664,91.30999755859376,91.30999755859376,3381
"JBSS","John B. Sanfilippo & Son, Inc. - Common Stock","2021-05-19 12:30:00-04:00",91.08999633789062,91.30999755859376,91.08999633789062,91.30999755859376,91.30999755859376,919
"JBSS","John B. Sanfilippo & Son, Inc. - Common Stock","2021-05-19 13:30:00-04:00",91.52999877929688,91.66999816894533,91.16999816894533,91.44000244140624,91.44000244140624,3658
"JBSS","John B. Sanfilippo & Son, Inc. - Common Stock","2021-05-19 14:30:00-04:00",91.61000061035156,92.00499725341795,91.61000061035156,91.86000061035156,91.86000061035156,2206
"JBSS","John B. Sanfilippo & Son, Inc. - Common Stock","2021-05-19 15:30:00-04:00",91.9000015258789,92.08000183105467,91.9000015258789,92.0199966430664,92.0199966430664,3996
"JBSS","John B. Sanfilippo & Son, Inc. - Common Stock","2021-05-19 16:00:00-04:00",91.85,91.85,91.85,91.85,91.85,5813
"JBSS","John B. Sanfilippo & Son, Inc. - Common Stock","2021-05-20 08:00:00-04:00",91.85,91.85,91.85,91.85,91.85,0
"JBSS","John B. Sanfilippo & Son, Inc. - Common Stock","2021-05-20 09:30:00-04:00",91.73999786376952,92.55999755859376,91.33360290527344,92.41000366210938,92.41000366210938,2441
"JBSS","John B. Sanfilippo & Son, Inc. - Common Stock","2021-05-20 10:30:00-04:00",92.69000244140624,92.69000244140624,92.4499969482422,92.5500030517578,92.5500030517578,1404
"JBSS","John B. Sanfilippo & Son, Inc. - Common Stock","2021-05-20 11:30:00-04:00",92.62000274658205,92.62000274658205,92.1500015258789,92.58000183105467,92.58000183105467,1986
"JBSS","John B. Sanfilippo & Son, Inc. - Common Stock","2021-05-20 12:30:00-04:00",92.41999816894533,92.66999816894533,92.36000061035156,92.66999816894533,92.66999816894533,1316
"JBSS","John B. Sanfilippo & Son, Inc. - Common Stock","2021-05-20 13:30:00-04:00",92.3499984741211,92.5500030517578,92.3499984741211,92.49500274658205,92.49500274658205,2592
"JBSS","John B. Sanfilippo & Son, Inc. - Common Stock","2021-05-20 14:30:00-04:00",92.26000213623048,92.54000091552734,91.7300033569336,92.29000091552734,92.29000091552734,3135
"JBSS","John B. Sanfilippo & Son, Inc. - Common Stock","2021-05-20 15:30:00-04:00",92.11000061035156,92.41000366210938,92.11000061035156,92.38999938964844,92.38999938964844,1542
"JBSS","John B. Sanfilippo & Son, Inc. - Common Stock","2021-05-20 16:00:00-04:00",92.55,92.55,92.55,92.55,92.55,2590
"JBSS","John B. Sanfilippo & Son, Inc. - Common Stock","2021-05-21 09:30:00-04:00",93.11000061035156,93.43000030517578,92.78500366210938,92.97000122070312,92.97000122070312,0
"JBSS","John B. Sanfilippo & Son, Inc. - Common Stock","2021-05-21 10:30:00-04:00",92.26000213623048,92.26000213623048,92.26000213623048,92.26000213623048,92.26000213623048,710
"JBSS","John B. Sanfilippo & Son, Inc. - Common Stock","2021-05-21 11:30:00-04:00",91.97000122070312,92.0,91.33999633789062,91.33999633789062,91.33999633789062,2159
"JBSS","John B. Sanfilippo & Son, Inc. - Common Stock","2021-05-21 12:30:00-04:00",91.45999908447266,91.45999908447266,91.45999908447266,91.45999908447266,91.45999908447266,1146
"JBSS","John B. Sanfilippo & Son, Inc. - Common Stock","2021-05-21 13:30:00-04:00",91.31009674072266,91.61000061035156,91.31009674072266,91.61000061035156,91.61000061035156,1841
"JBSS","John B. Sanfilippo & Son, Inc. - Common Stock","2021-05-21 14:30:00-04:00",91.6999969482422,92.20999908447266,91.6999969482422,92.0199966430664,92.0199966430664,2142
"JBSS","John B. Sanfilippo & Son, Inc. - Common Stock","2021-05-21 15:30:00-04:00",91.97000122070312,92.08000183105467,91.79000091552734,91.79000091552734,91.79000091552734,3156
"JBSS","John B. Sanfilippo & Son, Inc. - Common Stock","2021-05-21 16:00:00-04:00",91.82,91.82,91.82,91.82,91.82,28363
"JBSS","John B. Sanfilippo & Son, Inc. - Common Stock","2021-05-24 08:00:00-04:00",91.82,91.82,91.82,91.82,91.82,0
"JBSS","John B. Sanfilippo & Son, Inc. - Common Stock","2021-05-24 09:30:00-04:00",92.08999633789062,92.08999633789062,91.04000091552734,91.47000122070312,91.47000122070312,1928
"JBSS","John B. Sanfilippo & Son, Inc. - Common Stock","2021-05-24 10:30:00-04:00",91.62999725341795,91.7300033569336,91.29000091552734,91.29000091552734,91.29000091552734,1803
"JBSS","John B. Sanfilippo & Son, Inc. - Common Stock","2021-05-24 11:30:00-04:00",91.5500030517578,91.63999938964844,91.4000015258789,91.63999938964844,91.63999938964844,2504
"JBSS","John B. Sanfilippo & Son, Inc. - Common Stock","2021-05-24 12:30:00-04:00",91.77999877929688,92.0199966430664,91.6999969482422,91.81310272216795,91.81310272216795,1561
"JBSS","John B. Sanfilippo & Son, Inc. - Common Stock","2021-05-24 13:30:00-04:00",92.05999755859376,92.16999816894533,91.91999816894533,92.05999755859376,92.05999755859376,1973
"JBSS","John B. Sanfilippo & Son, Inc. - Common Stock","2021-05-24 14:30:00-04:00",91.9000015258789,91.9000015258789,91.88999938964844,91.88999938964844,91.88999938964844,790
"JBSS","John B. Sanfilippo & Son, Inc. - Common Stock","2021-05-24 15:30:00-04:00",92.0999984741211,92.0999984741211,91.68000030517578,91.86000061035156,91.86000061035156,2356
"JBSS","John B. Sanfilippo & Son, Inc. - Common Stock","2021-05-24 16:00:00-04:00",91.87,91.87,91.87,91.87,91.87,4855
"JBSS","John B. Sanfilippo & Son, Inc. - Common Stock","2021-05-25 09:00:00-04:00",91.87,91.87,91.87,91.87,91.87,0
"JBSS","John B. Sanfilippo & Son, Inc. - Common Stock","2021-05-25 09:30:00-04:00",91.70999908447266,91.88999938964844,90.4499969482422,91.66000366210938,91.66000366210938,1790
"JBSS","John B. Sanfilippo & Son, Inc. - Common Stock","2021-05-25 10:30:00-04:00",91.4800033569336,91.4800033569336,90.88999938964844,90.91000366210938,90.91000366210938,1980
"JBSS","John B. Sanfilippo & Son, Inc. - Common Stock","2021-05-25 11:30:00-04:00",90.7699966430664,91.08999633789062,90.7699966430664,90.91000366210938,90.91000366210938,1709
"JBSS","John B. Sanfilippo & Son, Inc. - Common Stock","2021-05-25 12:30:00-04:00",90.93499755859376,91.1999969482422,90.93499755859376,90.94000244140624,90.94000244140624,3727
"JBSS","John B. Sanfilippo & Son, Inc. - Common Stock","2021-05-25 13:30:00-04:00",90.87000274658205,91.38999938964844,90.87000274658205,90.94000244140624,90.94000244140624,3424
"JBSS","John B. Sanfilippo & Son, Inc. - Common Stock","2021-05-25 14:30:00-04:00",90.94000244140624,91.4175033569336,90.91999816894533,91.4175033569336,91.4175033569336,2988
"JBSS","John B. Sanfilippo & Son, Inc. - Common Stock","2021-05-25 15:30:00-04:00",91.30999755859376,91.54000091552734,90.94000244140624,91.05999755859376,91.05999755859376,5303
"JBSS","John B. Sanfilippo & Son, Inc. - Common Stock","2021-05-25 16:00:00-04:00",91.3,91.3,91.3,91.3,91.3,0
"JBSS","John B. Sanfilippo & Son, Inc. - Common Stock","2021-05-26 09:30:00-04:00",91.29000091552734,91.76000213623048,90.56999969482422,91.68000030517578,91.68000030517578,1761
"JBSS","John B. Sanfilippo & Son, Inc. - Common Stock","2021-05-26 10:30:00-04:00",91.66000366210938,92.3499984741211,91.20500183105467,91.94000244140624,91.94000244140624,3659
"JBSS","John B. Sanfilippo & Son, Inc. - Common Stock","2021-05-26 11:30:00-04:00",92.27999877929688,92.44499969482422,91.66000366210938,92.04000091552734,92.04000091552734,1539
"JBSS","John B. Sanfilippo & Son, Inc. - Common Stock","2021-05-26 12:30:00-04:00",92.02999877929688,92.54000091552734,92.02999877929688,92.54000091552734,92.54000091552734,1435
"JBSS","John B. Sanfilippo & Son, Inc. - Common Stock","2021-05-26 13:30:00-04:00",92.62000274658205,92.62999725341795,92.4499969482422,92.47000122070312,92.47000122070312,2612
"JBSS","John B. Sanfilippo & Son, Inc. - Common Stock","2021-05-26 14:30:00-04:00",92.51000213623048,92.52999877929688,92.13999938964844,92.4800033569336,92.4800033569336,2701
"JBSS","John B. Sanfilippo & Son, Inc. - Common Stock","2021-05-26 15:30:00-04:00",92.4000015258789,92.4000015258789,91.72000122070312,91.72000122070312,91.72000122070312,9153
"JBSS","John B. Sanfilippo & Son, Inc. - Common Stock","2021-05-26 16:00:00-04:00",91.92,91.92,91.92,91.92,91.92,5429
"JBSS","John B. Sanfilippo & Son, Inc. - Common Stock","2021-05-27 08:00:00-04:00",91.92,91.92,91.92,91.92,91.92,0
"JBSS","John B. Sanfilippo & Son, Inc. - Common Stock","2021-05-27 09:30:00-04:00",92.23999786376952,92.5,92.11000061035156,92.11000061035156,92.11000061035156,1140
"JBSS","John B. Sanfilippo & Son, Inc. - Common Stock","2021-05-27 10:30:00-04:00",92.27999877929688,92.55999755859376,92.26000213623048,92.49500274658205,92.49500274658205,1664
"JBSS","John B. Sanfilippo & Son, Inc. - Common Stock","2021-05-27 11:30:00-04:00",92.48500061035156,92.5500030517578,92.13999938964844,92.13999938964844,92.13999938964844,1627
"JBSS","John B. Sanfilippo & Son, Inc. - Common Stock","2021-05-27 12:30:00-04:00",92.54000091552734,92.54000091552734,92.12999725341795,92.12999725341795,92.12999725341795,1276
"JBSS","John B. Sanfilippo & Son, Inc. - Common Stock","2021-05-27 13:30:00-04:00",92.16999816894533,92.16999816894533,92.02999877929688,92.02999877929688,92.02999877929688,1685
"JBSS","John B. Sanfilippo & Son, Inc. - Common Stock","2021-05-27 14:30:00-04:00",92.16000366210938,92.16000366210938,91.99500274658205,91.99500274658205,91.99500274658205,959
"JBSS","John B. Sanfilippo & Son, Inc. - Common Stock","2021-05-27 15:30:00-04:00",92.2300033569336,92.44000244140624,92.0,92.44000244140624,92.44000244140624,4912
"JBSS","John B. Sanfilippo & Son, Inc. - Common Stock","2021-05-27 16:00:00-04:00",92.0,92.0,91.9969,92.0,92.0,0
"JBSS","John B. Sanfilippo & Son, Inc. - Common Stock","2021-05-28 09:30:00-04:00",92.33999633789062,92.76000213623048,91.54000091552734,91.80500030517578,91.80500030517578,2304
"JBSS","John B. Sanfilippo & Son, Inc. - Common Stock","2021-05-28 10:30:00-04:00",92.43000030517578,92.70999908447266,92.23999786376952,92.23999786376952,92.23999786376952,2696
"JBSS","John B. Sanfilippo & Son, Inc. - Common Stock","2021-05-28 11:30:00-04:00",92.36000061035156,92.75,92.29000091552734,92.70999908447266,92.70999908447266,2618
"JBSS","John B. Sanfilippo & Son, Inc. - Common Stock","2021-05-28 12:30:00-04:00",92.66999816894533,92.87999725341795,92.53500366210938,92.87999725341795,92.87999725341795,1802
"JBSS","John B. Sanfilippo & Son, Inc. - Common Stock","2021-05-28 13:30:00-04:00",92.9499969482422,93.0,92.63999938964844,93.0,93.0,3188
"JBSS","John B. Sanfilippo & Son, Inc. - Common Stock","2021-05-28 14:30:00-04:00",93.16000366210938,93.1999969482422,93.11000061035156,93.11000061035156,93.11000061035156,2064
"JBSS","John B. Sanfilippo & Son, Inc. - Common Stock","2021-05-28 15:30:00-04:00",93.23999786376952,93.58000183105467,93.06500244140624,93.58000183105467,93.58000183105467,5930
"JBSS","John B. Sanfilippo & Son, Inc. - Common Stock","2021-05-28 16:00:00-04:00",93.31,93.31,93.31,93.31,93.31,4312
"JBSS","John B. Sanfilippo & Son, Inc. - Common Stock","2021-06-01 07:00:00-04:00",94.0,94.0,94.0,94.0,94.0,0
"JBSS","John B. Sanfilippo & Son, Inc. - Common Stock","2021-06-01 09:30:00-04:00",93.3000030517578,93.76000213623048,90.20999908447266,93.06999969482422,93.06999969482422,5150
"JBSS","John B. Sanfilippo & Son, Inc. - Common Stock","2021-06-01 10:30:00-04:00",93.5,93.95999908447266,93.46179962158205,93.68000030517578,93.68000030517578,3262
"JBSS","John B. Sanfilippo & Son, Inc. - Common Stock","2021-06-01 11:30:00-04:00",93.75,94.38999938964844,93.66000366210938,93.9800033569336,93.9800033569336,3098
"JBSS","John B. Sanfilippo & Son, Inc. - Common Stock","2021-06-01 12:30:00-04:00",93.81999969482422,94.12000274658205,93.81999969482422,93.95999908447266,93.95999908447266,2813
"JBSS","John B. Sanfilippo & Son, Inc. - Common Stock","2021-06-01 13:30:00-04:00",93.4499969482422,94.01499938964844,93.4499969482422,94.01499938964844,94.01499938964844,3400
"JBSS","John B. Sanfilippo & Son, Inc. - Common Stock","2021-06-01 14:30:00-04:00",93.8499984741211,94.46499633789062,93.8499984741211,94.46499633789062,94.46499633789062,3725
"JBSS","John B. Sanfilippo & Son, Inc. - Common Stock","2021-06-01 15:30:00-04:00",94.3499984741211,94.48999786376952,94.13999938964844,94.48999786376952,94.48999786376952,6772
"JBSS","John B. Sanfilippo & Son, Inc. - Common Stock","2021-06-01 16:00:00-04:00",94.42,94.42,94.42,94.42,94.42,11772
"JBSS","John B. Sanfilippo & Son, Inc. - Common Stock","2021-06-02 08:00:00-04:00",94.42,94.42,94.42,94.42,94.42,0
"JBSS","John B. Sanfilippo & Son, Inc. - Common Stock","2021-06-02 09:30:00-04:00",94.97000122070312,94.97000122070312,94.97000122070312,94.97000122070312,94.97000122070312,1150
"JBSS","John B. Sanfilippo & Son, Inc. - Common Stock","2021-06-02 10:30:00-04:00",94.3499984741211,94.3499984741211,93.6500015258789,93.6500015258789,93.6500015258789,1113
"JBSS","John B. Sanfilippo & Son, Inc. - Common Stock","2021-06-02 11:30:00-04:00",93.74710083007812,94.1999969482422,93.74710083007812,94.18000030517578,94.18000030517578,2663
"JBSS","John B. Sanfilippo & Son, Inc. - Common Stock","2021-06-02 12:30:00-04:00",94.26000213623048,94.3499984741211,94.0,94.0,94.0,1591
"JBSS","John B. Sanfilippo & Son, Inc. - Common Stock","2021-06-02 13:30:00-04:00",94.25,94.47000122070312,94.0447998046875,94.0447998046875,94.0447998046875,3519
"JBSS","John B. Sanfilippo & Son, Inc. - Common Stock","2021-06-02 14:30:00-04:00",93.97000122070312,93.97000122070312,92.7300033569336,92.94000244140624,92.94000244140624,5047
"JBSS","John B. Sanfilippo & Son, Inc. - Common Stock","2021-06-02 15:30:00-04:00",92.72000122070312,93.0999984741211,92.27999877929688,92.73999786376952,92.73999786376952,7301
"JBSS","John B. Sanfilippo & Son, Inc. - Common Stock","2021-06-02 16:00:00-04:00",93.04,93.04,93.04,93.04,93.04,0
"JBSS","John B. Sanfilippo & Son, Inc. - Common Stock","2021-06-03 07:00:00-04:00",93.04,93.04,93.04,93.04,93.04,0
"JBSS","John B. Sanfilippo & Son, Inc. - Common Stock","2021-06-03 09:30:00-04:00",92.94000244140624,93.33999633789062,92.83999633789062,92.83999633789062,92.83999633789062,1513
"JBSS","John B. Sanfilippo & Son, Inc. - Common Stock","2021-06-03 10:30:00-04:00",92.41999816894533,92.41999816894533,92.29000091552734,92.38999938964844,92.38999938964844,1645
"JBSS","John B. Sanfilippo & Son, Inc. - Common Stock","2021-06-03 11:30:00-04:00",92.37000274658205,92.37000274658205,92.12000274658205,92.12000274658205,92.12000274658205,1819
"JBSS","John B. Sanfilippo & Son, Inc. - Common Stock","2021-06-03 12:30:00-04:00",91.70999908447266,91.8000030517578,91.62999725341795,91.62999725341795,91.62999725341795,372
"JBSS","John B. Sanfilippo & Son, Inc. - Common Stock","2021-06-03 13:30:00-04:00",91.76000213623048,91.9800033569336,91.62999725341795,91.66500091552734,91.66500091552734,3324
"JBSS","John B. Sanfilippo & Son, Inc. - Common Stock","2021-06-03 14:30:00-04:00",91.9000015258789,91.9000015258789,91.1050033569336,91.37000274658205,91.37000274658205,4196
"JBSS","John B. Sanfilippo & Son, Inc. - Common Stock","2021-06-03 15:30:00-04:00",91.44499969482422,91.77999877929688,91.38999938964844,91.7300033569336,91.7300033569336,10140
"JBSS","John B. Sanfilippo & Son, Inc. - Common Stock","2021-06-03 16:00:00-04:00",91.79,91.79,91.79,91.79,91.79,6329
"JBSS","John B. Sanfilippo & Son, Inc. - Common Stock","2021-06-04 09:30:00-04:00",91.8000030517578,92.6999969482422,91.01000213623048,91.7300033569336,91.7300033569336,0
"JBSS","John B. Sanfilippo & Son, Inc. - Common Stock","2021-06-04 10:30:00-04:00",92.06999969482422,92.27999877929688,91.66999816894533,92.27999877929688,92.27999877929688,1879
"JBSS","John B. Sanfilippo & Son, Inc. - Common Stock","2021-06-04 11:30:00-04:00",92.2300033569336,92.2300033569336,92.2300033569336,92.2300033569336,92.2300033569336,830
"JBSS","John B. Sanfilippo & Son, Inc. - Common Stock","2021-06-04 12:30:00-04:00",91.77999877929688,91.80999755859376,91.77999877929688,91.80999755859376,91.80999755859376,1143
"JBSS","John B. Sanfilippo & Son, Inc. - Common Stock","2021-06-04 13:30:00-04:00",92.0,92.52999877929688,91.86000061035156,92.45999908447266,92.45999908447266,2628
"JBSS","John B. Sanfilippo & Son, Inc. - Common Stock","2021-06-04 14:30:00-04:00",92.46990203857422,92.46990203857422,91.87999725341795,92.2699966430664,92.2699966430664,1139
"JBSS","John B. Sanfilippo & Son, Inc. - Common Stock","2021-06-04 15:30:00-04:00",92.0999984741211,92.43000030517578,92.0999984741211,92.33999633789062,92.33999633789062,3072
"JBSS","John B. Sanfilippo & Son, Inc. - Common Stock","2021-06-04 16:00:00-04:00",92.02,92.02,92.02,92.02,92.02,5231
"JBSS","John B. Sanfilippo & Son, Inc. - Common Stock","2021-06-07 10:30:00-04:00",92.18000030517578,92.3000030517578,91.86000061035156,91.87000274658205,91.87000274658205,1368
"JBSS","John B. Sanfilippo & Son, Inc. - Common Stock","2021-06-07 11:30:00-04:00",91.68000030517578,91.68000030517578,91.68000030517578,91.68000030517578,91.68000030517578,954
"JBSS","John B. Sanfilippo & Son, Inc. - Common Stock","2021-06-07 12:30:00-04:00",91.52999877929688,91.95999908447266,91.52999877929688,91.91999816894533,91.91999816894533,3819
"JBSS","John B. Sanfilippo & Son, Inc. - Common Stock","2021-06-07 13:30:00-04:00",92.1500015258789,92.1500015258789,91.52629852294922,91.52629852294922,91.52629852294922,3213
"JBSS","John B. Sanfilippo & Son, Inc. - Common Stock","2021-06-07 14:30:00-04:00",91.8499984741211,91.8499984741211,91.8499984741211,91.8499984741211,91.8499984741211,1839
"JBSS","John B. Sanfilippo & Son, Inc. - Common Stock","2021-06-07 15:30:00-04:00",92.12000274658205,92.36000061035156,91.87000274658205,91.91999816894533,91.91999816894533,5786
"JBSS","John B. Sanfilippo & Son, Inc. - Common Stock","2021-06-07 16:00:00-04:00",92.19,92.19,92.0609,92.0609,92.0609,0
"JBSS","John B. Sanfilippo & Son, Inc. - Common Stock","2021-06-08 09:30:00-04:00",92.29000091552734,92.79000091552734,92.13009643554688,92.79000091552734,92.79000091552734,1304
"JBSS","John B. Sanfilippo & Son, Inc. - Common Stock","2021-06-08 10:30:00-04:00",92.62999725341795,92.62999725341795,92.5500030517578,92.5500030517578,92.5500030517578,884
"JBSS","John B. Sanfilippo & Son, Inc. - Common Stock","2021-06-08 11:30:00-04:00",92.1500015258789,92.19000244140624,92.1500015258789,92.18000030517578,92.18000030517578,1411
"JBSS","John B. Sanfilippo & Son, Inc. - Common Stock","2021-06-08 12:30:00-04:00",92.2300033569336,92.2300033569336,91.80999755859376,91.80999755859376,91.80999755859376,1782
"JBSS","John B. Sanfilippo & Son, Inc. - Common Stock","2021-06-08 13:30:00-04:00",91.80999755859376,91.91000366210938,91.80999755859376,91.91000366210938,91.91000366210938,1061
"JBSS","John B. Sanfilippo & Son, Inc. - Common Stock","2021-06-08 14:30:00-04:00",91.74500274658205,91.80999755859376,91.56999969482422,91.80999755859376,91.80999755859376,1117
"JBSS","John B. Sanfilippo & Son, Inc. - Common Stock","2021-06-08 15:30:00-04:00",91.8000030517578,91.8000030517578,91.6500015258789,91.7699966430664,91.7699966430664,3678
"JBSS","John B. Sanfilippo & Son, Inc. - Common Stock","2021-06-08 16:00:00-04:00",91.75,91.75,91.75,91.75,91.75,0
"JBSS","John B. Sanfilippo & Son, Inc. - Common Stock","2021-06-09 09:30:00-04:00",91.52999877929688,91.52999877929688,91.3000030517578,91.44000244140624,91.44000244140624,1510
"JBSS","John B. Sanfilippo & Son, Inc. - Common Stock","2021-06-09 10:30:00-04:00",91.1500015258789,91.38999938964844,90.77999877929688,90.86000061035156,90.86000061035156,1294
"JBSS","John B. Sanfilippo & Son, Inc. - Common Stock","2021-06-09 11:30:00-04:00",90.62999725341795,90.62999725341795,90.33000183105467,90.33000183105467,90.33000183105467,796
"JBSS","John B. Sanfilippo & Son, Inc. - Common Stock","2021-06-09 12:30:00-04:00",90.5999984741211,90.75,90.33000183105467,90.73999786376952,90.73999786376952,3007
"JBSS","John B. Sanfilippo & Son, Inc. - Common Stock","2021-06-09 13:30:00-04:00",90.5199966430664,90.5199966430664,90.41999816894533,90.41999816894533,90.41999816894533,1963
"JBSS","John B. Sanfilippo & Son, Inc. - Common Stock","2021-06-09 14:30:00-04:00",90.45999908447266,90.71990203857422,90.45999908447266,90.71990203857422,90.71990203857422,1993
"JBSS","John B. Sanfilippo & Son, Inc. - Common Stock","2021-06-09 15:30:00-04:00",90.5199966430664,90.55999755859376,90.0199966430664,90.29000091552734,90.29000091552734,4363
"JBSS","John B. Sanfilippo & Son, Inc. - Common Stock","2021-06-09 16:00:00-04:00",90.38,90.38,90.38,90.38,90.38,13937
"JBSS","John B. Sanfilippo & Son, Inc. - Common Stock","2021-06-10 08:00:00-04:00",90.38,90.38,90.38,90.38,90.38,0
"JBSS","John B. Sanfilippo & Son, Inc. - Common Stock","2021-06-10 09:30:00-04:00",90.8000030517578,90.87999725341795,90.8000030517578,90.87999725341795,90.87999725341795,1671
"JBSS","John B. Sanfilippo & Son, Inc. - Common Stock","2021-06-10 10:30:00-04:00",90.76000213623048,90.93000030517578,90.75,90.93000030517578,90.93000030517578,1813
"JBSS","John B. Sanfilippo & Son, Inc. - Common Stock","2021-06-10 11:30:00-04:00",91.33000183105467,91.33000183105467,90.97000122070312,90.97000122070312,90.97000122070312,1406
"JBSS","John B. Sanfilippo & Son, Inc. - Common Stock","2021-06-10 12:30:00-04:00",91.12999725341795,91.12999725341795,91.04000091552734,91.04000091552734,91.04000091552734,967
"JBSS","John B. Sanfilippo & Son, Inc. - Common Stock","2021-06-10 13:30:00-04:00",91.16999816894533,91.55999755859376,91.16000366210938,91.18000030517578,91.18000030517578,3573
"JBSS","John B. Sanfilippo & Son, Inc. - Common Stock","2021-06-10 14:30:00-04:00",91.16000366210938,91.3000030517578,91.11000061035156,91.11000061035156,91.11000061035156,2338
"JBSS","John B. Sanfilippo & Son, Inc. - Common Stock","2021-06-10 15:30:00-04:00",91.24500274658205,91.36000061035156,90.9800033569336,91.2699966430664,91.2699966430664,6354
"JBSS","John B. Sanfilippo & Son, Inc. - Common Stock","2021-06-10 16:00:00-04:00",90.96,91.1104,90.96,91.1104,91.1104,0
"JBSS","John B. Sanfilippo & Son, Inc. - Common Stock","2021-06-11 08:00:00-04:00",90.96,90.96,90.96,90.96,90.96,0
"JBSS","John B. Sanfilippo & Son, Inc. - Common Stock","2021-06-11 09:30:00-04:00",91.12999725341795,91.66000366210938,90.66000366210938,91.37000274658205,91.37000274658205,1560
"JBSS","John B. Sanfilippo & Son, Inc. - Common Stock","2021-06-11 10:30:00-04:00",91.06099700927734,91.31999969482422,90.62000274658205,90.62000274658205,90.62000274658205,1655
"JBSS","John B. Sanfilippo & Son, Inc. - Common Stock","2021-06-11 11:30:00-04:00",90.76000213623048,90.76000213623048,90.62000274658205,90.66999816894533,90.66999816894533,1865
"JBSS","John B. Sanfilippo & Son, Inc. - Common Stock","2021-06-11 12:30:00-04:00",90.55999755859376,90.7699966430664,90.55999755859376,90.7699966430664,90.7699966430664,1175
"JBSS","John B. Sanfilippo & Son, Inc. - Common Stock","2021-06-11 13:30:00-04:00",91.13999938964844,91.13999938964844,90.94499969482422,90.94499969482422,90.94499969482422,748
"JBSS","John B. Sanfilippo & Son, Inc. - Common Stock","2021-06-11 14:30:00-04:00",90.94000244140624,91.41000366210938,90.88999938964844,91.05750274658205,91.05750274658205,3719
"JBSS","John B. Sanfilippo & Son, Inc. - Common Stock","2021-06-11 15:30:00-04:00",91.12000274658205,91.75,91.0999984741211,91.4000015258789,91.4000015258789,3311
"JBSS","John B. Sanfilippo & Son, Inc. - Common Stock","2021-06-11 16:00:00-04:00",91.4,91.4,91.4,91.4,91.4,6620
"JBSS","John B. Sanfilippo & Son, Inc. - Common Stock","2021-06-14 09:30:00-04:00",91.41000366210938,92.02999877929688,91.1500015258789,91.81999969482422,91.81999969482422,0
"JBSS","John B. Sanfilippo & Son, Inc. - Common Stock","2021-06-14 10:30:00-04:00",92.3000030517578,93.19000244140624,92.18000030517578,92.80999755859376,92.80999755859376,3798
"JBSS","John B. Sanfilippo & Son, Inc. - Common Stock","2021-06-14 11:30:00-04:00",92.55999755859376,92.9499969482422,92.51000213623048,92.5999984741211,92.5999984741211,1632
"JBSS","John B. Sanfilippo & Son, Inc. - Common Stock","2021-06-14 12:30:00-04:00",92.18000030517578,92.47000122070312,92.08000183105467,92.08000183105467,92.08000183105467,2169
"JBSS","John B. Sanfilippo & Son, Inc. - Common Stock","2021-06-14 13:30:00-04:00",92.26000213623048,92.26000213623048,92.1999969482422,92.1999969482422,92.1999969482422,943
"JBSS","John B. Sanfilippo & Son, Inc. - Common Stock","2021-06-14 14:30:00-04:00",92.22000122070312,92.22000122070312,91.9499969482422,92.02999877929688,92.02999877929688,1601
"JBSS","John B. Sanfilippo & Son, Inc. - Common Stock","2021-06-14 15:30:00-04:00",92.03500366210938,92.38999938964844,91.79000091552734,92.23999786376952,92.23999786376952,5784
"JBSS","John B. Sanfilippo & Son, Inc. - Common Stock","2021-06-14 16:00:00-04:00",92.09,92.09,92.0803,92.0803,92.0803,0
"JBSS","John B. Sanfilippo & Son, Inc. - Common Stock","2021-06-15 09:30:00-04:00",92.38999938964844,92.9540023803711,91.11000061035156,92.36000061035156,92.36000061035156,6578
"JBSS","John B. Sanfilippo & Son, Inc. - Common Stock","2021-06-15 10:30:00-04:00",91.75,92.16999816894533,91.62000274658205,91.75,91.75,2385
"JBSS","John B. Sanfilippo & Son, Inc. - Common Stock","2021-06-15 11:30:00-04:00",91.87999725341795,91.87999725341795,91.27999877929688,91.77999877929688,91.77999877929688,1859
"JBSS","John B. Sanfilippo & Son, Inc. - Common Stock","2021-06-15 12:30:00-04:00",91.51499938964844,91.53500366210938,91.51499938964844,91.53500366210938,91.53500366210938,786
"JBSS","John B. Sanfilippo & Son, Inc. - Common Stock","2021-06-15 13:30:00-04:00",91.61000061035156,91.62000274658205,91.20999908447266,91.44499969482422,91.44499969482422,1725
"JBSS","John B. Sanfilippo & Son, Inc. - Common Stock","2021-06-15 14:30:00-04:00",91.3000030517578,92.33000183105467,91.3000030517578,92.1500015258789,92.1500015258789,5424
"JBSS","John B. Sanfilippo & Son, Inc. - Common Stock","2021-06-15 15:30:00-04:00",92.18000030517578,92.5,91.8499984741211,92.0500030517578,92.0500030517578,7015
"JBSS","John B. Sanfilippo & Son, Inc. - Common Stock","2021-06-15 16:00:00-04:00",92.29,92.29,92.29,92.29,92.29,0
"JBSS","John B. Sanfilippo & Son, Inc. - Common Stock","2021-06-16 09:30:00-04:00",92.0199966430664,92.56999969482422,91.4000015258789,92.25,92.25,5278
"JBSS","John B. Sanfilippo & Son, Inc. - Common Stock","2021-06-16 10:30:00-04:00",92.11000061035156,92.11000061035156,92.11000061035156,92.11000061035156,92.11000061035156,285
"JBSS","John B. Sanfilippo & Son, Inc. - Common Stock","2021-06-16 11:30:00-04:00",92.16999816894533,92.22000122070312,92.16999816894533,92.22000122070312,92.22000122070312,472
"JBSS","John B. Sanfilippo & Son, Inc. - Common Stock","2021-06-16 12:30:00-04:00",92.1500015258789,92.16999816894533,91.95999908447266,92.0500030517578,92.0500030517578,1921
"JBSS","John B. Sanfilippo & Son, Inc. - Common Stock","2021-06-16 13:30:00-04:00",92.08000183105467,92.3000030517578,91.63999938964844,91.63999938964844,91.63999938964844,3572
"JBSS","John B. Sanfilippo & Son, Inc. - Common Stock","2021-06-16 14:30:00-04:00",91.63809967041016,92.55999755859376,91.63809967041016,92.125,92.125,3962
"JBSS","John B. Sanfilippo & Son, Inc. - Common Stock","2021-06-16 15:30:00-04:00",92.16999816894533,92.7300033569336,92.00499725341795,92.29000091552734,92.29000091552734,9752
"JBSS","John B. Sanfilippo & Son, Inc. - Common Stock","2021-06-16 16:00:00-04:00",92.28,92.28,92.28,92.28,92.28,0
"JBSS","John B. Sanfilippo & Son, Inc. - Common Stock","2021-06-17 08:00:00-04:00",92.28,92.28,92.28,92.28,92.28,0
"JBSS","John B. Sanfilippo & Son, Inc. - Common Stock","2021-06-17 09:30:00-04:00",92.16999816894533,92.16999816894533,91.54000091552734,91.54000091552734,91.54000091552734,2085
"JBSS","John B. Sanfilippo & Son, Inc. - Common Stock","2021-06-17 10:30:00-04:00",91.55999755859376,91.62000274658205,91.36000061035156,91.36000061035156,91.36000061035156,2326
"JBSS","John B. Sanfilippo & Son, Inc. - Common Stock","2021-06-17 11:30:00-04:00",91.1061019897461,91.5999984741211,91.06999969482422,91.56999969482422,91.56999969482422,5581
"JBSS","John B. Sanfilippo & Son, Inc. - Common Stock","2021-06-17 13:30:00-04:00",91.45999908447266,91.66000366210938,91.27999877929688,91.27999877929688,91.27999877929688,919
"JBSS","John B. Sanfilippo & Son, Inc. - Common Stock","2021-06-17 14:30:00-04:00",91.30999755859376,93.0199966430664,91.29000091552734,93.0199966430664,93.0199966430664,7078
"JBSS","John B. Sanfilippo & Son, Inc. - Common Stock","2021-06-17 15:30:00-04:00",93.16000366210938,93.81999969482422,92.36499786376952,92.73999786376952,92.73999786376952,15203
"JBSS","John B. Sanfilippo & Son, Inc. - Common Stock","2021-06-17 16:00:00-04:00",92.55,92.55,92.55,92.55,92.55,6062
"JBSS","John B. Sanfilippo & Son, Inc. - Common Stock","2021-06-18 09:30:00-04:00",92.58000183105467,92.58000183105467,90.62999725341795,90.66000366210938,90.66000366210938,0
"JBSS","John B. Sanfilippo & Son, Inc. - Common Stock","2021-06-18 10:30:00-04:00",90.61000061035156,90.61000061035156,90.22000122070312,90.2300033569336,90.2300033569336,2163
"JBSS","John B. Sanfilippo & Son, Inc. - Common Stock","2021-06-18 11:30:00-04:00",90.0199966430664,90.91000366210938,90.0199966430664,90.79000091552734,90.79000091552734,3478
"JBSS","John B. Sanfilippo & Son, Inc. - Common Stock","2021-06-18 12:30:00-04:00",90.87000274658205,90.88999938964844,90.13999938964844,90.13999938964844,90.13999938964844,3923
"JBSS","John B. Sanfilippo & Son, Inc. - Common Stock","2021-06-18 13:30:00-04:00",90.29440307617188,90.5500030517578,90.0199966430664,90.0199966430664,90.0199966430664,5964
"JBSS","John B. Sanfilippo & Son, Inc. - Common Stock","2021-06-18 14:30:00-04:00",90.18000030517578,90.58999633789062,90.05000305175781,90.45999908447266,90.45999908447266,3990
"JBSS","John B. Sanfilippo & Son, Inc. - Common Stock","2021-06-18 15:30:00-04:00",90.5500030517578,90.5500030517578,89.30999755859375,89.30999755859375,89.30999755859375,14256
"JBSS","John B. Sanfilippo & Son, Inc. - Common Stock","2021-06-18 16:00:00-04:00",89.32,89.3234,89.3166,89.32,89.32,0
"JBSS","John B. Sanfilippo & Son, Inc. - Common Stock","2021-06-21 08:00:00-04:00",89.32,89.32,89.32,89.32,89.32,0
"JBSS","John B. Sanfilippo & Son, Inc. - Common Stock","2021-06-21 09:30:00-04:00",89.87999725341797,90.5250015258789,89.12999725341797,90.51000213623048,90.51000213623048,2434
"JBSS","John B. Sanfilippo & Son, Inc. - Common Stock","2021-06-21 10:30:00-04:00",90.0999984741211,90.16500091552734,90.08000183105467,90.08000183105467,90.08000183105467,1684
"JBSS","John B. Sanfilippo & Son, Inc. - Common Stock","2021-06-21 11:30:00-04:00",90.01000213623047,90.31999969482422,89.7699966430664,89.7699966430664,89.7699966430664,3271
"JBSS","John B. Sanfilippo & Son, Inc. - Common Stock","2021-06-21 12:30:00-04:00",89.82499694824219,89.82499694824219,89.66000366210938,89.66000366210938,89.66000366210938,597
"JBSS","John B. Sanfilippo & Son, Inc. - Common Stock","2021-06-21 13:30:00-04:00",89.66999816894531,89.66999816894531,89.4000015258789,89.51000213623047,89.51000213623047,1671
"JBSS","John B. Sanfilippo & Son, Inc. - Common Stock","2021-06-21 14:30:00-04:00",89.3949966430664,90.0,89.3949966430664,90.0,90.0,2736
"JBSS","John B. Sanfilippo & Son, Inc. - Common Stock","2021-06-21 15:30:00-04:00",89.72000122070312,89.95999908447266,89.72000122070312,89.95999908447266,89.95999908447266,2745
"JBSS","John B. Sanfilippo & Son, Inc. - Common Stock","2021-06-21 16:00:00-04:00",89.84,89.84,89.84,89.84,89.84,0
"JBSS","John B. Sanfilippo & Son, Inc. - Common Stock","2021-06-22 08:00:00-04:00",89.84,89.84,89.84,89.84,89.84,0
"JBSS","John B. Sanfilippo & Son, Inc. - Common Stock","2021-06-22 09:30:00-04:00",91.41000366210938,91.41000366210938,89.25,89.3499984741211,89.3499984741211,2443
"JBSS","John B. Sanfilippo & Son, Inc. - Common Stock","2021-06-22 10:30:00-04:00",89.45999908447266,89.77999877929688,89.20999908447266,89.33999633789062,89.33999633789062,5225
"JBSS","John B. Sanfilippo & Son, Inc. - Common Stock","2021-06-22 11:30:00-04:00",89.2040023803711,89.56999969482422,89.2040023803711,89.44000244140625,89.44000244140625,1627
"JBSS","John B. Sanfilippo & Son, Inc. - Common Stock","2021-06-22 12:30:00-04:00",89.19000244140625,89.30000305175781,89.0801010131836,89.0801010131836,89.0801010131836,1938
"JBSS","John B. Sanfilippo & Son, Inc. - Common Stock","2021-06-22 13:30:00-04:00",89.01000213623047,89.16000366210938,88.87999725341797,89.08999633789062,89.08999633789062,1948
"JBSS","John B. Sanfilippo & Son, Inc. - Common Stock","2021-06-22 14:30:00-04:00",88.91999816894531,89.08999633789062,88.91999816894531,89.08999633789062,89.08999633789062,1840
"JBSS","John B. Sanfilippo & Son, Inc. - Common Stock","2021-06-22 15:30:00-04:00",89.08000183105469,89.1500015258789,88.86499786376953,89.12000274658203,89.12000274658203,3502
"JBSS","John B. Sanfilippo & Son, Inc. - Common Stock","2021-06-22 16:00:00-04:00",89.29,89.29,89.289,89.289,89.289,0
"JBSS","John B. Sanfilippo & Son, Inc. - Common Stock","2021-06-23 08:00:00-04:00",89.29,89.29,89.29,89.29,89.29,0
"JBSS","John B. Sanfilippo & Son, Inc. - Common Stock","2021-06-23 09:30:00-04:00",89.19000244140625,89.19000244140625,88.4000015258789,88.4000015258789,88.4000015258789,3704
"JBSS","John B. Sanfilippo & Son, Inc. - Common Stock","2021-06-23 10:30:00-04:00",88.43000030517578,88.43000030517578,88.11000061035156,88.3499984741211,88.3499984741211,2656
"JBSS","John B. Sanfilippo & Son, Inc. - Common Stock","2021-06-23 11:30:00-04:00",88.2300033569336,88.25,88.05999755859375,88.09960174560547,88.09960174560547,2565
"JBSS","John B. Sanfilippo & Son, Inc. - Common Stock","2021-06-23 12:30:00-04:00",88.1500015258789,88.18000030517578,87.81999969482422,87.97000122070312,87.97000122070312,2999
"JBSS","John B. Sanfilippo & Son, Inc. - Common Stock","2021-06-23 13:30:00-04:00",87.98999786376953,88.20999908447266,87.5999984741211,87.5999984741211,87.5999984741211,4173
"JBSS","John B. Sanfilippo & Son, Inc. - Common Stock","2021-06-23 14:30:00-04:00",87.62000274658203,87.8499984741211,87.30999755859375,87.83000183105469,87.83000183105469,4262
"JBSS","John B. Sanfilippo & Son, Inc. - Common Stock","2021-06-23 15:30:00-04:00",88.05500030517578,88.05500030517578,87.62000274658203,87.8499984741211,87.8499984741211,4618
"JBSS","John B. Sanfilippo & Son, Inc. - Common Stock","2021-06-23 16:00:00-04:00",87.97,87.97,87.97,87.97,87.97,0
"JBSS","John B. Sanfilippo & Son, Inc. - Common Stock","2021-06-24 09:30:00-04:00",87.26000213623047,88.36000061035156,87.22000122070312,87.6500015258789,87.6500015258789,1922
"JBSS","John B. Sanfilippo & Son, Inc. - Common Stock","2021-06-24 10:30:00-04:00",87.66500091552734,87.75,87.41000366210938,87.41000366210938,87.41000366210938,1997
"JBSS","John B. Sanfilippo & Son, Inc. - Common Stock","2021-06-24 11:30:00-04:00",87.2249984741211,87.4032974243164,87.02999877929688,87.16999816894531,87.16999816894531,4886
"JBSS","John B. Sanfilippo & Son, Inc. - Common Stock","2021-06-24 12:30:00-04:00",87.54000091552734,87.76000213623047,87.54000091552734,87.76000213623047,87.76000213623047,1304
"JBSS","John B. Sanfilippo & Son, Inc. - Common Stock","2021-06-24 13:30:00-04:00",87.86000061035156,88.20999908447266,87.72000122070312,88.15499877929688,88.15499877929688,1458
"JBSS","John B. Sanfilippo & Son, Inc. - Common Stock","2021-06-24 14:30:00-04:00",88.2677001953125,88.2677001953125,88.01000213623047,88.05999755859375,88.05999755859375,2653
"JBSS","John B. Sanfilippo & Son, Inc. - Common Stock","2021-06-24 15:30:00-04:00",88.2699966430664,88.33000183105469,88.19000244140625,88.19000244140625,88.19000244140625,2647
"JBSS","John B. Sanfilippo & Son, Inc. - Common Stock","2021-06-24 16:00:00-04:00",88.4,88.4,88.4,88.4,88.4,0
"JBSS","John B. Sanfilippo & Son, Inc. - Common Stock","2021-06-25 09:30:00-04:00",88.62000274658203,88.8949966430664,88.62000274658203,88.8949966430664,88.8949966430664,597
"JBSS","John B. Sanfilippo & Son, Inc. - Common Stock","2021-06-25 10:30:00-04:00",88.77999877929688,88.87999725341797,88.3550033569336,88.3550033569336,88.3550033569336,1670
"JBSS","John B. Sanfilippo & Son, Inc. - Common Stock","2021-06-25 11:30:00-04:00",88.31009674072266,88.31009674072266,88.31009674072266,88.31009674072266,88.31009674072266,153
"JBSS","John B. Sanfilippo & Son, Inc. - Common Stock","2021-06-25 12:30:00-04:00",88.47000122070312,88.58329772949219,88.0199966430664,88.33999633789062,88.33999633789062,2902
"JBSS","John B. Sanfilippo & Son, Inc. - Common Stock","2021-06-25 13:30:00-04:00",88.42500305175781,88.4800033569336,88.11000061035156,88.13999938964844,88.13999938964844,1946
"JBSS","John B. Sanfilippo & Son, Inc. - Common Stock","2021-06-25 14:30:00-04:00",88.59500122070312,88.73500061035156,88.0199966430664,88.0199966430664,88.0199966430664,6108
"JBSS","John B. Sanfilippo & Son, Inc. - Common Stock","2021-06-25 15:30:00-04:00",87.97000122070312,88.70999908447266,87.56999969482422,87.80999755859375,87.80999755859375,13012
"JBSS","John B. Sanfilippo & Son, Inc. - Common Stock","2021-06-25 16:00:00-04:00",88.15,88.1641,88.1438,88.15,88.15,0
"JBSS","John B. Sanfilippo & Son, Inc. - Common Stock","2021-06-28 09:30:00-04:00",87.73999786376953,88.55000305175781,87.73999786376953,88.55000305175781,88.55000305175781,3534
"JBSS","John B. Sanfilippo & Son, Inc. - Common Stock","2021-06-28 10:30:00-04:00",88.1500015258789,88.1500015258789,87.87999725341797,88.06999969482422,88.06999969482422,2334
"JBSS","John B. Sanfilippo & Son, Inc. - Common Stock","2021-06-28 11:30:00-04:00",87.87999725341797,87.87999725341797,87.4209976196289,87.4209976196289,87.4209976196289,1981
"JBSS","John B. Sanfilippo & Son, Inc. - Common Stock","2021-06-28 12:30:00-04:00",87.52999877929688,87.52999877929688,87.27870178222656,87.27870178222656,87.27870178222656,1615
"JBSS","John B. Sanfilippo & Son, Inc. - Common Stock","2021-06-28 13:30:00-04:00",87.9000015258789,87.9000015258789,87.44000244140625,87.70500183105469,87.70500183105469,1548
"JBSS","John B. Sanfilippo & Son, Inc. - Common Stock","2021-06-28 14:30:00-04:00",87.4000015258789,87.6500015258789,87.38999938964844,87.58000183105469,87.58000183105469,2044
"JBSS","John B. Sanfilippo & Son, Inc. - Common Stock","2021-06-28 15:30:00-04:00",87.61579895019531,87.80999755859375,87.36000061035156,87.36000061035156,87.36000061035156,7083
"JBSS","John B. Sanfilippo & Son, Inc. - Common Stock","2021-06-28 16:00:00-04:00",87.73,87.73,87.73,87.73,87.73,8377
"JBSS","John B. Sanfilippo & Son, Inc. - Common Stock","2021-06-29 09:30:00-04:00",87.83999633789062,87.83999633789062,87.0999984741211,87.0999984741211,87.0999984741211,0
"JBSS","John B. Sanfilippo & Son, Inc. - Common Stock","2021-06-29 10:30:00-04:00",87.20999908447266,87.8904037475586,87.20999908447266,87.8904037475586,87.8904037475586,2511
"JBSS","John B. Sanfilippo & Son, Inc. - Common Stock","2021-06-29 11:30:00-04:00",87.5999984741211,87.5999984741211,87.20999908447266,87.27999877929688,87.27999877929688,1609
"JBSS","John B. Sanfilippo & Son, Inc. - Common Stock","2021-06-29 12:30:00-04:00",87.5,87.67500305175781,87.5,87.55999755859375,87.55999755859375,898
"JBSS","John B. Sanfilippo & Son, Inc. - Common Stock","2021-06-29 13:30:00-04:00",87.52999877929688,87.52999877929688,87.37349700927734,87.37349700927734,87.37349700927734,1599
"JBSS","John B. Sanfilippo & Son, Inc. - Common Stock","2021-06-29 14:30:00-04:00",87.19999694824219,87.57499694824219,87.19999694824219,87.57499694824219,87.57499694824219,1781
"JBSS","John B. Sanfilippo & Son, Inc. - Common Stock","2021-06-29 15:30:00-04:00",87.63999938964844,88.04000091552734,87.63999938964844,88.0,88.0,7730
"JBSS","John B. Sanfilippo & Son, Inc. - Common Stock","2021-06-29 16:00:00-04:00",87.83,87.83,87.83,87.83,87.83,4177
"JBSS","John B. Sanfilippo & Son, Inc. - Common Stock","2021-07-01 08:00:00-04:00",88.5,88.5,88.5,88.5,88.5,0
"JBSS","John B. Sanfilippo & Son, Inc. - Common Stock","2021-07-01 09:00:00-04:00",88.57,88.57,88.57,88.57,88.57,0
"JBSS","John B. Sanfilippo & Son, Inc. - Common Stock","2021-07-01 09:30:00-04:00",88.91999816894531,88.91999816894531,87.31999969482422,87.88999938964844,87.88999938964844,2404
"JBSS","John B. Sanfilippo & Son, Inc. - Common Stock","2021-07-01 10:30:00-04:00",87.9000015258789,88.26000213623047,87.9000015258789,88.26000213623047,88.26000213623047,1300
"JBSS","John B. Sanfilippo & Son, Inc. - Common Stock","2021-07-01 11:30:00-04:00",88.5199966430664,88.5199966430664,88.11000061035156,88.11000061035156,88.11000061035156,3448
"JBSS","John B. Sanfilippo & Son, Inc. - Common Stock","2021-07-01 12:30:00-04:00",88.16999816894531,88.27999877929688,88.16999816894531,88.27999877929688,88.27999877929688,1002
"JBSS","John B. Sanfilippo & Son, Inc. - Common Stock","2021-07-01 13:30:00-04:00",88.41999816894531,88.66999816894531,88.3499984741211,88.66999816894531,88.66999816894531,1465
"JBSS","John B. Sanfilippo & Son, Inc. - Common Stock","2021-07-01 14:30:00-04:00",88.58000183105469,88.61000061035156,88.30999755859375,88.54000091552734,88.54000091552734,3145
"JBSS","John B. Sanfilippo & Son, Inc. - Common Stock","2021-07-01 15:30:00-04:00",88.5999984741211,88.5999984741211,88.2699966430664,88.37000274658203,88.37000274658203,4635
"JBSS","John B. Sanfilippo & Son, Inc. - Common Stock","2021-07-01 16:00:00-04:00",88.57,88.57,88.57,88.57,88.57,0
"JBSS","John B. Sanfilippo & Son, Inc. - Common Stock","2021-07-02 09:30:00-04:00",88.7699966430664,88.7699966430664,87.72000122070312,87.72000122070312,87.72000122070312,1293
"JBSS","John B. Sanfilippo & Son, Inc. - Common Stock","2021-07-02 10:30:00-04:00",87.47000122070312,87.51499938964844,87.33999633789062,87.45999908447266,87.45999908447266,3578
"JBSS","John B. Sanfilippo & Son, Inc. - Common Stock","2021-07-02 11:30:00-04:00",87.44000244140625,87.44000244140625,87.44000244140625,87.44000244140625,87.44000244140625,1187
"JBSS","John B. Sanfilippo & Son, Inc. - Common Stock","2021-07-02 12:30:00-04:00",87.4000015258789,87.7699966430664,87.31999969482422,87.70999908447266,87.70999908447266,2568
"JBSS","John B. Sanfilippo & Son, Inc. - Common Stock","2021-07-02 13:30:00-04:00",87.66999816894531,87.69000244140625,87.63999938964844,87.63999938964844,87.63999938964844,2188
"JBSS","John B. Sanfilippo & Son, Inc. - Common Stock","2021-07-02 14:30:00-04:00",87.80799865722656,87.80799865722656,87.62000274658203,87.62000274658203,87.62000274658203,1584
"JBSS","John B. Sanfilippo & Son, Inc. - Common Stock","2021-07-02 15:30:00-04:00",87.5,87.63999938964844,87.30999755859375,87.4000015258789,87.4000015258789,3847
"JBSS","John B. Sanfilippo & Son, Inc. - Common Stock","2021-07-02 16:00:00-04:00",87.59,87.59,87.59,87.59,87.59,3236
"JBSS","John B. Sanfilippo & Son, Inc. - Common Stock","2021-07-06 09:30:00-04:00",87.68000030517578,87.68000030517578,86.0999984741211,86.0999984741211,86.0999984741211,0
"JBSS","John B. Sanfilippo & Son, Inc. - Common Stock","2021-07-06 10:30:00-04:00",86.08000183105469,86.08000183105469,85.45010375976562,85.52999877929688,85.52999877929688,2161
"JBSS","John B. Sanfilippo & Son, Inc. - Common Stock","2021-07-06 11:30:00-04:00",85.93000030517578,86.18000030517578,85.93000030517578,86.18000030517578,86.18000030517578,1883
"JBSS","John B. Sanfilippo & Son, Inc. - Common Stock","2021-07-06 12:30:00-04:00",86.19999694824219,86.19999694824219,85.79000091552734,85.79000091552734,85.79000091552734,2483
"JBSS","John B. Sanfilippo & Son, Inc. - Common Stock","2021-07-06 13:30:00-04:00",85.77999877929688,85.94270324707031,85.77999877929688,85.87999725341797,85.87999725341797,922
"JBSS","John B. Sanfilippo & Son, Inc. - Common Stock","2021-07-06 14:30:00-04:00",86.04000091552734,86.04000091552734,86.02780151367188,86.02780151367188,86.02780151367188,1069
"JBSS","John B. Sanfilippo & Son, Inc. - Common Stock","2021-07-06 15:30:00-04:00",86.05999755859375,86.79000091552734,86.05000305175781,86.43000030517578,86.43000030517578,5480
"JBSS","John B. Sanfilippo & Son, Inc. - Common Stock","2021-07-06 16:00:00-04:00",86.65,86.65,86.65,86.65,86.65,5552
"JBSS","John B. Sanfilippo & Son, Inc. - Common Stock","2021-07-07 09:30:00-04:00",86.30000305175781,86.73999786376953,85.54000091552734,86.00530242919922,86.00530242919922,0
"JBSS","John B. Sanfilippo & Son, Inc. - Common Stock","2021-07-07 10:30:00-04:00",86.26000213623047,86.81990051269531,86.23999786376953,86.23999786376953,86.23999786376953,4324
"JBSS","John B. Sanfilippo & Son, Inc. - Common Stock","2021-07-07 11:30:00-04:00",86.4800033569336,87.05000305175781,86.4800033569336,86.5999984741211,86.5999984741211,4137
"JBSS","John B. Sanfilippo & Son, Inc. - Common Stock","2021-07-07 12:30:00-04:00",86.41999816894531,86.5199966430664,86.12999725341797,86.12999725341797,86.12999725341797,4314
"JBSS","John B. Sanfilippo & Son, Inc. - Common Stock","2021-07-07 13:30:00-04:00",86.2249984741211,86.30000305175781,85.72000122070312,86.25,86.25,4619
"JBSS","John B. Sanfilippo & Son, Inc. - Common Stock","2021-07-07 14:30:00-04:00",86.36000061035156,86.58000183105469,86.1500015258789,86.58000183105469,86.58000183105469,6724
"JBSS","John B. Sanfilippo & Son, Inc. - Common Stock","2021-07-07 15:30:00-04:00",86.6050033569336,86.6050033569336,86.41000366210938,86.41000366210938,86.41000366210938,3635
"JBSS","John B. Sanfilippo & Son, Inc. - Common Stock","2021-07-07 16:00:00-04:00",86.41,86.41,86.41,86.41,86.41,4070
"JBSS","John B. Sanfilippo & Son, Inc. - Common Stock","2021-07-07 17:00:00-04:00",87.08,87.35,87.08,87.35,87.35,0
"JBSS","John B. Sanfilippo & Son, Inc. - Common Stock","2021-07-08 09:00:00-04:00",85.1,85.1,85.05,85.1,85.1,0
"JBSS","John B. Sanfilippo & Son, Inc. - Common Stock","2021-07-08 09:30:00-04:00",85.11000061035156,86.62999725341797,85.04000091552734,86.38999938964844,86.38999938964844,9954
"JBSS","John B. Sanfilippo & Son, Inc. - Common Stock","2021-07-08 10:30:00-04:00",86.3949966430664,86.61000061035156,86.3949966430664,86.5999984741211,86.5999984741211,6399
"JBSS","John B. Sanfilippo & Son, Inc. - Common Stock","2021-07-08 11:30:00-04:00",86.83999633789062,86.83999633789062,86.55000305175781,86.62000274658203,86.62000274658203,2273
"JBSS","John B. Sanfilippo & Son, Inc. - Common Stock","2021-07-08 12:30:00-04:00",86.70089721679688,86.70089721679688,86.30000305175781,86.30000305175781,86.30000305175781,1259
"JBSS","John B. Sanfilippo & Son, Inc. - Common Stock","2021-07-08 13:30:00-04:00",86.0199966430664,86.0199966430664,85.7699966430664,85.8727035522461,85.8727035522461,3099
"JBSS","John B. Sanfilippo & Son, Inc. - Common Stock","2021-07-08 14:30:00-04:00",85.7699966430664,86.37000274658203,85.58000183105469,86.16000366210938,86.16000366210938,4394
"JBSS","John B. Sanfilippo & Son, Inc. - Common Stock","2021-07-08 15:30:00-04:00",86.12000274658203,86.70999908447266,86.12000274658203,86.66999816894531,86.66999816894531,5251
"JBSS","John B. Sanfilippo & Son, Inc. - Common Stock","2021-07-08 16:00:00-04:00",86.49,87.5,86.49,87.5,87.5,0
"JBSS","John B. Sanfilippo & Son, Inc. - Common Stock","2021-07-09 09:00:00-04:00",90.5,90.5,90.5,90.5,90.5,0
"JBSS","John B. Sanfilippo & Son, Inc. - Common Stock","2021-07-09 09:30:00-04:00",87.79000091552734,91.375,87.79000091552734,90.51000213623048,90.51000213623048,14852
"JBSS","John B. Sanfilippo & Son, Inc. - Common Stock","2021-07-09 10:30:00-04:00",90.5500030517578,91.43000030517578,90.5500030517578,91.41000366210938,91.41000366210938,6538
"JBSS","John B. Sanfilippo & Son, Inc. - Common Stock","2021-07-09 11:30:00-04:00",91.4250030517578,91.4250030517578,90.9000015258789,90.9000015258789,90.9000015258789,4188
"JBSS","John B. Sanfilippo & Son, Inc. - Common Stock","2021-07-09 12:30:00-04:00",90.78500366210938,90.78500366210938,90.04000091552734,90.04000091552734,90.04000091552734,1772
"JBSS","John B. Sanfilippo & Son, Inc. - Common Stock","2021-07-09 13:30:00-04:00",89.97000122070312,90.12999725341795,89.77999877929688,89.77999877929688,89.77999877929688,2849
"JBSS","John B. Sanfilippo & Son, Inc. - Common Stock","2021-07-09 14:30:00-04:00",89.7300033569336,90.63999938964844,89.7300033569336,89.7699966430664,89.7699966430664,7065
"JBSS","John B. Sanfilippo & Son, Inc. - Common Stock","2021-07-09 15:30:00-04:00",89.7699966430664,89.93499755859375,89.30000305175781,89.62999725341797,89.62999725341797,8118
"JBSS","John B. Sanfilippo & Son, Inc. - Common Stock","2021-07-09 16:00:00-04:00",89.63,93.5,89.63,90.5,90.5,0
"JBSS","John B. Sanfilippo & Son, Inc. - Common Stock","2021-07-12 07:00:00-04:00",92.0,92.0,90.42,90.42,90.42,0
"JBSS","John B. Sanfilippo & Son, Inc. - Common Stock","2021-07-12 09:00:00-04:00",93.5,93.5,93.5,93.5,93.5,0
"JBSS","John B. Sanfilippo & Son, Inc. - Common Stock","2021-07-12 09:30:00-04:00",91.20500183105467,91.20500183105467,89.0999984741211,89.33000183105469,89.33000183105469,2809
"JBSS","John B. Sanfilippo & Son, Inc. - Common Stock","2021-07-12 10:30:00-04:00",89.36499786376953,89.39009857177734,88.68000030517578,88.79000091552734,88.79000091552734,3249
"JBSS","John B. Sanfilippo & Son, Inc. - Common Stock","2021-07-12 11:30:00-04:00",88.83000183105469,88.83000183105469,88.25,88.36000061035156,88.36000061035156,1898
"JBSS","John B. Sanfilippo & Son, Inc. - Common Stock","2021-07-12 12:30:00-04:00",88.16000366210938,88.33000183105469,88.16000366210938,88.2300033569336,88.2300033569336,2113
"JBSS","John B. Sanfilippo & Son, Inc. - Common Stock","2021-07-12 13:30:00-04:00",88.0,88.22000122070312,88.0,88.22000122070312,88.22000122070312,1343
"JBSS","John B. Sanfilippo & Son, Inc. - Common Stock","2021-07-12 14:30:00-04:00",88.3499984741211,88.5,88.2750015258789,88.2750015258789,88.2750015258789,3475
"JBSS","John B. Sanfilippo & Son, Inc. - Common Stock","2021-07-12 15:30:00-04:00",88.2300033569336,88.56999969482422,88.2300033569336,88.56999969482422,88.56999969482422,2879
"JBSS","John B. Sanfilippo & Son, Inc. - Common Stock","2021-07-12 16:00:00-04:00",88.61,88.61,88.61,88.61,88.61,3619
"JBSS","John B. Sanfilippo & Son, Inc. - Common Stock","2021-07-13 09:30:00-04:00",88.61000061035156,89.25279998779297,87.3499984741211,87.94999694824219,87.94999694824219,0
"JBSS","John B. Sanfilippo & Son, Inc. - Common Stock","2021-07-13 10:30:00-04:00",88.2699966430664,88.2699966430664,88.26000213623047,88.26000213623047,88.26000213623047,1275
"JBSS","John B. Sanfilippo & Son, Inc. - Common Stock","2021-07-13 11:30:00-04:00",88.02999877929688,88.31999969482422,87.9104995727539,88.11209869384766,88.11209869384766,3276
"JBSS","John B. Sanfilippo & Son, Inc. - Common Stock","2021-07-13 12:30:00-04:00",87.90499877929688,87.90499877929688,87.55999755859375,87.72000122070312,87.72000122070312,2239
"JBSS","John B. Sanfilippo & Son, Inc. - Common Stock","2021-07-13 13:30:00-04:00",87.7300033569336,87.91000366210938,87.5999984741211,87.75,87.75,2816
"JBSS","John B. Sanfilippo & Son, Inc. - Common Stock","2021-07-13 14:30:00-04:00",87.70999908447266,88.0,87.69000244140625,87.7699966430664,87.7699966430664,5716
"JBSS","John B. Sanfilippo & Son, Inc. - Common Stock","2021-07-13 15:30:00-04:00",87.7874984741211,88.18000030517578,87.7699966430664,87.91000366210938,87.91000366210938,12084
"JBSS","John B. Sanfilippo & Son, Inc. - Common Stock","2021-07-13 16:00:00-04:00",87.8,87.8,87.8,87.8,87.8,3888
"JBSS","John B. Sanfilippo & Son, Inc. - Common Stock","2021-07-14 09:00:00-04:00",88.78,88.78,88.78,88.78,88.78,0
"JBSS","John B. Sanfilippo & Son, Inc. - Common Stock","2021-07-14 09:30:00-04:00",88.30999755859375,88.36000061035156,88.30999755859375,88.36000061035156,88.36000061035156,1524
"JBSS","John B. Sanfilippo & Son, Inc. - Common Stock","2021-07-14 10:30:00-04:00",88.91999816894531,89.03810119628906,88.55000305175781,89.03810119628906,89.03810119628906,3371
"JBSS","John B. Sanfilippo & Son, Inc. - Common Stock","2021-07-14 11:30:00-04:00",89.25,89.32019805908203,89.25,89.26000213623047,89.26000213623047,2886
"JBSS","John B. Sanfilippo & Son, Inc. - Common Stock","2021-07-14 12:30:00-04:00",89.08999633789062,89.08999633789062,89.08999633789062,89.08999633789062,89.08999633789062,559
"JBSS","John B. Sanfilippo & Son, Inc. - Common Stock","2021-07-14 13:30:00-04:00",89.05999755859375,89.05999755859375,89.05999755859375,89.05999755859375,89.05999755859375,571
"JBSS","John B. Sanfilippo & Son, Inc. - Common Stock","2021-07-14 14:30:00-04:00",89.0199966430664,89.1719970703125,88.97000122070312,89.11499786376953,89.11499786376953,2186
"JBSS","John B. Sanfilippo & Son, Inc. - Common Stock","2021-07-14 15:30:00-04:00",89.05999755859375,89.05999755859375,88.63999938964844,88.72000122070312,88.72000122070312,3174
"JBSS","John B. Sanfilippo & Son, Inc. - Common Stock","2021-07-14 16:00:00-04:00",88.69,88.69,88.6832,88.6832,88.6832,0
"JBSS","John B. Sanfilippo & Son, Inc. - Common Stock","2021-07-15 09:30:00-04:00",88.55999755859375,89.22000122070312,88.55999755859375,89.197998046875,89.197998046875,3540
"JBSS","John B. Sanfilippo & Son, Inc. - Common Stock","2021-07-15 10:30:00-04:00",89.05000305175781,89.11000061035156,88.55999755859375,88.9000015258789,88.9000015258789,3814
"JBSS","John B. Sanfilippo & Son, Inc. - Common Stock","2021-07-15 11:30:00-04:00",88.8499984741211,89.0999984741211,88.8499984741211,89.0999984741211,89.0999984741211,2037
"JBSS","John B. Sanfilippo & Son, Inc. - Common Stock","2021-07-15 12:30:00-04:00",89.48999786376953,89.63999938964844,89.33999633789062,89.33999633789062,89.33999633789062,1512
"JBSS","John B. Sanfilippo & Son, Inc. - Common Stock","2021-07-15 13:30:00-04:00",89.27999877929688,89.54000091552734,89.27999877929688,89.54000091552734,89.54000091552734,859
"JBSS","John B. Sanfilippo & Son, Inc. - Common Stock","2021-07-15 14:30:00-04:00",89.41999816894531,89.41999816894531,89.41999816894531,89.41999816894531,89.41999816894531,686
"JBSS","John B. Sanfilippo & Son, Inc. - Common Stock","2021-07-15 15:30:00-04:00",89.62999725341797,90.20999908447266,89.62999725341797,89.91000366210938,89.91000366210938,5354
"JBSS","John B. Sanfilippo & Son, Inc. - Common Stock","2021-07-15 16:00:00-04:00",89.92,89.92,89.92,89.92,89.92,0
"JBSS","John B. Sanfilippo & Son, Inc. - Common Stock","2021-07-16 09:30:00-04:00",90.01000213623047,90.93000030517578,90.01000213623047,90.5,90.5,5111
"JBSS","John B. Sanfilippo & Son, Inc. - Common Stock","2021-07-16 10:30:00-04:00",90.625,91.6500015258789,90.5,91.13999938964844,91.13999938964844,7131
"JBSS","John B. Sanfilippo & Son, Inc. - Common Stock","2021-07-16 11:30:00-04:00",91.37879943847656,91.54989624023438,91.1959991455078,91.47000122070312,91.47000122070312,4915
"JBSS","John B. Sanfilippo & Son, Inc. - Common Stock","2021-07-16 12:30:00-04:00",91.4499969482422,91.9770965576172,91.18000030517578,91.80500030517578,91.80500030517578,6991
"JBSS","John B. Sanfilippo & Son, Inc. - Common Stock","2021-07-16 13:30:00-04:00",91.91500091552734,92.08000183105467,91.79000091552734,92.08000183105467,92.08000183105467,3524
"JBSS","John B. Sanfilippo & Son, Inc. - Common Stock","2021-07-16 14:30:00-04:00",92.16500091552734,92.5,91.81999969482422,92.08000183105467,92.08000183105467,8143
"JBSS","John B. Sanfilippo & Son, Inc. - Common Stock","2021-07-16 15:30:00-04:00",91.80999755859376,91.93000030517578,91.56999969482422,91.8249969482422,91.8249969482422,7293
"JBSS","John B. Sanfilippo & Son, Inc. - Common Stock","2021-07-16 16:00:00-04:00",91.92,91.92,91.92,91.92,91.92,0
"JBSS","John B. Sanfilippo & Son, Inc. - Common Stock","2021-07-19 09:30:00-04:00",91.56999969482422,92.0,91.33000183105467,91.33000183105467,91.33000183105467,3547
"JBSS","John B. Sanfilippo & Son, Inc. - Common Stock","2021-07-19 10:30:00-04:00",91.33000183105467,91.45999908447266,90.8499984741211,91.19499969482422,91.19499969482422,4545
"JBSS","John B. Sanfilippo & Son, Inc. - Common Stock","2021-07-19 11:30:00-04:00",90.8000030517578,90.8000030517578,90.47660064697266,90.47660064697266,90.47660064697266,353
"JBSS","John B. Sanfilippo & Son, Inc. - Common Stock","2021-07-19 12:30:00-04:00",90.77999877929688,90.8000030517578,90.5999984741211,90.78500366210938,90.78500366210938,2443
"JBSS","John B. Sanfilippo & Son, Inc. - Common Stock","2021-07-19 13:30:00-04:00",90.5,90.76000213623048,90.5,90.76000213623048,90.76000213623048,1110
"JBSS","John B. Sanfilippo & Son, Inc. - Common Stock","2021-07-19 14:30:00-04:00",90.62999725341795,90.76000213623048,90.0886001586914,90.1750030517578,90.1750030517578,3731
"JBSS","John B. Sanfilippo & Son, Inc. - Common Stock","2021-07-19 15:30:00-04:00",90.3249969482422,90.63999938964844,90.19000244140624,90.58000183105467,90.58000183105467,2812
"JBSS","John B. Sanfilippo & Son, Inc. - Common Stock","2021-07-19 16:00:00-04:00",90.95,90.95,90.95,90.95,90.95,0
"JBSS","John B. Sanfilippo & Son, Inc. - Common Stock","2021-07-20 09:00:00-04:00",90.95,90.95,90.95,90.95,90.95,0
"JBSS","John B. Sanfilippo & Son, Inc. - Common Stock","2021-07-20 09:30:00-04:00",92.18000030517578,93.20999908447266,91.43000030517578,93.12000274658205,93.12000274658205,6550
"JBSS","John B. Sanfilippo & Son, Inc. - Common Stock","2021-07-20 10:30:00-04:00",92.91999816894533,93.5,92.55339813232422,93.37999725341795,93.37999725341795,6206
"JBSS","John B. Sanfilippo & Son, Inc. - Common Stock","2021-07-20 11:30:00-04:00",93.41999816894533,93.73999786376952,93.4000015258789,93.73999786376952,93.73999786376952,1456
"JBSS","John B. Sanfilippo & Son, Inc. - Common Stock","2021-07-20 12:30:00-04:00",93.3499984741211,93.58200073242188,93.16000366210938,93.41500091552734,93.41500091552734,2345
"JBSS","John B. Sanfilippo & Son, Inc. - Common Stock","2021-07-20 13:30:00-04:00",93.0,93.0,92.6500015258789,92.9499969482422,92.9499969482422,3796
"JBSS","John B. Sanfilippo & Son, Inc. - Common Stock","2021-07-20 14:30:00-04:00",93.18000030517578,93.4499969482422,92.66000366210938,92.80999755859376,92.80999755859376,3342
"JBSS","John B. Sanfilippo & Son, Inc. - Common Stock","2021-07-20 15:30:00-04:00",92.80999755859376,92.9000015258789,92.02999877929688,92.12000274658205,92.12000274658205,6404
"JBSS","John B. Sanfilippo & Son, Inc. - Common Stock","2021-07-20 16:00:00-04:00",92.04,92.04,92.04,92.04,92.04,0
"JBSS","John B. Sanfilippo & Son, Inc. - Common Stock","2021-07-21 09:30:00-04:00",92.66999816894533,92.66999816894533,92.11000061035156,92.11000061035156,92.11000061035156,1882
"JBSS","John B. Sanfilippo & Son, Inc. - Common Stock","2021-07-21 10:30:00-04:00",91.77999877929688,92.91999816894533,91.77999877929688,92.91999816894533,92.91999816894533,844
"JBSS","John B. Sanfilippo & Son, Inc. - Common Stock","2021-07-21 11:30:00-04:00",91.90070343017578,92.3499984741211,91.8499984741211,91.8499984741211,91.8499984741211,3559
"JBSS","John B. Sanfilippo & Son, Inc. - Common Stock","2021-07-21 12:30:00-04:00",91.76000213623048,92.1500015258789,91.76000213623048,91.875,91.875,923
"JBSS","John B. Sanfilippo & Son, Inc. - Common Stock","2021-07-21 13:30:00-04:00",92.10810089111328,92.10810089111328,92.0,92.0,92.0,800
"JBSS","John B. Sanfilippo & Son, Inc. - Common Stock","2021-07-21 14:30:00-04:00",92.125,92.125,91.69000244140624,91.69000244140624,91.69000244140624,3360
"JBSS","John B. Sanfilippo & Son, Inc. - Common Stock","2021-07-21 15:30:00-04:00",91.83999633789062,91.86000061035156,91.27999877929688,91.33000183105467,91.33000183105467,6015
"JBSS","John B. Sanfilippo & Son, Inc. - Common Stock","2021-07-21 16:00:00-04:00",91.4,91.4,91.4,91.4,91.4,0
"JBSS","John B. Sanfilippo & Son, Inc. - Common Stock","2021-07-22 09:30:00-04:00",91.29000091552734,91.29000091552734,90.41000366210938,90.81500244140624,90.81500244140624,2414
"JBSS","John B. Sanfilippo & Son, Inc. - Common Stock","2021-07-22 10:30:00-04:00",90.4000015258789,90.71499633789062,90.25,90.5500030517578,90.5500030517578,4136
"JBSS","John B. Sanfilippo & Son, Inc. - Common Stock","2021-07-22 11:30:00-04:00",90.48999786376952,90.63999938964844,90.43000030517578,90.45500183105467,90.45500183105467,1034
"JBSS","John B. Sanfilippo & Son, Inc. - Common Stock","2021-07-22 12:30:00-04:00",90.3499984741211,90.3499984741211,90.1999969482422,90.1999969482422,90.1999969482422,1080
"JBSS","John B. Sanfilippo & Son, Inc. - Common Stock","2021-07-22 13:30:00-04:00",90.29000091552734,90.3550033569336,90.25,90.25,90.25,1798
"JBSS","John B. Sanfilippo & Son, Inc. - Common Stock","2021-07-22 14:30:00-04:00",90.1999969482422,90.61499786376952,90.1999969482422,90.53500366210938,90.53500366210938,2379
"JBSS","John B. Sanfilippo & Son, Inc. - Common Stock","2021-07-22 15:30:00-04:00",90.66000366210938,90.75,90.1999969482422,90.2249984741211,90.2249984741211,4776
"JBSS","John B. Sanfilippo & Son, Inc. - Common Stock","2021-07-22 16:00:00-04:00",90.59,90.59,90.59,90.59,90.59,2866
"JBSS","John B. Sanfilippo & Son, Inc. - Common Stock","2021-07-23 09:30:00-04:00",91.66000366210938,91.66000366210938,90.94000244140624,91.04499816894533,91.04499816894533,0
"JBSS","John B. Sanfilippo & Son, Inc. - Common Stock","2021-07-23 10:30:00-04:00",91.08000183105467,91.7699966430664,91.08000183105467,91.7699966430664,91.7699966430664,1191
"JBSS","John B. Sanfilippo & Son, Inc. - Common Stock","2021-07-23 11:30:00-04:00",91.3301010131836,91.5,91.3301010131836,91.5,91.5,1802
"JBSS","John B. Sanfilippo & Son, Inc. - Common Stock","2021-07-23 12:30:00-04:00",91.1500015258789,91.5500030517578,91.1500015258789,91.1500015258789,91.1500015258789,703
"JBSS","John B. Sanfilippo & Son, Inc. - Common Stock","2021-07-23 13:30:00-04:00",91.0,91.05999755859376,91.0,91.05999755859376,91.05999755859376,1288
"JBSS","John B. Sanfilippo & Son, Inc. - Common Stock","2021-07-23 14:30:00-04:00",91.0999984741211,91.27999877929688,91.0999984741211,91.27999877929688,91.27999877929688,2034
"JBSS","John B. Sanfilippo & Son, Inc. - Common Stock","2021-07-23 15:30:00-04:00",91.6999969482422,91.87000274658205,91.3000030517578,91.41999816894533,91.41999816894533,3497
"JBSS","John B. Sanfilippo & Son, Inc. - Common Stock","2021-07-23 16:00:00-04:00",91.44,91.44,91.44,91.44,91.44,5448
"JBSS","John B. Sanfilippo & Son, Inc. - Common Stock","2021-07-26 09:30:00-04:00",91.31999969482422,92.6999969482422,91.31999969482422,91.91999816894533,91.91999816894533,0
"JBSS","John B. Sanfilippo & Son, Inc. - Common Stock","2021-07-26 10:30:00-04:00",92.2300033569336,92.2300033569336,92.2300033569336,92.2300033569336,92.2300033569336,398
"JBSS","John B. Sanfilippo & Son, Inc. - Common Stock","2021-07-26 11:30:00-04:00",92.20500183105467,92.20500183105467,91.72000122070312,92.06500244140624,92.06500244140624,1662
"JBSS","John B. Sanfilippo & Son, Inc. - Common Stock","2021-07-26 12:30:00-04:00",92.08999633789062,92.58999633789062,91.96219635009766,92.58999633789062,92.58999633789062,2516
"JBSS","John B. Sanfilippo & Son, Inc. - Common Stock","2021-07-26 13:30:00-04:00",92.4207000732422,92.9000015258789,92.30999755859376,92.41999816894533,92.41999816894533,1835
"JBSS","John B. Sanfilippo & Son, Inc. - Common Stock","2021-07-26 14:30:00-04:00",92.25,92.25,92.12000274658205,92.12000274658205,92.12000274658205,750
"JBSS","John B. Sanfilippo & Son, Inc. - Common Stock","2021-07-26 15:30:00-04:00",92.0999984741211,92.0999984741211,91.7699966430664,91.95999908447266,91.95999908447266,4143
"JBSS","John B. Sanfilippo & Son, Inc. - Common Stock","2021-07-26 16:00:00-04:00",91.76,91.76,91.76,91.76,91.76,0
"JBSS","John B. Sanfilippo & Son, Inc. - Common Stock","2021-07-27 06:00:00-04:00",91.7,91.7,91.7,91.7,91.7,0
"JBSS","John B. Sanfilippo & Son, Inc. - Common Stock","2021-07-27 08:00:00-04:00",92.0,92.0,92.0,92.0,92.0,0
"JBSS","John B. Sanfilippo & Son, Inc. - Common Stock","2021-07-27 09:30:00-04:00",91.95999908447266,92.26000213623048,91.86000061035156,92.0,92.0,2025
"JBSS","John B. Sanfilippo & Son, Inc. - Common Stock","2021-07-27 10:30:00-04:00",92.5189971923828,92.72560119628906,92.5189971923828,92.72560119628906,92.72560119628906,1558
"JBSS","John B. Sanfilippo & Son, Inc. - Common Stock","2021-07-27 11:30:00-04:00",92.51000213623048,92.52999877929688,92.0199966430664,92.0199966430664,92.0199966430664,2016
"JBSS","John B. Sanfilippo & Son, Inc. - Common Stock","2021-07-27 12:30:00-04:00",91.95999908447266,92.33999633789062,91.58100128173828,91.83000183105467,91.83000183105467,3112
"JBSS","John B. Sanfilippo & Son, Inc. - Common Stock","2021-07-27 13:30:00-04:00",91.8000030517578,91.87000274658205,91.5,91.5,91.5,2628
"JBSS","John B. Sanfilippo & Son, Inc. - Common Stock","2021-07-27 14:30:00-04:00",91.3499984741211,91.3499984741211,91.01000213623048,91.19000244140624,91.19000244140624,2191
"JBSS","John B. Sanfilippo & Son, Inc. - Common Stock","2021-07-27 15:30:00-04:00",91.0999984741211,91.55999755859376,91.0999984741211,91.51000213623048,91.51000213623048,2502
"JBSS","John B. Sanfilippo & Son, Inc. - Common Stock","2021-07-27 16:00:00-04:00",91.64,91.64,91.64,91.64,91.64,0
"JBSS","John B. Sanfilippo & Son, Inc. - Common Stock","2021-07-27 18:00:00-04:00",92.78,92.78,92.78,92.78,92.78,0
"JBSS","John B. Sanfilippo & Son, Inc. - Common Stock","2021-07-28 09:30:00-04:00",91.5199966430664,91.625,91.5199966430664,91.625,91.625,1068
"JBSS","John B. Sanfilippo & Son, Inc. - Common Stock","2021-07-28 10:30:00-04:00",91.61000061035156,91.61000061035156,90.5999984741211,90.74500274658205,90.74500274658205,3348
"JBSS","John B. Sanfilippo & Son, Inc. - Common Stock","2021-07-28 11:30:00-04:00",91.0999984741211,91.12979888916016,90.87000274658205,91.12979888916016,91.12979888916016,1695
"JBSS","John B. Sanfilippo & Son, Inc. - Common Stock","2021-07-28 12:30:00-04:00",90.77839660644533,90.77839660644533,90.77839660644533,90.77839660644533,90.77839660644533,408
"JBSS","John B. Sanfilippo & Son, Inc. - Common Stock","2021-07-28 13:30:00-04:00",90.98999786376952,90.98999786376952,90.98999786376952,90.98999786376952,90.98999786376952,215
"JBSS","John B. Sanfilippo & Son, Inc. - Common Stock","2021-07-28 14:30:00-04:00",91.48999786376952,91.8499984741211,91.48999786376952,91.73999786376952,91.73999786376952,2977
"JBSS","John B. Sanfilippo & Son, Inc. - Common Stock","2021-07-28 15:30:00-04:00",91.9800033569336,91.9800033569336,91.83000183105467,91.9000015258789,91.9000015258789,1369
"JBSS","John B. Sanfilippo & Son, Inc. - Common Stock","2021-07-28 16:00:00-04:00",91.95,91.95,91.9408,91.95,91.95,0
"JBSS","John B. Sanfilippo & Son, Inc. - Common Stock","2021-07-28 17:00:00-04:00",91.95,91.95,91.95,91.95,91.95,0
"JBSS","John B. Sanfilippo & Son, Inc. - Common Stock","2021-07-29 09:30:00-04:00",92.1500015258789,92.26000213623048,91.58000183105467,91.58999633789062,91.58999633789062,3867
"JBSS","John B. Sanfilippo & Son, Inc. - Common Stock","2021-07-29 10:30:00-04:00",91.7699966430664,92.12999725341795,91.7699966430664,91.98999786376952,91.98999786376952,1626
"JBSS","John B. Sanfilippo & Son, Inc. - Common Stock","2021-07-29 11:30:00-04:00",91.95999908447266,91.95999908447266,91.78500366210938,91.78500366210938,91.78500366210938,404
"JBSS","John B. Sanfilippo & Son, Inc. - Common Stock","2021-07-29 12:30:00-04:00",91.74500274658205,91.74500274658205,91.74500274658205,91.74500274658205,91.74500274658205,1252
"JBSS","John B. Sanfilippo & Son, Inc. - Common Stock","2021-07-29 13:30:00-04:00",91.87999725341795,92.0,91.87999725341795,91.94000244140624,91.94000244140624,1828
"JBSS","John B. Sanfilippo & Son, Inc. - Common Stock","2021-07-29 14:30:00-04:00",92.00679779052734,92.00679779052734,91.54000091552734,91.5999984741211,91.5999984741211,1430
"JBSS","John B. Sanfilippo & Son, Inc. - Common Stock","2021-07-29 15:30:00-04:00",91.74949645996094,91.98999786376952,91.74949645996094,91.88999938964844,91.88999938964844,3041
"JBSS","John B. Sanfilippo & Son, Inc. - Common Stock","2021-07-29 16:00:00-04:00",91.96,91.96,91.96,91.96,91.96,0
"JBSS","John B. Sanfilippo & Son, Inc. - Common Stock","2021-07-29 17:00:00-04:00",92.0,92.0,92.0,92.0,92.0,0
"JBSS","John B. Sanfilippo & Son, Inc. - Common Stock","2021-07-30 09:30:00-04:00",92.06999969482422,92.48999786376952,92.04000091552734,92.48999786376952,92.48999786376952,4234
"JBSS","John B. Sanfilippo & Son, Inc. - Common Stock","2021-07-30 10:30:00-04:00",92.5,92.77639770507812,92.44159698486328,92.58999633789062,92.58999633789062,4426
"JBSS","John B. Sanfilippo & Son, Inc. - Common Stock","2021-07-30 11:30:00-04:00",92.49500274658205,92.5,92.23999786376952,92.23999786376952,92.23999786376952,1391
"JBSS","John B. Sanfilippo & Son, Inc. - Common Stock","2021-07-30 12:30:00-04:00",92.1999969482422,92.1999969482422,92.1999969482422,92.1999969482422,92.1999969482422,768
"JBSS","John B. Sanfilippo & Son, Inc. - Common Stock","2021-07-30 13:30:00-04:00",92.0999984741211,92.0999984741211,92.0999984741211,92.0999984741211,92.0999984741211,109
"JBSS","John B. Sanfilippo & Son, Inc. - Common Stock","2021-07-30 14:30:00-04:00",92.01499938964844,92.37999725341795,91.6999969482422,92.37999725341795,92.37999725341795,3117
"JBSS","John B. Sanfilippo & Son, Inc. - Common Stock","2021-07-30 15:30:00-04:00",92.36180114746094,92.4499969482422,92.12000274658205,92.43000030517578,92.43000030517578,3657
"JBSS","John B. Sanfilippo & Son, Inc. - Common Stock","2021-07-30 16:00:00-04:00",92.36,92.36,92.36,92.36,92.36,0
"JBSS","John B. Sanfilippo & Son, Inc. - Common Stock","2021-08-02 08:00:00-04:00",91.95,92.78,91.95,92.78,92.78,0
"JBSS","John B. Sanfilippo & Son, Inc. - Common Stock","2021-08-02 09:00:00-04:00",92.36,92.36,92.0,92.0,92.0,0
"JBSS","John B. Sanfilippo & Son, Inc. - Common Stock","2021-08-02 09:30:00-04:00",92.55999755859376,93.2699966430664,91.84500122070312,92.69000244140624,92.69000244140624,12699
"JBSS","John B. Sanfilippo & Son, Inc. - Common Stock","2021-08-02 10:30:00-04:00",93.04000091552734,93.33999633789062,92.77999877929688,93.12000274658205,93.12000274658205,2543
"JBSS","John B. Sanfilippo & Son, Inc. - Common Stock","2021-08-02 11:30:00-04:00",93.13999938964844,93.13999938964844,92.97000122070312,93.01000213623048,93.01000213623048,2140
"JBSS","John B. Sanfilippo & Son, Inc. - Common Stock","2021-08-02 12:30:00-04:00",92.72000122070312,92.72000122070312,92.72000122070312,92.72000122070312,92.72000122070312,497
"JBSS","John B. Sanfilippo & Son, Inc. - Common Stock","2021-08-02 13:30:00-04:00",92.18000030517578,92.33580017089844,92.12999725341795,92.12999725341795,92.12999725341795,938
"JBSS","John B. Sanfilippo & Son, Inc. - Common Stock","2021-08-02 14:30:00-04:00",92.16000366210938,92.2300033569336,92.11499786376952,92.2300033569336,92.2300033569336,4058
"JBSS","John B. Sanfilippo & Son, Inc. - Common Stock","2021-08-02 15:30:00-04:00",92.19000244140624,92.31999969482422,91.86000061035156,91.86000061035156,91.86000061035156,8090
"JBSS","John B. Sanfilippo & Son, Inc. - Common Stock","2021-08-02 16:00:00-04:00",91.78,91.78,91.78,91.78,91.78,0
"JBSS","John B. Sanfilippo & Son, Inc. - Common Stock","2021-08-03 09:30:00-04:00",92.2300033569336,92.33910369873048,91.98999786376952,92.08999633789062,92.08999633789062,1960
"JBSS","John B. Sanfilippo & Son, Inc. - Common Stock","2021-08-03 10:30:00-04:00",92.29000091552734,92.73500061035156,92.29000091552734,92.5731964111328,92.5731964111328,3309
"JBSS","John B. Sanfilippo & Son, Inc. - Common Stock","2021-08-03 11:30:00-04:00",92.63999938964844,92.7300033569336,92.23999786376952,92.4250030517578,92.4250030517578,4019
"JBSS","John B. Sanfilippo & Son, Inc. - Common Stock","2021-08-03 12:30:00-04:00",92.39969635009766,92.45999908447266,92.39969635009766,92.45999908447266,92.45999908447266,1160
"JBSS","John B. Sanfilippo & Son, Inc. - Common Stock","2021-08-03 13:30:00-04:00",92.54000091552734,92.75,92.51000213623048,92.51000213623048,92.51000213623048,2665
"JBSS","John B. Sanfilippo & Son, Inc. - Common Stock","2021-08-03 14:30:00-04:00",92.70500183105467,92.87999725341795,92.625,92.62999725341795,92.62999725341795,6333
"JBSS","John B. Sanfilippo & Son, Inc. - Common Stock","2021-08-03 15:30:00-04:00",92.7300033569336,93.3000030517578,91.91999816894533,92.45999908447266,92.45999908447266,31400
"JBSS","John B. Sanfilippo & Son, Inc. - Common Stock","2021-08-03 16:00:00-04:00",92.46,92.46,92.4531,92.4531,92.4531,0
"JBSS","John B. Sanfilippo & Son, Inc. - Common Stock","2021-08-04 08:00:00-04:00",92.46,92.46,92.46,92.46,92.46,0
"JBSS","John B. Sanfilippo & Son, Inc. - Common Stock","2021-08-04 09:30:00-04:00",92.0,92.6999969482422,91.75,91.75,91.75,1724
"JBSS","John B. Sanfilippo & Son, Inc. - Common Stock","2021-08-04 10:30:00-04:00",91.8000030517578,91.8000030517578,90.94000244140624,90.94000244140624,90.94000244140624,6487
"JBSS","John B. Sanfilippo & Son, Inc. - Common Stock","2021-08-04 11:30:00-04:00",91.2300033569336,91.3499984741211,91.08999633789062,91.1980972290039,91.1980972290039,2665
"JBSS","John B. Sanfilippo & Son, Inc. - Common Stock","2021-08-04 12:30:00-04:00",91.12000274658205,91.20999908447266,90.8000030517578,90.82550048828124,90.82550048828124,2376
"JBSS","John B. Sanfilippo & Son, Inc. - Common Stock","2021-08-04 13:30:00-04:00",90.8000030517578,90.8000030517578,90.52999877929688,90.69000244140624,90.69000244140624,2128
"JBSS","John B. Sanfilippo & Son, Inc. - Common Stock","2021-08-04 14:30:00-04:00",90.75070190429688,90.91000366210938,90.71690368652344,90.79000091552734,90.79000091552734,3384
"JBSS","John B. Sanfilippo & Son, Inc. - Common Stock","2021-08-04 15:30:00-04:00",90.97000122070312,91.55999755859376,90.81999969482422,91.36000061035156,91.36000061035156,8942
"JBSS","John B. Sanfilippo & Son, Inc. - Common Stock","2021-08-04 16:00:00-04:00",91.34,91.34,91.34,91.34,91.34,6534
"JBSS","John B. Sanfilippo & Son, Inc. - Common Stock","2021-08-05 09:30:00-04:00",91.4800033569336,91.79000091552734,90.74240112304688,91.09500122070312,91.09500122070312,0
"JBSS","John B. Sanfilippo & Son, Inc. - Common Stock","2021-08-05 10:30:00-04:00",91.33499908447266,91.36499786376952,91.2300033569336,91.25,91.25,733
"JBSS","John B. Sanfilippo & Son, Inc. - Common Stock","2021-08-05 11:30:00-04:00",91.3000030517578,91.63999938964844,91.22000122070312,91.47000122070312,91.47000122070312,2367
"JBSS","John B. Sanfilippo & Son, Inc. - Common Stock","2021-08-05 12:30:00-04:00",91.30999755859376,91.33499908447266,91.16000366210938,91.2699966430664,91.2699966430664,3064
"JBSS","John B. Sanfilippo & Son, Inc. - Common Stock","2021-08-05 13:30:00-04:00",91.3249969482422,91.6999969482422,91.2750015258789,91.63999938964844,91.63999938964844,2441
"JBSS","John B. Sanfilippo & Son, Inc. - Common Stock","2021-08-05 14:30:00-04:00",91.66999816894533,91.66999816894533,91.13999938964844,91.3499984741211,91.3499984741211,5226
"JBSS","John B. Sanfilippo & Son, Inc. - Common Stock","2021-08-05 15:30:00-04:00",91.4000015258789,91.83999633789062,91.27999877929688,91.77999877929688,91.77999877929688,6877
"JBSS","John B. Sanfilippo & Son, Inc. - Common Stock","2021-08-05 16:00:00-04:00",91.39,91.78,91.39,91.78,91.78,0
"JBSS","John B. Sanfilippo & Son, Inc. - Common Stock","2021-08-05 17:00:00-04:00",91.78,91.78,91.78,91.78,91.78,0
"JBSS","John B. Sanfilippo & Son, Inc. - Common Stock","2021-08-05 18:00:00-04:00",91.78,91.78,91.78,91.78,91.78,0
"JBSS","John B. Sanfilippo & Son, Inc. - Common Stock","2021-08-06 08:00:00-04:00",92.3,92.3,92.1,92.1,92.1,0
"JBSS","John B. Sanfilippo & Son, Inc. - Common Stock","2021-08-06 09:00:00-04:00",92.39,92.39,92.39,92.39,92.39,0
"JBSS","John B. Sanfilippo & Son, Inc. - Common Stock","2021-08-06 09:30:00-04:00",92.16000366210938,92.8000030517578,92.0,92.8000030517578,92.8000030517578,4961
"JBSS","John B. Sanfilippo & Son, Inc. - Common Stock","2021-08-06 10:30:00-04:00",92.6500015258789,93.08999633789062,92.17169952392578,92.45999908447266,92.45999908447266,9768
"JBSS","John B. Sanfilippo & Son, Inc. - Common Stock","2021-08-06 11:30:00-04:00",92.62200164794922,92.9552001953125,92.3000030517578,92.69000244140624,92.69000244140624,5234
"JBSS","John B. Sanfilippo & Son, Inc. - Common Stock","2021-08-06 12:30:00-04:00",92.61000061035156,92.8000030517578,92.44000244140624,92.75499725341795,92.75499725341795,3675
"JBSS","John B. Sanfilippo & Son, Inc. - Common Stock","2021-08-06 13:30:00-04:00",92.77999877929688,93.12000274658205,92.68000030517578,92.9749984741211,92.9749984741211,6460
"JBSS","John B. Sanfilippo & Son, Inc. - Common Stock","2021-08-06 14:30:00-04:00",92.87000274658205,92.9800033569336,92.47000122070312,92.47000122070312,92.47000122070312,12093
"JBSS","John B. Sanfilippo & Son, Inc. - Common Stock","2021-08-06 15:30:00-04:00",92.52239990234376,92.98989868164062,92.51000213623048,92.52999877929688,92.52999877929688,6143
"JBSS","John B. Sanfilippo & Son, Inc. - Common Stock","2021-08-06 16:00:00-04:00",92.43,92.43,92.429,92.43,92.43,0
"JBSS","John B. Sanfilippo & Son, Inc. - Common Stock","2021-08-06 17:00:00-04:00",93.19,93.19,93.19,93.19,93.19,0
"JBSS","John B. Sanfilippo & Son, Inc. - Common Stock","2021-08-06 19:00:00-04:00",93.5,93.65,93.5,93.65,93.65,0
"JBSS","John B. Sanfilippo & Son, Inc. - Common Stock","2021-08-09 07:00:00-04:00",90.98,90.98,90.76,90.79,90.79,0
"JBSS","John B. Sanfilippo & Son, Inc. - Common Stock","2021-08-09 08:00:00-04:00",90.5,91.0,89.0001,89.0001,89.0001,0
"JBSS","John B. Sanfilippo & Son, Inc. - Common Stock","2021-08-09 09:00:00-04:00",90.74,90.74,89.0,89.0,89.0,0
"JBSS","John B. Sanfilippo & Son, Inc. - Common Stock","2021-08-09 09:30:00-04:00",86.66000366210938,88.87000274658203,86.0,88.0999984741211,88.0999984741211,9866
"JBSS","John B. Sanfilippo & Son, Inc. - Common Stock","2021-08-09 10:30:00-04:00",88.19999694824219,88.19999694824219,87.48999786376953,88.18000030517578,88.18000030517578,3008
"JBSS","John B. Sanfilippo & Son, Inc. - Common Stock","2021-08-09 11:30:00-04:00",88.37519836425781,88.91999816894531,88.37519836425781,88.69999694824219,88.69999694824219,1803
"JBSS","John B. Sanfilippo & Son, Inc. - Common Stock","2021-08-09 12:30:00-04:00",88.58000183105469,88.71769714355469,88.55999755859375,88.55999755859375,88.55999755859375,2094
"JBSS","John B. Sanfilippo & Son, Inc. - Common Stock","2021-08-09 13:30:00-04:00",88.45999908447266,88.45999908447266,87.6500015258789,87.6500015258789,87.6500015258789,3401
"JBSS","John B. Sanfilippo & Son, Inc. - Common Stock","2021-08-09 14:30:00-04:00",87.82859802246094,88.08000183105469,87.37000274658203,88.0,88.0,7634
"JBSS","John B. Sanfilippo & Son, Inc. - Common Stock","2021-08-09 15:30:00-04:00",87.9000015258789,88.30000305175781,87.87000274658203,87.9000015258789,87.9000015258789,6285
"JBSS","John B. Sanfilippo & Son, Inc. - Common Stock","2021-08-09 16:00:00-04:00",87.9,89.4,87.0,89.3,89.3,0
"JBSS","John B. Sanfilippo & Son, Inc. - Common Stock","2021-08-10 08:00:00-04:00",88.06,88.06,88.05,88.05,88.05,0
"JBSS","John B. Sanfilippo & Son, Inc. - Common Stock","2021-08-10 09:30:00-04:00",87.94999694824219,88.37000274658203,87.94999694824219,88.0,88.0,2564
"JBSS","John B. Sanfilippo & Son, Inc. - Common Stock","2021-08-10 10:30:00-04:00",87.9000015258789,88.20999908447266,87.79669952392578,88.20999908447266,88.20999908447266,1655
"JBSS","John B. Sanfilippo & Son, Inc. - Common Stock","2021-08-10 11:30:00-04:00",88.2300033569336,88.33000183105469,87.93009948730469,88.0479965209961,88.0479965209961,1800
"JBSS","John B. Sanfilippo & Son, Inc. - Common Stock","2021-08-10 12:30:00-04:00",88.19999694824219,88.2300033569336,88.11309814453125,88.11309814453125,88.11309814453125,1674
"JBSS","John B. Sanfilippo & Son, Inc. - Common Stock","2021-08-10 13:30:00-04:00",88.25499725341797,88.68000030517578,88.25499725341797,88.5199966430664,88.5199966430664,2828
"JBSS","John B. Sanfilippo & Son, Inc. - Common Stock","2021-08-10 14:30:00-04:00",88.63999938964844,88.68000030517578,88.5199966430664,88.5250015258789,88.5250015258789,967
"JBSS","John B. Sanfilippo & Son, Inc. - Common Stock","2021-08-10 15:30:00-04:00",88.53500366210938,88.70999908447266,88.3499984741211,88.37000274658203,88.37000274658203,4668
"JBSS","John B. Sanfilippo & Son, Inc. - Common Stock","2021-08-10 16:00:00-04:00",88.36,88.36,88.36,88.36,88.36,4702
"JBSS","John B. Sanfilippo & Son, Inc. - Common Stock","2021-08-11 09:30:00-04:00",88.68000030517578,88.68000030517578,88.32499694824219,88.6104965209961,88.6104965209961,0
"JBSS","John B. Sanfilippo & Son, Inc. - Common Stock","2021-08-11 10:30:00-04:00",88.52999877929688,88.9000015258789,88.52999877929688,88.9000015258789,88.9000015258789,2236
"JBSS","John B. Sanfilippo & Son, Inc. - Common Stock","2021-08-11 11:30:00-04:00",88.84500122070312,88.84500122070312,88.63500213623047,88.83000183105469,88.83000183105469,505
"JBSS","John B. Sanfilippo & Son, Inc. - Common Stock","2021-08-11 12:30:00-04:00",88.7300033569336,88.75,88.51499938964844,88.75,88.75,2295
"JBSS","John B. Sanfilippo & Son, Inc. - Common Stock","2021-08-11 13:30:00-04:00",88.7781982421875,88.91000366210938,88.7781982421875,88.91000366210938,88.91000366210938,989
"JBSS","John B. Sanfilippo & Son, Inc. - Common Stock","2021-08-11 14:30:00-04:00",88.93000030517578,88.93000030517578,88.48500061035156,88.48500061035156,88.48500061035156,3174
"JBSS","John B. Sanfilippo & Son, Inc. - Common Stock","2021-08-11 15:30:00-04:00",88.23999786376953,88.36000061035156,88.05000305175781,88.08999633789062,88.08999633789062,5440
"JBSS","John B. Sanfilippo & Son, Inc. - Common Stock","2021-08-11 16:00:00-04:00",88.05,88.05,88.05,88.05,88.05,0
"JBSS","John B. Sanfilippo & Son, Inc. - Common Stock","2021-08-12 09:30:00-04:00",88.0,88.38999938964844,88.0,88.05000305175781,88.05000305175781,1347
"JBSS","John B. Sanfilippo & Son, Inc. - Common Stock","2021-08-12 10:30:00-04:00",88.4000015258789,88.4000015258789,88.08000183105469,88.08000183105469,88.08000183105469,205
"JBSS","John B. Sanfilippo & Son, Inc. - Common Stock","2021-08-12 11:30:00-04:00",88.283203125,88.283203125,87.72820281982422,88.12000274658203,88.12000274658203,1226
"JBSS","John B. Sanfilippo & Son, Inc. - Common Stock","2021-08-12 12:30:00-04:00",88.05000305175781,88.08000183105469,87.77999877929688,88.08000183105469,88.08000183105469,2353
"JBSS","John B. Sanfilippo & Son, Inc. - Common Stock","2021-08-12 13:30:00-04:00",87.80950164794922,88.05999755859375,87.79000091552734,88.05000305175781,88.05000305175781,1976
"JBSS","John B. Sanfilippo & Son, Inc. - Common Stock","2021-08-12 14:30:00-04:00",88.20999908447266,88.36000061035156,87.9800033569336,88.0199966430664,88.0199966430664,2084
"JBSS","John B. Sanfilippo & Son, Inc. - Common Stock","2021-08-12 15:30:00-04:00",88.04000091552734,88.2699966430664,87.91999816894531,87.91999816894531,87.91999816894531,3166
"JBSS","John B. Sanfilippo & Son, Inc. - Common Stock","2021-08-12 16:00:00-04:00",87.9,87.9,87.9,87.9,87.9,3358
"JBSS","John B. Sanfilippo & Son, Inc. - Common Stock","2021-08-13 09:30:00-04:00",88.1500015258789,88.38999938964844,87.25,88.36139678955078,88.36139678955078,0
"JBSS","John B. Sanfilippo & Son, Inc. - Common Stock","2021-08-13 10:30:00-04:00",87.94000244140625,88.44879913330078,87.76499938964844,87.76499938964844,87.76499938964844,6781
"JBSS","John B. Sanfilippo & Son, Inc. - Common Stock","2021-08-13 11:30:00-04:00",88.31700134277344,88.31700134277344,87.83999633789062,88.13800048828125,88.13800048828125,4228
"JBSS","John B. Sanfilippo & Son, Inc. - Common Stock","2021-08-13 12:30:00-04:00",88.5199966430664,88.5199966430664,88.41999816894531,88.41999816894531,88.41999816894531,1819
"JBSS","John B. Sanfilippo & Son, Inc. - Common Stock","2021-08-13 13:30:00-04:00",88.79000091552734,88.79000091552734,88.68000030517578,88.7300033569336,88.7300033569336,967
"JBSS","John B. Sanfilippo & Son, Inc. - Common Stock","2021-08-13 14:30:00-04:00",88.52999877929688,88.76000213623047,88.52999877929688,88.73999786376953,88.73999786376953,1485
"JBSS","John B. Sanfilippo & Son, Inc. - Common Stock","2021-08-13 15:30:00-04:00",88.73999786376953,88.73999786376953,88.52999877929688,88.6050033569336,88.6050033569336,3331
"JBSS","John B. Sanfilippo & Son, Inc. - Common Stock","2021-08-13 16:00:00-04:00",88.68,88.68,88.68,88.68,88.68,1811
"JBSS","John B. Sanfilippo & Son, Inc. - Common Stock","2021-08-16 09:30:00-04:00",88.87000274658203,89.20500183105469,88.7249984741211,88.94000244140625,88.94000244140625,0
"JBSS","John B. Sanfilippo & Son, Inc. - Common Stock","2021-08-16 10:30:00-04:00",89.27999877929688,89.30999755859375,88.79000091552734,88.875,88.875,3531
"JBSS","John B. Sanfilippo & Son, Inc. - Common Stock","2021-08-16 11:30:00-04:00",88.77999877929688,88.98999786376953,88.61000061035156,88.61000061035156,88.61000061035156,5009
"JBSS","John B. Sanfilippo & Son, Inc. - Common Stock","2021-08-16 12:30:00-04:00",89.04000091552734,89.04000091552734,88.69000244140625,88.69999694824219,88.69999694824219,2520
"JBSS","John B. Sanfilippo & Son, Inc. - Common Stock","2021-08-16 13:30:00-04:00",88.53500366210938,88.69999694824219,88.5,88.52999877929688,88.52999877929688,2221
"JBSS","John B. Sanfilippo & Son, Inc. - Common Stock","2021-08-16 14:30:00-04:00",88.58000183105469,88.58000183105469,88.23999786376953,88.44999694824219,88.44999694824219,5935
"JBSS","John B. Sanfilippo & Son, Inc. - Common Stock","2021-08-16 15:30:00-04:00",88.61499786376953,88.80500030517578,88.5,88.69999694824219,88.69999694824219,7920
"JBSS","John B. Sanfilippo & Son, Inc. - Common Stock","2021-08-16 16:00:00-04:00",88.61,88.61,88.61,88.61,88.61,4417
"JBSS","John B. Sanfilippo & Son, Inc. - Common Stock","2021-08-17 08:00:00-04:00",88.61,88.61,88.61,88.61,88.61,0
"JBSS","John B. Sanfilippo & Son, Inc. - Common Stock","2021-08-17 09:30:00-04:00",88.55999755859375,88.55999755859375,87.63500213623047,87.90499877929688,87.90499877929688,3587
"JBSS","John B. Sanfilippo & Son, Inc. - Common Stock","2021-08-17 10:30:00-04:00",88.15499877929688,88.40899658203125,88.15499877929688,88.20999908447266,88.20999908447266,1509
"JBSS","John B. Sanfilippo & Son, Inc. - Common Stock","2021-08-17 11:30:00-04:00",88.47160339355469,88.47160339355469,87.88999938964844,87.9800033569336,87.9800033569336,2646
"JBSS","John B. Sanfilippo & Son, Inc. - Common Stock","2021-08-17 12:30:00-04:00",87.80000305175781,88.0,87.80000305175781,88.0,88.0,2065
"JBSS","John B. Sanfilippo & Son, Inc. - Common Stock","2021-08-17 13:30:00-04:00",88.30000305175781,88.44499969482422,88.0,88.05000305175781,88.05000305175781,3677
"JBSS","John B. Sanfilippo & Son, Inc. - Common Stock","2021-08-17 14:30:00-04:00",88.0,88.19999694824219,87.8499984741211,88.0,88.0,5514
"JBSS","John B. Sanfilippo & Son, Inc. - Common Stock","2021-08-17 15:30:00-04:00",88.06999969482422,88.33000183105469,87.77999877929688,87.91999816894531,87.91999816894531,15686
"JBSS","John B. Sanfilippo & Son, Inc. - Common Stock","2021-08-17 16:00:00-04:00",88.05,88.05,88.05,88.05,88.05,0
"JBSS","John B. Sanfilippo & Son, Inc. - Common Stock","2021-08-18 09:30:00-04:00",87.73999786376953,88.52999877929688,87.73999786376953,88.16999816894531,88.16999816894531,4560
"JBSS","John B. Sanfilippo & Son, Inc. - Common Stock","2021-08-18 11:30:00-04:00",87.9000015258789,87.94999694824219,87.87000274658203,87.91000366210938,87.91000366210938,1559
"JBSS","John B. Sanfilippo & Son, Inc. - Common Stock","2021-08-18 12:30:00-04:00",88.01000213623047,88.28500366210938,87.9800033569336,88.28500366210938,88.28500366210938,1853
"JBSS","John B. Sanfilippo & Son, Inc. - Common Stock","2021-08-18 13:30:00-04:00",88.43000030517578,88.69999694824219,88.2249984741211,88.23999786376953,88.23999786376953,2257
"JBSS","John B. Sanfilippo & Son, Inc. - Common Stock","2021-08-18 14:30:00-04:00",88.55999755859375,88.55999755859375,88.20999908447266,88.21499633789062,88.21499633789062,3607
"JBSS","John B. Sanfilippo & Son, Inc. - Common Stock","2021-08-18 15:30:00-04:00",87.81999969482422,88.13999938964844,87.66000366210938,87.95999908447266,87.95999908447266,7526
"JBSS","John B. Sanfilippo & Son, Inc. - Common Stock","2021-08-18 16:00:00-04:00",87.92,87.92,87.92,87.92,87.92,0
"JBSS","John B. Sanfilippo & Son, Inc. - Common Stock","2021-08-19 09:00:00-04:00",87.23,87.27,87.05,87.27,87.27,0
"JBSS","John B. Sanfilippo & Son, Inc. - Common Stock","2021-08-19 09:30:00-04:00",87.91000366210938,88.41000366210938,87.20999908447266,88.37000274658203,88.37000274658203,4471
"JBSS","John B. Sanfilippo & Son, Inc. - Common Stock","2021-08-19 10:30:00-04:00",88.05999755859375,88.3499984741211,84.5,84.5,84.5,7650
"JBSS","John B. Sanfilippo & Son, Inc. - Common Stock","2021-08-19 11:30:00-04:00",84.11009979248047,85.75,84.11009979248047,84.94000244140625,84.94000244140625,6676
"JBSS","John B. Sanfilippo & Son, Inc. - Common Stock","2021-08-19 12:30:00-04:00",84.72000122070312,85.66000366210938,84.68009948730469,85.16000366210938,85.16000366210938,6278
"JBSS","John B. Sanfilippo & Son, Inc. - Common Stock","2021-08-19 13:30:00-04:00",85.1500015258789,86.05000305175781,85.1500015258789,85.80000305175781,85.80000305175781,5178
"JBSS","John B. Sanfilippo & Son, Inc. - Common Stock","2021-08-19 14:30:00-04:00",85.94000244140625,86.44000244140625,85.87999725341797,86.23999786376953,86.23999786376953,3367
"JBSS","John B. Sanfilippo & Son, Inc. - Common Stock","2021-08-19 15:30:00-04:00",86.23999786376953,86.37999725341797,86.0250015258789,86.05000305175781,86.05000305175781,9196
"JBSS","John B. Sanfilippo & Son, Inc. - Common Stock","2021-08-19 16:00:00-04:00",86.18,86.18,86.18,86.18,86.18,0
"JBSS","John B. Sanfilippo & Son, Inc. - Common Stock","2021-08-20 08:00:00-04:00",86.18,86.18,86.18,86.18,86.18,0
"JBSS","John B. Sanfilippo & Son, Inc. - Common Stock","2021-08-20 09:30:00-04:00",85.69000244140625,87.83000183105469,85.69000244140625,87.41000366210938,87.41000366210938,5304
"JBSS","John B. Sanfilippo & Son, Inc. - Common Stock","2021-08-20 10:30:00-04:00",88.11000061035156,88.16000366210938,87.83999633789062,87.97000122070312,87.97000122070312,2564
"JBSS","John B. Sanfilippo & Son, Inc. - Common Stock","2021-08-20 11:30:00-04:00",88.02999877929688,88.1500015258789,87.98999786376953,88.04000091552734,88.04000091552734,2511
"JBSS","John B. Sanfilippo & Son, Inc. - Common Stock","2021-08-20 12:30:00-04:00",88.0250015258789,88.0250015258789,87.75,87.81999969482422,87.81999969482422,1123
"JBSS","John B. Sanfilippo & Son, Inc. - Common Stock","2021-08-20 13:30:00-04:00",87.86000061035156,88.0,87.68000030517578,88.0,88.0,2236
"JBSS","John B. Sanfilippo & Son, Inc. - Common Stock","2021-08-20 14:30:00-04:00",87.73999786376953,87.80500030517578,87.43099975585938,87.66000366210938,87.66000366210938,4496
"JBSS","John B. Sanfilippo & Son, Inc. - Common Stock","2021-08-20 15:30:00-04:00",87.45999908447266,87.65409851074219,87.19000244140625,87.5199966430664,87.5199966430664,13597
"JBSS","John B. Sanfilippo & Son, Inc. - Common Stock","2021-08-20 16:00:00-04:00",87.55,87.55,87.55,87.55,87.55,0
"JBSS","John B. Sanfilippo & Son, Inc. - Common Stock","2021-08-20 17:00:00-04:00",88.36,88.36,88.36,88.36,88.36,0
"JBSS","John B. Sanfilippo & Son, Inc. - Common Stock","2021-08-23 09:00:00-04:00",88.62,88.62,88.62,88.62,88.62,0
"JBSS","John B. Sanfilippo & Son, Inc. - Common Stock","2021-08-23 09:30:00-04:00",87.69999694824219,87.83999633789062,86.5,87.83999633789062,87.83999633789062,19313
"JBSS","John B. Sanfilippo & Son, Inc. - Common Stock","2021-08-23 10:30:00-04:00",87.6500015258789,88.69000244140625,87.4000015258789,88.54000091552734,88.54000091552734,115122
"JBSS","John B. Sanfilippo & Son, Inc. - Common Stock","2021-08-23 11:30:00-04:00",88.94999694824219,88.94999694824219,88.69000244140625,88.91999816894531,88.91999816894531,1627
"JBSS","John B. Sanfilippo & Son, Inc. - Common Stock","2021-08-23 12:30:00-04:00",88.80999755859375,89.31999969482422,88.61000061035156,89.31999969482422,89.31999969482422,2676
"JBSS","John B. Sanfilippo & Son, Inc. - Common Stock","2021-08-23 13:30:00-04:00",89.30999755859375,89.33000183105469,89.05000305175781,89.05000305175781,89.05000305175781,4184
"JBSS","John B. Sanfilippo & Son, Inc. - Common Stock","2021-08-23 14:30:00-04:00",88.83000183105469,89.22989654541016,88.80000305175781,88.9000015258789,88.9000015258789,8485
"JBSS","John B. Sanfilippo & Son, Inc. - Common Stock","2021-08-23 15:30:00-04:00",88.9000015258789,89.18000030517578,88.73999786376953,88.83000183105469,88.83000183105469,12537
"JBSS","John B. Sanfilippo & Son, Inc. - Common Stock","2021-08-23 16:00:00-04:00",88.79,88.79,88.79,88.79,88.79,3491
"JBSS","John B. Sanfilippo & Son, Inc. - Common Stock","2021-08-24 09:30:00-04:00",88.61000061035156,89.45999908447266,88.0199966430664,88.22000122070312,88.22000122070312,0
"JBSS","John B. Sanfilippo & Son, Inc. - Common Stock","2021-08-24 10:30:00-04:00",88.41999816894531,88.41999816894531,86.87999725341797,86.98999786376953,86.98999786376953,6638
"JBSS","John B. Sanfilippo & Son, Inc. - Common Stock","2021-08-24 11:30:00-04:00",87.0907974243164,87.19499969482422,86.93830108642578,86.93830108642578,86.93830108642578,2315
"JBSS","John B. Sanfilippo & Son, Inc. - Common Stock","2021-08-24 12:30:00-04:00",86.66999816894531,86.81999969482422,86.66999816894531,86.73259735107422,86.73259735107422,2147
"JBSS","John B. Sanfilippo & Son, Inc. - Common Stock","2021-08-24 13:30:00-04:00",86.9000015258789,87.44000244140625,86.81999969482422,87.44000244140625,87.44000244140625,5259
"JBSS","John B. Sanfilippo & Son, Inc. - Common Stock","2021-08-24 14:30:00-04:00",87.5,87.91000366210938,87.18000030517578,87.79000091552734,87.79000091552734,7068
"JBSS","John B. Sanfilippo & Son, Inc. - Common Stock","2021-08-24 15:30:00-04:00",87.29000091552734,87.4800033569336,87.23999786376953,87.4800033569336,87.4800033569336,5367
"JBSS","John B. Sanfilippo & Son, Inc. - Common Stock","2021-08-24 16:00:00-04:00",87.34,87.34,87.34,87.34,87.34,0
"JBSS","John B. Sanfilippo & Son, Inc. - Common Stock","2021-08-25 09:30:00-04:00",87.6500015258789,88.33499908447266,86.80999755859375,88.04989624023438,88.04989624023438,5141
"JBSS","John B. Sanfilippo & Son, Inc. - Common Stock","2021-08-25 10:30:00-04:00",87.375,87.38999938964844,86.94000244140625,87.27999877929688,87.27999877929688,4601
"JBSS","John B. Sanfilippo & Son, Inc. - Common Stock","2021-08-25 11:30:00-04:00",87.2750015258789,87.33000183105469,87.16020202636719,87.26499938964844,87.26499938964844,1563
"JBSS","John B. Sanfilippo & Son, Inc. - Common Stock","2021-08-25 12:30:00-04:00",87.29000091552734,87.29000091552734,86.9800033569336,87.12999725341797,87.12999725341797,2182
"JBSS","John B. Sanfilippo & Son, Inc. - Common Stock","2021-08-25 13:30:00-04:00",86.98999786376953,86.98999786376953,86.7699966430664,86.7699966430664,86.7699966430664,2359
"JBSS","John B. Sanfilippo & Son, Inc. - Common Stock","2021-08-25 14:30:00-04:00",86.58580017089844,86.69999694824219,86.25,86.37000274658203,86.37000274658203,4121
"JBSS","John B. Sanfilippo & Son, Inc. - Common Stock","2021-08-25 15:30:00-04:00",86.6500015258789,86.6500015258789,85.94000244140625,85.95999908447266,85.95999908447266,5815
"JBSS","John B. Sanfilippo & Son, Inc. - Common Stock","2021-08-25 16:00:00-04:00",85.96,85.96,85.96,85.96,85.96,0
"JBSS","John B. Sanfilippo & Son, Inc. - Common Stock","2021-08-26 09:30:00-04:00",85.83000183105469,85.83000183105469,84.96499633789062,85.04000091552734,85.04000091552734,4222
"JBSS","John B. Sanfilippo & Son, Inc. - Common Stock","2021-08-26 10:30:00-04:00",85.0199966430664,85.08000183105469,84.63999938964844,84.94999694824219,84.94999694824219,5304
"JBSS","John B. Sanfilippo & Son, Inc. - Common Stock","2021-08-26 11:30:00-04:00",84.94000244140625,84.95999908447266,84.69000244140625,84.80000305175781,84.80000305175781,2715
"JBSS","John B. Sanfilippo & Son, Inc. - Common Stock","2021-08-26 12:30:00-04:00",84.58399963378906,84.69000244140625,84.48999786376953,84.69000244140625,84.69000244140625,2600
"JBSS","John B. Sanfilippo & Son, Inc. - Common Stock","2021-08-26 13:30:00-04:00",84.83499908447266,84.95999908447266,84.5199966430664,84.75,84.75,5520
"JBSS","John B. Sanfilippo & Son, Inc. - Common Stock","2021-08-26 14:30:00-04:00",84.63999938964844,84.9749984741211,84.63999938964844,84.70999908447266,84.70999908447266,4737
"JBSS","John B. Sanfilippo & Son, Inc. - Common Stock","2021-08-26 15:30:00-04:00",84.7300033569336,84.7300033569336,84.5,84.5,84.5,2161
"JBSS","John B. Sanfilippo & Son, Inc. - Common Stock","2021-08-26 16:00:00-04:00",84.5,86.29,84.5,84.5,84.5,0
"JBSS","John B. Sanfilippo & Son, Inc. - Common Stock","2021-08-27 08:00:00-04:00",84.0,84.0,84.0,84.0,84.0,0
"JBSS","John B. Sanfilippo & Son, Inc. - Common Stock","2021-08-27 09:30:00-04:00",84.79000091552734,85.06999969482422,84.6500015258789,84.6500015258789,84.6500015258789,1750
"JBSS","John B. Sanfilippo & Son, Inc. - Common Stock","2021-08-27 10:30:00-04:00",84.97000122070312,85.66500091552734,84.79000091552734,85.36000061035156,85.36000061035156,4070
"JBSS","John B. Sanfilippo & Son, Inc. - Common Stock","2021-08-27 11:30:00-04:00",85.36000061035156,86.08000183105469,84.96499633789062,86.0,86.0,4474
"JBSS","John B. Sanfilippo & Son, Inc. - Common Stock","2021-08-27 12:30:00-04:00",85.62000274658203,85.86000061035156,85.47000122070312,85.47000122070312,85.47000122070312,1582
"JBSS","John B. Sanfilippo & Son, Inc. - Common Stock","2021-08-27 13:30:00-04:00",85.52999877929688,86.00499725341797,85.52999877929688,85.6449966430664,85.6449966430664,3104
"JBSS","John B. Sanfilippo & Son, Inc. - Common Stock","2021-08-27 14:30:00-04:00",85.63999938964844,86.01000213623047,85.58000183105469,85.6050033569336,85.6050033569336,4143
"JBSS","John B. Sanfilippo & Son, Inc. - Common Stock","2021-08-27 15:30:00-04:00",85.87999725341797,86.5999984741211,85.58499908447266,85.80999755859375,85.80999755859375,7416
"JBSS","John B. Sanfilippo & Son, Inc. - Common Stock","2021-08-27 16:00:00-04:00",86.06,86.06,86.0574,86.0574,86.0574,0
"JBSS","John B. Sanfilippo & Son, Inc. - Common Stock","2021-08-30 08:00:00-04:00",86.06,86.06,86.06,86.06,86.06,0
"JBSS","John B. Sanfilippo & Son, Inc. - Common Stock","2021-08-30 09:30:00-04:00",85.98999786376953,85.98999786376953,85.6500015258789,85.7699966430664,85.7699966430664,3559
"JBSS","John B. Sanfilippo & Son, Inc. - Common Stock","2021-08-30 10:30:00-04:00",85.19999694824219,85.19999694824219,84.70999908447266,84.70999908447266,84.70999908447266,2884
"JBSS","John B. Sanfilippo & Son, Inc. - Common Stock","2021-08-30 11:30:00-04:00",84.72000122070312,84.72200012207031,84.1500015258789,84.1500015258789,84.1500015258789,3137
"JBSS","John B. Sanfilippo & Son, Inc. - Common Stock","2021-08-30 12:30:00-04:00",84.26499938964844,84.26499938964844,84.1500015258789,84.16000366210938,84.16000366210938,2035
"JBSS","John B. Sanfilippo & Son, Inc. - Common Stock","2021-08-30 13:30:00-04:00",84.12000274658203,84.2300033569336,84.0,84.0,84.0,3585
"JBSS","John B. Sanfilippo & Son, Inc. - Common Stock","2021-08-30 14:30:00-04:00",83.8550033569336,83.94000244140625,83.79000091552734,83.94000244140625,83.94000244140625,2826
"JBSS","John B. Sanfilippo & Son, Inc. - Common Stock","2021-08-30 15:30:00-04:00",83.75,84.13999938964844,83.5999984741211,83.7699966430664,83.7699966430664,7522
"JBSS","John B. Sanfilippo & Son, Inc. - Common Stock","2021-08-30 16:00:00-04:00",83.74,83.74,83.74,83.74,83.74,0
"JBSS","John B. Sanfilippo & Son, Inc. - Common Stock","2021-09-01 09:30:00-04:00",84.87999725341797,84.87999725341797,84.0999984741211,84.0999984741211,84.0999984741211,0
"JBSS","John B. Sanfilippo & Son, Inc. - Common Stock","2021-09-01 10:30:00-04:00",84.25499725341797,84.25499725341797,83.80999755859375,83.80999755859375,83.80999755859375,6130
"JBSS","John B. Sanfilippo & Son, Inc. - Common Stock","2021-09-01 11:30:00-04:00",83.76000213623047,84.5199966430664,83.73999786376953,84.5199966430664,84.5199966430664,5852
"JBSS","John B. Sanfilippo & Son, Inc. - Common Stock","2021-09-01 12:30:00-04:00",84.73999786376953,84.9000015258789,84.58000183105469,84.58999633789062,84.58999633789062,2225
"JBSS","John B. Sanfilippo & Son, Inc. - Common Stock","2021-09-01 13:30:00-04:00",84.68000030517578,84.68000030517578,84.3499984741211,84.4000015258789,84.4000015258789,2774
"JBSS","John B. Sanfilippo & Son, Inc. - Common Stock","2021-09-01 14:30:00-04:00",84.29000091552734,84.66000366210938,84.1500015258789,84.66000366210938,84.66000366210938,4282
"JBSS","John B. Sanfilippo & Son, Inc. - Common Stock","2021-09-01 15:30:00-04:00",84.55999755859375,84.83000183105469,84.44000244140625,84.76499938964844,84.76499938964844,6507
"JBSS","John B. Sanfilippo & Son, Inc. - Common Stock","2021-09-01 16:00:00-04:00",84.7,84.7,84.7,84.7,84.7,0
"JBSS","John B. Sanfilippo & Son, Inc. - Common Stock","2021-09-02 08:00:00-04:00",84.7,84.7,84.7,84.7,84.7,0
"JBSS","John B. Sanfilippo & Son, Inc. - Common Stock","2021-09-02 09:30:00-04:00",85.13999938964844,85.16999816894531,84.1500015258789,84.70999908447266,84.70999908447266,4514
"JBSS","John B. Sanfilippo & Son, Inc. - Common Stock","2021-09-02 10:30:00-04:00",84.88999938964844,84.88999938964844,84.16999816894531,84.4800033569336,84.4800033569336,6037
"JBSS","John B. Sanfilippo & Son, Inc. - Common Stock","2021-09-02 11:30:00-04:00",84.4800033569336,84.4800033569336,84.36000061035156,84.37999725341797,84.37999725341797,1010
"JBSS","John B. Sanfilippo & Son, Inc. - Common Stock","2021-09-02 12:30:00-04:00",84.19999694824219,84.73500061035156,84.1449966430664,84.63999938964844,84.63999938964844,6512
"JBSS","John B. Sanfilippo & Son, Inc. - Common Stock","2021-09-02 13:30:00-04:00",84.87999725341797,85.38490295410156,84.87999725341797,85.38490295410156,85.38490295410156,3903
"JBSS","John B. Sanfilippo & Son, Inc. - Common Stock","2021-09-02 14:30:00-04:00",85.36000061035156,85.5999984741211,84.94000244140625,85.0999984741211,85.0999984741211,6686
"JBSS","John B. Sanfilippo & Son, Inc. - Common Stock","2021-09-02 15:30:00-04:00",85.0999984741211,85.3499984741211,84.87660217285156,85.11000061035156,85.11000061035156,9683
"JBSS","John B. Sanfilippo & Son, Inc. - Common Stock","2021-09-02 16:00:00-04:00",85.32,85.32,85.3115,85.3115,85.3115,0
"JBSS","John B. Sanfilippo & Son, Inc. - Common Stock","2021-09-03 09:30:00-04:00",85.04000091552734,85.04000091552734,84.70500183105469,84.79000091552734,84.79000091552734,1031
"JBSS","John B. Sanfilippo & Son, Inc. - Common Stock","2021-09-03 10:30:00-04:00",85.08000183105469,85.18000030517578,85.08000183105469,85.18000030517578,85.18000030517578,1609
"JBSS","John B. Sanfilippo & Son, Inc. - Common Stock","2021-09-03 11:30:00-04:00",85.02999877929688,85.02999877929688,84.79000091552734,84.9000015258789,84.9000015258789,1053
"JBSS","John B. Sanfilippo & Son, Inc. - Common Stock","2021-09-03 12:30:00-04:00",84.69000244140625,84.69999694824219,84.33499908447266,84.33499908447266,84.33499908447266,4277
"JBSS","John B. Sanfilippo & Son, Inc. - Common Stock","2021-09-03 13:30:00-04:00",84.30500030517578,84.69000244140625,84.05999755859375,84.44999694824219,84.44999694824219,4175
"JBSS","John B. Sanfilippo & Son, Inc. - Common Stock","2021-09-03 14:30:00-04:00",84.44999694824219,84.66000366210938,84.22000122070312,84.22000122070312,84.22000122070312,3078
"JBSS","John B. Sanfilippo & Son, Inc. - Common Stock","2021-09-03 15:30:00-04:00",84.37999725341797,84.48999786376953,84.13999938964844,84.23999786376953,84.23999786376953,17457
"JBSS","John B. Sanfilippo & Son, Inc. - Common Stock","2021-09-03 16:00:00-04:00",84.25,84.25,84.25,84.25,84.25,0
"JBSS","John B. Sanfilippo & Son, Inc. - Common Stock","2021-09-07 09:30:00-04:00",84.44000244140625,84.97000122070312,83.72000122070312,84.13999938964844,84.13999938964844,6756
"JBSS","John B. Sanfilippo & Son, Inc. - Common Stock","2021-09-07 10:30:00-04:00",84.38500213623047,84.56999969482422,84.18000030517578,84.33000183105469,84.33000183105469,8992
"JBSS","John B. Sanfilippo & Son, Inc. - Common Stock","2021-09-07 11:30:00-04:00",84.49500274658203,84.69999694824219,84.38500213623047,84.65499877929688,84.65499877929688,6600
"JBSS","John B. Sanfilippo & Son, Inc. - Common Stock","2021-09-07 12:30:00-04:00",84.69000244140625,84.75,84.29000091552734,84.5,84.5,11088
"JBSS","John B. Sanfilippo & Son, Inc. - Common Stock","2021-09-07 13:30:00-04:00",84.61000061035156,84.66000366210938,84.2249984741211,84.44000244140625,84.44000244140625,2811
"JBSS","John B. Sanfilippo & Son, Inc. - Common Stock","2021-09-07 14:30:00-04:00",84.5199966430664,84.5199966430664,84.1500015258789,84.36000061035156,84.36000061035156,3430
"JBSS","John B. Sanfilippo & Son, Inc. - Common Stock","2021-09-07 15:30:00-04:00",84.33000183105469,84.49440002441406,83.87999725341797,84.23999786376953,84.23999786376953,6491
"JBSS","John B. Sanfilippo & Son, Inc. - Common Stock","2021-09-07 16:00:00-04:00",84.03,84.03,82.425,82.425,82.425,0
"JBSS","John B. Sanfilippo & Son, Inc. - Common Stock","2021-09-08 09:30:00-04:00",84.0199966430664,84.37999725341797,83.75,84.31999969482422,84.31999969482422,4892
"JBSS","John B. Sanfilippo & Son, Inc. - Common Stock","2021-09-08 10:30:00-04:00",83.95999908447266,84.68000030517578,83.95999908447266,84.54499816894531,84.54499816894531,2732
"JBSS","John B. Sanfilippo & Son, Inc. - Common Stock","2021-09-08 11:30:00-04:00",84.5199966430664,84.5199966430664,84.16000366210938,84.48999786376953,84.48999786376953,5784
"JBSS","John B. Sanfilippo & Son, Inc. - Common Stock","2021-09-08 12:30:00-04:00",84.30000305175781,84.36000061035156,84.17500305175781,84.25,84.25,2086
"JBSS","John B. Sanfilippo & Son, Inc. - Common Stock","2021-09-08 13:30:00-04:00",84.37999725341797,84.37999725341797,83.96499633789062,83.96499633789062,83.96499633789062,3380
"JBSS","John B. Sanfilippo & Son, Inc. - Common Stock","2021-09-08 14:30:00-04:00",83.94999694824219,84.08999633789062,83.62999725341797,84.08999633789062,84.08999633789062,7207
"JBSS","John B. Sanfilippo & Son, Inc. - Common Stock","2021-09-08 15:30:00-04:00",84.30000305175781,84.33499908447266,84.05999755859375,84.33499908447266,84.33499908447266,11308
"JBSS","John B. Sanfilippo & Son, Inc. - Common Stock","2021-09-08 16:00:00-04:00",84.17,84.17,84.17,84.17,84.17,6329
"JBSS","John B. Sanfilippo & Son, Inc. - Common Stock","2021-09-08 17:00:00-04:00",84.17,84.17,84.17,84.17,84.17,0
"JBSS","John B. Sanfilippo & Son, Inc. - Common Stock","2021-09-09 09:30:00-04:00",84.25,84.44000244140625,83.45999908447266,83.6500015258789,83.6500015258789,2875
"JBSS","John B. Sanfilippo & Son, Inc. - Common Stock","2021-09-09 10:30:00-04:00",83.62999725341797,83.73999786376953,83.24500274658203,83.48999786376953,83.48999786376953,4361
"JBSS","John B. Sanfilippo & Son, Inc. - Common Stock","2021-09-09 11:30:00-04:00",83.33499908447266,83.55500030517578,83.33499908447266,83.4800033569336,83.4800033569336,5379
"JBSS","John B. Sanfilippo & Son, Inc. - Common Stock","2021-09-09 12:30:00-04:00",83.54000091552734,83.54499816894531,83.33999633789062,83.33999633789062,83.33999633789062,2629
"JBSS","John B. Sanfilippo & Son, Inc. - Common Stock","2021-09-09 13:30:00-04:00",83.3125,83.3125,82.94000244140625,82.97000122070312,82.97000122070312,2741
"JBSS","John B. Sanfilippo & Son, Inc. - Common Stock","2021-09-09 14:30:00-04:00",82.95500183105469,83.16000366210938,82.95500183105469,83.03500366210938,83.03500366210938,2887
"JBSS","John B. Sanfilippo & Son, Inc. - Common Stock","2021-09-09 15:30:00-04:00",83.4000015258789,83.4000015258789,82.8499984741211,82.8499984741211,82.8499984741211,4638
"JBSS","John B. Sanfilippo & Son, Inc. - Common Stock","2021-09-09 16:00:00-04:00",82.8,82.8,82.8,82.8,82.8,0
"JBSS","John B. Sanfilippo & Son, Inc. - Common Stock","2021-09-10 09:30:00-04:00",83.08999633789062,83.29499816894531,82.01000213623047,82.93599700927734,82.93599700927734,4136
"JBSS","John B. Sanfilippo & Son, Inc. - Common Stock","2021-09-10 10:30:00-04:00",82.9000015258789,82.9000015258789,82.19999694824219,82.54000091552734,82.54000091552734,4096
"JBSS","John B. Sanfilippo & Son, Inc. - Common Stock","2021-09-10 11:30:00-04:00",82.68000030517578,83.6500015258789,82.68000030517578,83.6500015258789,83.6500015258789,4511
"JBSS","John B. Sanfilippo & Son, Inc. - Common Stock","2021-09-10 12:30:00-04:00",83.73999786376953,83.94000244140625,83.66999816894531,83.83000183105469,83.83000183105469,1199
"JBSS","John B. Sanfilippo & Son, Inc. - Common Stock","2021-09-10 13:30:00-04:00",83.63500213623047,84.9800033569336,83.63500213623047,84.7750015258789,84.7750015258789,19279
"JBSS","John B. Sanfilippo & Son, Inc. - Common Stock","2021-09-10 14:30:00-04:00",85.03479766845703,85.03479766845703,84.1500015258789,84.37000274658203,84.37000274658203,6338
"JBSS","John B. Sanfilippo & Son, Inc. - Common Stock","2021-09-10 15:30:00-04:00",84.25499725341797,84.25499725341797,83.5,83.5,83.5,4237
"JBSS","John B. Sanfilippo & Son, Inc. - Common Stock","2021-09-10 16:00:00-04:00",83.65,83.65,83.65,83.65,83.65,0
"JBSS","John B. Sanfilippo & Son, Inc. - Common Stock","2021-09-13 09:30:00-04:00",83.80999755859375,84.0,83.3499984741211,83.54000091552734,83.54000091552734,6288
"JBSS","John B. Sanfilippo & Son, Inc. - Common Stock","2021-09-13 10:30:00-04:00",83.5199966430664,83.83999633789062,83.0999984741211,83.16000366210938,83.16000366210938,4490
"JBSS","John B. Sanfilippo & Son, Inc. - Common Stock","2021-09-13 11:30:00-04:00",83.16000366210938,83.16000366210938,82.28089904785156,82.41999816894531,82.41999816894531,2374
"JBSS","John B. Sanfilippo & Son, Inc. - Common Stock","2021-09-13 12:30:00-04:00",82.4000015258789,82.5999984741211,82.12999725341797,82.5,82.5,3657
"JBSS","John B. Sanfilippo & Son, Inc. - Common Stock","2021-09-13 13:30:00-04:00",82.44999694824219,82.58000183105469,82.19999694824219,82.43070220947266,82.43070220947266,3850
"JBSS","John B. Sanfilippo & Son, Inc. - Common Stock","2021-09-13 14:30:00-04:00",82.43000030517578,82.91000366210938,82.33000183105469,82.9000015258789,82.9000015258789,9618
"JBSS","John B. Sanfilippo & Son, Inc. - Common Stock","2021-09-13 15:30:00-04:00",83.0199966430664,83.10970306396484,82.76000213623047,82.7699966430664,82.7699966430664,5608
"JBSS","John B. Sanfilippo & Son, Inc. - Common Stock","2021-09-13 16:00:00-04:00",82.94,82.94,82.94,82.94,82.94,3501
"JBSS","John B. Sanfilippo & Son, Inc. - Common Stock","2021-09-14 09:30:00-04:00",83.1500015258789,83.1500015258789,82.08000183105469,82.1719970703125,82.1719970703125,0
"JBSS","John B. Sanfilippo & Son, Inc. - Common Stock","2021-09-14 10:30:00-04:00",82.01000213623047,82.26499938964844,82.0,82.0,82.0,3162
"JBSS","John B. Sanfilippo & Son, Inc. - Common Stock","2021-09-14 11:30:00-04:00",81.94000244140625,82.02780151367188,81.58999633789062,81.58999633789062,81.58999633789062,2233
"JBSS","John B. Sanfilippo & Son, Inc. - Common Stock","2021-09-14 12:30:00-04:00",81.72000122070312,81.72000122070312,81.23999786376953,81.66790008544922,81.66790008544922,2459
"JBSS","John B. Sanfilippo & Son, Inc. - Common Stock","2021-09-14 13:30:00-04:00",81.75,81.87999725341797,81.57499694824219,81.57499694824219,81.57499694824219,3491
"JBSS","John B. Sanfilippo & Son, Inc. - Common Stock","2021-09-14 14:30:00-04:00",81.5,81.5,81.26000213623047,81.26000213623047,81.26000213623047,2238
"JBSS","John B. Sanfilippo & Son, Inc. - Common Stock","2021-09-14 15:30:00-04:00",81.1449966430664,81.75,80.8499984741211,81.12000274658203,81.12000274658203,13897
"JBSS","John B. Sanfilippo & Son, Inc. - Common Stock","2021-09-14 16:00:00-04:00",81.12,81.12,81.12,81.12,81.12,0
"JBSS","John B. Sanfilippo & Son, Inc. - Common Stock","2021-09-15 09:30:00-04:00",81.05000305175781,81.55999755859375,81.05000305175781,81.3949966430664,81.3949966430664,4083
"JBSS","John B. Sanfilippo & Son, Inc. - Common Stock","2021-09-15 10:30:00-04:00",81.23999786376953,81.27999877929688,80.75,80.83999633789062,80.83999633789062,9935
"JBSS","John B. Sanfilippo & Son, Inc. - Common Stock","2021-09-15 11:30:00-04:00",80.91000366210938,81.08000183105469,80.75,81.01000213623047,81.01000213623047,3192
"JBSS","John B. Sanfilippo & Son, Inc. - Common Stock","2021-09-15 12:30:00-04:00",80.9000015258789,81.24500274658203,80.83000183105469,81.22000122070312,81.22000122070312,2901
"JBSS","John B. Sanfilippo & Son, Inc. - Common Stock","2021-09-15 13:30:00-04:00",81.01000213623047,81.19000244140625,80.63999938964844,80.9800033569336,80.9800033569336,3878
"JBSS","John B. Sanfilippo & Son, Inc. - Common Stock","2021-09-15 14:30:00-04:00",80.62999725341797,81.11000061035156,80.33000183105469,80.93000030517578,80.93000030517578,7815
"JBSS","John B. Sanfilippo & Son, Inc. - Common Stock","2021-09-15 15:30:00-04:00",80.62999725341797,81.01000213623047,80.31999969482422,80.94999694824219,80.94999694824219,19935
"JBSS","John B. Sanfilippo & Son, Inc. - Common Stock","2021-09-15 16:00:00-04:00",80.99,80.99,80.8,80.8,80.8,0
"JBSS","John B. Sanfilippo & Son, Inc. - Common Stock","2021-09-16 09:30:00-04:00",81.04000091552734,81.72989654541016,80.19999694824219,80.19999694824219,80.19999694824219,3090
"JBSS","John B. Sanfilippo & Son, Inc. - Common Stock","2021-09-16 10:30:00-04:00",80.3949966430664,80.69999694824219,80.19999694824219,80.63999938964844,80.63999938964844,2944
"JBSS","John B. Sanfilippo & Son, Inc. - Common Stock","2021-09-16 11:30:00-04:00",80.83999633789062,81.3270034790039,80.62000274658203,81.3270034790039,81.3270034790039,2925
"JBSS","John B. Sanfilippo & Son, Inc. - Common Stock","2021-09-16 12:30:00-04:00",81.31999969482422,81.38999938964844,80.91999816894531,80.91999816894531,80.91999816894531,2693
"JBSS","John B. Sanfilippo & Son, Inc. - Common Stock","2021-09-16 13:30:00-04:00",81.21499633789062,81.625,80.94000244140625,80.94000244140625,80.94000244140625,3837
"JBSS","John B. Sanfilippo & Son, Inc. - Common Stock","2021-09-16 14:30:00-04:00",81.19000244140625,81.32499694824219,80.5999984741211,81.32499694824219,81.32499694824219,3468
"JBSS","John B. Sanfilippo & Son, Inc. - Common Stock","2021-09-16 15:30:00-04:00",81.13999938964844,81.29000091552734,80.75,80.80000305175781,80.80000305175781,6140
"JBSS","John B. Sanfilippo & Son, Inc. - Common Stock","2021-09-16 16:00:00-04:00",80.76,80.76,80.76,80.76,80.76,0
"JBSS","John B. Sanfilippo & Son, Inc. - Common Stock","2021-09-16 17:00:00-04:00",80.76,80.76,80.76,80.76,80.76,0
"JBSS","John B. Sanfilippo & Son, Inc. - Common Stock","2021-09-17 09:30:00-04:00",80.87000274658203,81.18000030517578,80.02999877929688,81.11000061035156,81.11000061035156,12750
"JBSS","John B. Sanfilippo & Son, Inc. - Common Stock","2021-09-17 10:30:00-04:00",80.87999725341797,81.43000030517578,80.37999725341797,81.43000030517578,81.43000030517578,2535
"JBSS","John B. Sanfilippo & Son, Inc. - Common Stock","2021-09-17 11:30:00-04:00",81.37999725341797,81.87000274658203,81.04000091552734,81.06999969482422,81.06999969482422,4698
"JBSS","John B. Sanfilippo & Son, Inc. - Common Stock","2021-09-17 12:30:00-04:00",81.4000015258789,81.4000015258789,80.94000244140625,80.94000244140625,80.94000244140625,2448
"JBSS","John B. Sanfilippo & Son, Inc. - Common Stock","2021-09-17 13:30:00-04:00",80.98999786376953,80.98999786376953,80.72000122070312,80.77999877929688,80.77999877929688,2320
"JBSS","John B. Sanfilippo & Son, Inc. - Common Stock","2021-09-17 14:30:00-04:00",80.74800109863281,80.9000015258789,80.73999786376953,80.81999969482422,80.81999969482422,4121
"JBSS","John B. Sanfilippo & Son, Inc. - Common Stock","2021-09-17 15:30:00-04:00",80.77999877929688,81.54000091552734,80.76000213623047,81.51000213623047,81.51000213623047,11268
"JBSS","John B. Sanfilippo & Son, Inc. - Common Stock","2021-09-17 16:00:00-04:00",81.55,81.5515,81.549,81.55,81.55,0
"JBSS","John B. Sanfilippo & Son, Inc. - Common Stock","2021-09-20 09:30:00-04:00",81.0,81.2249984741211,80.44999694824219,80.6500015258789,80.6500015258789,5725
"JBSS","John B. Sanfilippo & Son, Inc. - Common Stock","2021-09-20 10:30:00-04:00",80.66000366210938,81.01000213623047,80.66000366210938,80.83999633789062,80.83999633789062,1167
"JBSS","John B. Sanfilippo & Son, Inc. - Common Stock","2021-09-20 11:30:00-04:00",80.70999908447266,80.70999908447266,79.87000274658203,79.87000274658203,79.87000274658203,4344
"JBSS","John B. Sanfilippo & Son, Inc. - Common Stock","2021-09-20 12:30:00-04:00",79.9800033569336,79.9800033569336,79.63999938964844,79.6500015258789,79.6500015258789,2647
"JBSS","John B. Sanfilippo & Son, Inc. - Common Stock","2021-09-20 13:30:00-04:00",80.01499938964844,80.43000030517578,79.69000244140625,79.94000244140625,79.94000244140625,6877
"JBSS","John B. Sanfilippo & Son, Inc. - Common Stock","2021-09-20 14:30:00-04:00",79.83000183105469,79.83000183105469,79.62000274658203,79.79000091552734,79.79000091552734,2857
"JBSS","John B. Sanfilippo & Son, Inc. - Common Stock","2021-09-20 15:30:00-04:00",80.18000030517578,80.30000305175781,79.69000244140625,80.0199966430664,80.0199966430664,11781
"JBSS","John B. Sanfilippo & Son, Inc. - Common Stock","2021-09-20 16:00:00-04:00",79.88,79.88,79.88,79.88,79.88,0
"JBSS","John B. Sanfilippo & Son, Inc. - Common Stock","2021-09-21 09:30:00-04:00",80.4800033569336,81.05999755859375,80.38999938964844,80.4000015258789,80.4000015258789,2635
"JBSS","John B. Sanfilippo & Son, Inc. - Common Stock","2021-09-21 10:30:00-04:00",80.25499725341797,80.25499725341797,80.0,80.0,80.0,1028
"JBSS","John B. Sanfilippo & Son, Inc. - Common Stock","2021-09-21 11:30:00-04:00",79.88999938964844,79.88999938964844,79.88999938964844,79.88999938964844,79.88999938964844,540
"JBSS","John B. Sanfilippo & Son, Inc. - Common Stock","2021-09-21 12:30:00-04:00",79.93499755859375,80.13999938964844,79.93000030517578,80.0,80.0,982
"JBSS","John B. Sanfilippo & Son, Inc. - Common Stock","2021-09-21 13:30:00-04:00",79.83999633789062,80.19000244140625,79.81999969482422,80.19000244140625,80.19000244140625,1296
"JBSS","John B. Sanfilippo & Son, Inc. - Common Stock","2021-09-21 14:30:00-04:00",80.06999969482422,80.3499984741211,80.06999969482422,80.3499984741211,80.3499984741211,1742
"JBSS","John B. Sanfilippo & Son, Inc. - Common Stock","2021-09-21 15:30:00-04:00",80.49600219726562,80.49600219726562,79.93000030517578,80.33999633789062,80.33999633789062,16376
"JBSS","John B. Sanfilippo & Son, Inc. - Common Stock","2021-09-21 16:00:00-04:00",80.23,80.23,80.23,80.23,80.23,0
"JBSS","John B. Sanfilippo & Son, Inc. - Common Stock","2021-09-22 09:30:00-04:00",80.61000061035156,81.12999725341797,80.09480285644531,80.3499984741211,80.3499984741211,3823
"JBSS","John B. Sanfilippo & Son, Inc. - Common Stock","2021-09-22 10:30:00-04:00",80.8499984741211,81.02999877929688,80.62999725341797,81.02999877929688,81.02999877929688,1550
"JBSS","John B. Sanfilippo & Son, Inc. - Common Stock","2021-09-22 11:30:00-04:00",80.91999816894531,81.06999969482422,80.36000061035156,80.4800033569336,80.4800033569336,8310
"JBSS","John B. Sanfilippo & Son, Inc. - Common Stock","2021-09-22 12:30:00-04:00",80.57499694824219,80.61000061035156,80.45999908447266,80.47000122070312,80.47000122070312,1654
"JBSS","John B. Sanfilippo & Son, Inc. - Common Stock","2021-09-22 13:30:00-04:00",80.5,80.55000305175781,80.4800033569336,80.55000305175781,80.55000305175781,1660
"JBSS","John B. Sanfilippo & Son, Inc. - Common Stock","2021-09-22 14:30:00-04:00",80.55000305175781,80.91000366210938,80.48999786376953,80.56500244140625,80.56500244140625,2991
"JBSS","John B. Sanfilippo & Son, Inc. - Common Stock","2021-09-22 15:30:00-04:00",80.78500366210938,81.12999725341797,80.45999908447266,80.79000091552734,80.79000091552734,6994
"JBSS","John B. Sanfilippo & Son, Inc. - Common Stock","2021-09-22 16:00:00-04:00",80.8,80.8,80.68,80.68,80.68,0
"JBSS","John B. Sanfilippo & Son, Inc. - Common Stock","2021-09-23 09:30:00-04:00",80.62999725341797,80.76010131835938,80.62999725341797,80.76010131835938,80.76010131835938,1707
"JBSS","John B. Sanfilippo & Son, Inc. - Common Stock","2021-09-23 11:30:00-04:00",81.02999877929688,81.02999877929688,80.69000244140625,80.96499633789062,80.96499633789062,1987
"JBSS","John B. Sanfilippo & Son, Inc. - Common Stock","2021-09-23 12:30:00-04:00",80.84329986572266,81.0999984741211,80.81009674072266,81.0,81.0,2330
"JBSS","John B. Sanfilippo & Son, Inc. - Common Stock","2021-09-23 13:30:00-04:00",81.1500015258789,81.20500183105469,80.87000274658203,81.05999755859375,81.05999755859375,3137
"JBSS","John B. Sanfilippo & Son, Inc. - Common Stock","2021-09-23 14:30:00-04:00",81.25,81.30999755859375,81.0199966430664,81.0199966430664,81.0199966430664,1295
"JBSS","John B. Sanfilippo & Son, Inc. - Common Stock","2021-09-23 15:30:00-04:00",80.97000122070312,81.0199966430664,80.38999938964844,80.67500305175781,80.67500305175781,8338
"JBSS","John B. Sanfilippo & Son, Inc. - Common Stock","2021-09-23 16:00:00-04:00",80.88,80.88,80.88,80.88,80.88,0
"JBSS","John B. Sanfilippo & Son, Inc. - Common Stock","2021-09-24 09:30:00-04:00",80.41999816894531,81.05000305175781,80.41999816894531,80.75,80.75,2256
"JBSS","John B. Sanfilippo & Son, Inc. - Common Stock","2021-09-24 10:30:00-04:00",80.76000213623047,81.0,80.69999694824219,80.69999694824219,80.69999694824219,1619
"JBSS","John B. Sanfilippo & Son, Inc. - Common Stock","2021-09-24 11:30:00-04:00",80.75,80.83999633789062,80.69999694824219,80.83999633789062,80.83999633789062,1549
"JBSS","John B. Sanfilippo & Son, Inc. - Common Stock","2021-09-24 12:30:00-04:00",80.6500015258789,80.6500015258789,80.30500030517578,80.5999984741211,80.5999984741211,1610
"JBSS","John B. Sanfilippo & Son, Inc. - Common Stock","2021-09-24 13:30:00-04:00",80.55999755859375,80.99500274658203,80.44029998779297,80.99500274658203,80.99500274658203,1713
"JBSS","John B. Sanfilippo & Son, Inc. - Common Stock","2021-09-24 14:30:00-04:00",81.0,81.0999984741211,80.91999816894531,80.91999816894531,80.91999816894531,2777
"JBSS","John B. Sanfilippo & Son, Inc. - Common Stock","2021-09-24 15:30:00-04:00",80.98999786376953,81.19999694824219,80.7750015258789,80.91000366210938,80.91000366210938,7042
"JBSS","John B. Sanfilippo & Son, Inc. - Common Stock","2021-09-24 16:00:00-04:00",80.91,80.91,80.91,80.91,80.91,0
"JBSS","John B. Sanfilippo & Son, Inc. - Common Stock","2021-09-27 09:30:00-04:00",80.94000244140625,81.98999786376953,80.94000244140625,81.5199966430664,81.5199966430664,5367
"JBSS","John B. Sanfilippo & Son, Inc. - Common Stock","2021-09-27 10:30:00-04:00",81.5999984741211,81.61000061035156,81.29000091552734,81.44999694824219,81.44999694824219,1880
"JBSS","John B. Sanfilippo & Son, Inc. - Common Stock","2021-09-27 11:30:00-04:00",81.3499984741211,81.58999633789062,81.12000274658203,81.55999755859375,81.55999755859375,2234
"JBSS","John B. Sanfilippo & Son, Inc. - Common Stock","2021-09-27 12:30:00-04:00",81.30000305175781,81.30999755859375,81.29000091552734,81.30999755859375,81.30999755859375,1211
"JBSS","John B. Sanfilippo & Son, Inc. - Common Stock","2021-09-27 13:30:00-04:00",81.2699966430664,82.01000213623047,81.2699966430664,82.01000213623047,82.01000213623047,3882
"JBSS","John B. Sanfilippo & Son, Inc. - Common Stock","2021-09-27 14:30:00-04:00",81.91999816894531,81.91999816894531,81.45500183105469,81.87999725341797,81.87999725341797,10290
"JBSS","John B. Sanfilippo & Son, Inc. - Common Stock","2021-09-27 15:30:00-04:00",81.87999725341797,81.93000030517578,81.33000183105469,81.93000030517578,81.93000030517578,10310
"JBSS","John B. Sanfilippo & Son, Inc. - Common Stock","2021-09-27 16:00:00-04:00",81.9,81.9,81.9,81.9,81.9,0
"JBSS","John B. Sanfilippo & Son, Inc. - Common Stock","2021-09-28 09:30:00-04:00",81.4800033569336,82.66999816894531,80.62999725341797,82.66999816894531,82.66999816894531,3514
"JBSS","John B. Sanfilippo & Son, Inc. - Common Stock","2021-09-28 10:30:00-04:00",81.86000061035156,82.02999877929688,81.27999877929688,81.625,81.625,4127
"JBSS","John B. Sanfilippo & Son, Inc. - Common Stock","2021-09-28 11:30:00-04:00",81.98999786376953,81.98999786376953,81.63999938964844,81.63999938964844,81.63999938964844,2611
"JBSS","John B. Sanfilippo & Son, Inc. - Common Stock","2021-09-28 12:30:00-04:00",81.25,81.63999938964844,81.25,81.63999938964844,81.63999938964844,711
"JBSS","John B. Sanfilippo & Son, Inc. - Common Stock","2021-09-28 13:30:00-04:00",81.62000274658203,81.6449966430664,81.23999786376953,81.27999877929688,81.27999877929688,4229
"JBSS","John B. Sanfilippo & Son, Inc. - Common Stock","2021-09-28 14:30:00-04:00",81.33999633789062,81.81999969482422,81.05000305175781,81.05000305175781,81.05000305175781,3568
"JBSS","John B. Sanfilippo & Son, Inc. - Common Stock","2021-09-28 15:30:00-04:00",81.11499786376953,81.67990112304688,81.05500030517578,81.33000183105469,81.33000183105469,9937
"JBSS","John B. Sanfilippo & Son, Inc. - Common Stock","2021-09-28 16:00:00-04:00",81.32,81.32,81.32,81.32,81.32,0
"JBSS","John B. Sanfilippo & Son, Inc. - Common Stock","2021-09-28 17:00:00-04:00",81.32,81.32,81.32,81.32,81.32,0
"JBSS","John B. Sanfilippo & Son, Inc. - Common Stock","2021-09-29 09:00:00-04:00",82.0,82.0,82.0,82.0,82.0,0
"JBSS","John B. Sanfilippo & Son, Inc. - Common Stock","2021-09-29 09:30:00-04:00",81.3499984741211,81.97000122070312,81.3499984741211,81.97000122070312,81.97000122070312,1276
"JBSS","John B. Sanfilippo & Son, Inc. - Common Stock","2021-09-29 10:30:00-04:00",82.26000213623047,82.54000091552734,81.80999755859375,82.54000091552734,82.54000091552734,3282
"JBSS","John B. Sanfilippo & Son, Inc. - Common Stock","2021-09-29 11:30:00-04:00",82.30760192871094,82.53500366210938,82.30760192871094,82.53500366210938,82.53500366210938,1077
"JBSS","John B. Sanfilippo & Son, Inc. - Common Stock","2021-09-29 12:30:00-04:00",82.4800033569336,82.4800033569336,82.29000091552734,82.29499816894531,82.29499816894531,1033
"JBSS","John B. Sanfilippo & Son, Inc. - Common Stock","2021-09-29 13:30:00-04:00",82.69999694824219,82.8550033569336,82.54000091552734,82.8550033569336,82.8550033569336,2291
"JBSS","John B. Sanfilippo & Son, Inc. - Common Stock","2021-09-29 14:30:00-04:00",82.76000213623047,82.77999877929688,82.19999694824219,82.52999877929688,82.52999877929688,4851
"JBSS","John B. Sanfilippo & Son, Inc. - Common Stock","2021-09-29 15:30:00-04:00",82.45999908447266,82.79000091552734,82.36000061035156,82.79000091552734,82.79000091552734,4367
"JBSS","John B. Sanfilippo & Son, Inc. - Common Stock","2021-09-29 16:00:00-04:00",82.62,82.62,82.62,82.62,82.62,2771
"JBSS","John B. Sanfilippo & Son, Inc. - Common Stock","2021-10-01 09:30:00-04:00",81.91000366210938,82.13999938964844,81.2300033569336,81.38500213623047,81.38500213623047,0
"JBSS","John B. Sanfilippo & Son, Inc. - Common Stock","2021-10-01 10:30:00-04:00",81.41000366210938,82.05999755859375,81.37999725341797,82.05999755859375,82.05999755859375,3922
"JBSS","John B. Sanfilippo & Son, Inc. - Common Stock","2021-10-01 11:30:00-04:00",82.41000366210938,82.41000366210938,82.13999938964844,82.16000366210938,82.16000366210938,2400
"JBSS","John B. Sanfilippo & Son, Inc. - Common Stock","2021-10-01 12:30:00-04:00",82.26499938964844,82.87000274658203,81.83999633789062,82.52999877929688,82.52999877929688,3833
"JBSS","John B. Sanfilippo & Son, Inc. - Common Stock","2021-10-01 13:30:00-04:00",82.54000091552734,83.2699966430664,82.54000091552734,83.2699966430664,83.2699966430664,4007
"JBSS","John B. Sanfilippo & Son, Inc. - Common Stock","2021-10-01 14:30:00-04:00",83.30000305175781,83.53500366210938,82.7699966430664,82.83499908447266,82.83499908447266,2839
"JBSS","John B. Sanfilippo & Son, Inc. - Common Stock","2021-10-01 15:30:00-04:00",82.7249984741211,83.06999969482422,82.11000061035156,82.4000015258789,82.4000015258789,7913
"JBSS","John B. Sanfilippo & Son, Inc. - Common Stock","2021-10-01 16:00:00-04:00",82.23,82.23,82.2284,82.2284,82.2284,0
"JBSS","John B. Sanfilippo & Son, Inc. - Common Stock","2021-10-04 09:30:00-04:00",82.44999694824219,83.19999694824219,82.05000305175781,83.19999694824219,83.19999694824219,2104
"JBSS","John B. Sanfilippo & Son, Inc. - Common Stock","2021-10-04 10:30:00-04:00",82.5999984741211,82.94000244140625,82.54000091552734,82.94000244140625,82.94000244140625,2264
"JBSS","John B. Sanfilippo & Son, Inc. - Common Stock","2021-10-04 11:30:00-04:00",82.69999694824219,82.94599914550781,82.69999694824219,82.94599914550781,82.94599914550781,2368
"JBSS","John B. Sanfilippo & Son, Inc. - Common Stock","2021-10-04 12:30:00-04:00",82.97010040283203,83.18000030517578,82.97010040283203,83.16999816894531,83.16999816894531,1168
"JBSS","John B. Sanfilippo & Son, Inc. - Common Stock","2021-10-04 13:30:00-04:00",83.16999816894531,83.18000030517578,83.16999816894531,83.18000030517578,83.18000030517578,1950
"JBSS","John B. Sanfilippo & Son, Inc. - Common Stock","2021-10-04 14:30:00-04:00",83.23999786376953,83.42960357666016,83.23999786376953,83.23999786376953,83.23999786376953,1607
"JBSS","John B. Sanfilippo & Son, Inc. - Common Stock","2021-10-04 15:30:00-04:00",83.57499694824219,83.57499694824219,82.87999725341797,83.30000305175781,83.30000305175781,4089
"JBSS","John B. Sanfilippo & Son, Inc. - Common Stock","2021-10-04 16:00:00-04:00",83.37,83.37,83.37,83.37,83.37,5232
"JBSS","John B. Sanfilippo & Son, Inc. - Common Stock","2021-10-05 09:30:00-04:00",83.27999877929688,83.83000183105469,82.44499969482422,83.66999816894531,83.66999816894531,0
"JBSS","John B. Sanfilippo & Son, Inc. - Common Stock","2021-10-05 10:30:00-04:00",83.94000244140625,84.0,83.94000244140625,84.0,84.0,864
"JBSS","John B. Sanfilippo & Son, Inc. - Common Stock","2021-10-05 11:30:00-04:00",84.12999725341797,84.6500015258789,83.95500183105469,83.95500183105469,83.95500183105469,3165
"JBSS","John B. Sanfilippo & Son, Inc. - Common Stock","2021-10-05 12:30:00-04:00",83.69999694824219,83.69999694824219,83.37999725341797,83.67500305175781,83.67500305175781,5932
"JBSS","John B. Sanfilippo & Son, Inc. - Common Stock","2021-10-05 13:30:00-04:00",83.7699966430664,83.83000183105469,83.58000183105469,83.7699966430664,83.7699966430664,2455
"JBSS","John B. Sanfilippo & Son, Inc. - Common Stock","2021-10-05 14:30:00-04:00",83.73999786376953,83.81999969482422,83.61000061035156,83.61000061035156,83.61000061035156,1784
"JBSS","John B. Sanfilippo & Son, Inc. - Common Stock","2021-10-05 15:30:00-04:00",83.41500091552734,83.70999908447266,82.75,83.23999786376953,83.23999786376953,16107
"JBSS","John B. Sanfilippo & Son, Inc. - Common Stock","2021-10-05 16:00:00-04:00",83.27,83.27,83.27,83.27,83.27,0
"JBSS","John B. Sanfilippo & Son, Inc. - Common Stock","2021-10-06 09:30:00-04:00",82.66999816894531,82.66999816894531,82.25,82.25,82.25,2245
"JBSS","John B. Sanfilippo & Son, Inc. - Common Stock","2021-10-06 10:30:00-04:00",82.25,82.25,81.9800033569336,82.18000030517578,82.18000030517578,2190
"JBSS","John B. Sanfilippo & Son, Inc. - Common Stock","2021-10-06 11:30:00-04:00",82.23999786376953,82.25990295410156,82.19000244140625,82.19000244140625,82.19000244140625,1068
"JBSS","John B. Sanfilippo & Son, Inc. - Common Stock","2021-10-06 12:30:00-04:00",82.20999908447266,82.37000274658203,81.91000366210938,82.37000274658203,82.37000274658203,1608
"JBSS","John B. Sanfilippo & Son, Inc. - Common Stock","2021-10-06 13:30:00-04:00",82.33499908447266,83.04000091552734,82.33499908447266,82.625,82.625,2211
"JBSS","John B. Sanfilippo & Son, Inc. - Common Stock","2021-10-06 14:30:00-04:00",82.95999908447266,83.2750015258789,82.6500015258789,82.88999938964844,82.88999938964844,2006
"JBSS","John B. Sanfilippo & Son, Inc. - Common Stock","2021-10-06 15:30:00-04:00",82.9800033569336,83.02999877929688,82.77999877929688,82.83000183105469,82.83000183105469,2670
"JBSS","John B. Sanfilippo & Son, Inc. - Common Stock","2021-10-06 16:00:00-04:00",83.01,83.01,83.01,83.01,83.01,0
"JBSS","John B. Sanfilippo & Son, Inc. - Common Stock","2021-10-07 09:30:00-04:00",83.27999877929688,83.27999877929688,83.27999877929688,83.27999877929688,83.27999877929688,655
"JBSS","John B. Sanfilippo & Son, Inc. - Common Stock","2021-10-07 10:30:00-04:00",83.62999725341797,83.62999725341797,82.91000366210938,83.16000366210938,83.16000366210938,3340
"JBSS","John B. Sanfilippo & Son, Inc. - Common Stock","2021-10-07 11:30:00-04:00",83.63999938964844,83.87000274658203,83.38999938964844,83.66999816894531,83.66999816894531,765
"JBSS","John B. Sanfilippo & Son, Inc. - Common Stock","2021-10-07 12:30:00-04:00",83.58999633789062,84.19999694824219,83.4000015258789,84.19999694824219,84.19999694824219,3188
"JBSS","John B. Sanfilippo & Son, Inc. - Common Stock","2021-10-07 13:30:00-04:00",84.16000366210938,84.16000366210938,83.79000091552734,83.79000091552734,83.79000091552734,1658
"JBSS","John B. Sanfilippo & Son, Inc. - Common Stock","2021-10-07 14:30:00-04:00",83.80999755859375,83.80999755859375,83.33000183105469,83.33000183105469,83.33000183105469,2193
"JBSS","John B. Sanfilippo & Son, Inc. - Common Stock","2021-10-07 15:30:00-04:00",83.41000366210938,83.41000366210938,82.6050033569336,82.75,82.75,6285
"JBSS","John B. Sanfilippo & Son, Inc. - Common Stock","2021-10-07 16:00:00-04:00",82.75,82.75,82.75,82.75,82.75,0
"JBSS","John B. Sanfilippo & Son, Inc. - Common Stock","2021-10-08 09:00:00-04:00",82.0,82.0,82.0,82.0,82.0,0
"JBSS","John B. Sanfilippo & Son, Inc. - Common Stock","2021-10-08 09:30:00-04:00",83.18000030517578,83.18000030517578,82.58999633789062,82.58999633789062,82.58999633789062,1274
"JBSS","John B. Sanfilippo & Son, Inc. - Common Stock","2021-10-08 10:30:00-04:00",82.77999877929688,82.77999877929688,82.7699966430664,82.7699966430664,82.7699966430664,697
"JBSS","John B. Sanfilippo & Son, Inc. - Common Stock","2021-10-08 11:30:00-04:00",82.93000030517578,83.15360260009766,82.93000030517578,82.9800033569336,82.9800033569336,1696
"JBSS","John B. Sanfilippo & Son, Inc. - Common Stock","2021-10-08 12:30:00-04:00",83.0000991821289,83.30000305175781,83.0000991821289,83.16999816894531,83.16999816894531,1787
"JBSS","John B. Sanfilippo & Son, Inc. - Common Stock","2021-10-08 13:30:00-04:00",83.31999969482422,83.48999786376953,82.81999969482422,83.46289825439453,83.46289825439453,2391
"JBSS","John B. Sanfilippo & Son, Inc. - Common Stock","2021-10-08 14:30:00-04:00",83.11360168457031,83.19999694824219,82.76380157470703,82.94999694824219,82.94999694824219,4557
"JBSS","John B. Sanfilippo & Son, Inc. - Common Stock","2021-10-08 15:30:00-04:00",82.88999938964844,83.05000305175781,82.63099670410156,83.02999877929688,83.02999877929688,4592
"JBSS","John B. Sanfilippo & Son, Inc. - Common Stock","2021-10-08 16:00:00-04:00",82.85,82.85,82.85,82.85,82.85,0
"JBSS","John B. Sanfilippo & Son, Inc. - Common Stock","2021-10-11 09:30:00-04:00",82.7300033569336,84.5199966430664,82.56999969482422,82.62989807128906,82.62989807128906,2500
"JBSS","John B. Sanfilippo & Son, Inc. - Common Stock","2021-10-11 10:30:00-04:00",82.97000122070312,82.97000122070312,82.97000122070312,82.97000122070312,82.97000122070312,225
"JBSS","John B. Sanfilippo & Son, Inc. - Common Stock","2021-10-11 11:30:00-04:00",83.0,83.2699966430664,82.9800033569336,83.2699966430664,83.2699966430664,1366
"JBSS","John B. Sanfilippo & Son, Inc. - Common Stock","2021-10-11 12:30:00-04:00",82.88999938964844,83.12999725341797,82.88999938964844,83.12999725341797,83.12999725341797,2469
"JBSS","John B. Sanfilippo & Son, Inc. - Common Stock","2021-10-11 13:30:00-04:00",83.23999786376953,83.27999877929688,82.94999694824219,83.11499786376953,83.11499786376953,828
"JBSS","John B. Sanfilippo & Son, Inc. - Common Stock","2021-10-11 15:30:00-04:00",83.12999725341797,83.44000244140625,83.12999725341797,83.26000213623047,83.26000213623047,4426
"JBSS","John B. Sanfilippo & Son, Inc. - Common Stock","2021-10-11 16:00:00-04:00",83.44,83.44,80.925,80.925,80.925,0
"JBSS","John B. Sanfilippo & Son, Inc. - Common Stock","2021-10-12 09:30:00-04:00",83.2300033569336,83.81999969482422,83.2300033569336,83.81999969482422,83.81999969482422,1105
"JBSS","John B. Sanfilippo & Son, Inc. - Common Stock","2021-10-12 10:30:00-04:00",83.56500244140625,84.37999725341797,83.5,84.14250183105469,84.14250183105469,2807
"JBSS","John B. Sanfilippo & Son, Inc. - Common Stock","2021-10-12 11:30:00-04:00",83.91999816894531,83.91999816894531,83.38999938964844,83.57499694824219,83.57499694824219,1902
"JBSS","John B. Sanfilippo & Son, Inc. - Common Stock","2021-10-12 12:30:00-04:00",83.33000183105469,83.58159637451172,83.33000183105469,83.52999877929688,83.52999877929688,2500
"JBSS","John B. Sanfilippo & Son, Inc. - Common Stock","2021-10-12 13:30:00-04:00",83.51000213623047,83.51000213623047,83.12000274658203,83.30000305175781,83.30000305175781,2654
"JBSS","John B. Sanfilippo & Son, Inc. - Common Stock","2021-10-12 14:30:00-04:00",83.43000030517578,83.72000122070312,83.41999816894531,83.66000366210938,83.66000366210938,3232
"JBSS","John B. Sanfilippo & Son, Inc. - Common Stock","2021-10-12 15:30:00-04:00",83.64800262451172,83.6500015258789,83.20999908447266,83.6500015258789,83.6500015258789,4500
"JBSS","John B. Sanfilippo & Son, Inc. - Common Stock","2021-10-12 16:00:00-04:00",83.65,83.65,83.65,83.65,83.65,4447
"JBSS","John B. Sanfilippo & Son, Inc. - Common Stock","2021-10-13 10:30:00-04:00",82.85369873046875,82.85369873046875,82.85369873046875,82.85369873046875,82.85369873046875,0
"JBSS","John B. Sanfilippo & Son, Inc. - Common Stock","2021-10-13 11:30:00-04:00",83.0,83.0,83.0,83.0,83.0,938
"JBSS","John B. Sanfilippo & Son, Inc. - Common Stock","2021-10-13 12:30:00-04:00",82.98999786376953,83.41000366210938,82.86000061035156,83.41000366210938,83.41000366210938,3086
"JBSS","John B. Sanfilippo & Son, Inc. - Common Stock","2021-10-13 13:30:00-04:00",83.36000061035156,83.5,83.30999755859375,83.37000274658203,83.37000274658203,1817
"JBSS","John B. Sanfilippo & Son, Inc. - Common Stock","2021-10-13 14:30:00-04:00",83.16500091552734,83.31999969482422,83.0031967163086,83.31999969482422,83.31999969482422,406
"JBSS","John B. Sanfilippo & Son, Inc. - Common Stock","2021-10-13 15:30:00-04:00",83.20999908447266,83.33999633789062,83.0199966430664,83.0199966430664,83.0199966430664,4847
"JBSS","John B. Sanfilippo & Son, Inc. - Common Stock","2021-10-13 16:00:00-04:00",83.24,83.24,83.24,83.24,83.24,4248
"JBSS","John B. Sanfilippo & Son, Inc. - Common Stock","2021-10-14 09:30:00-04:00",83.77999877929688,83.77999877929688,83.12000274658203,83.12000274658203,83.12000274658203,0
"JBSS","John B. Sanfilippo & Son, Inc. - Common Stock","2021-10-14 10:30:00-04:00",83.88999938964844,84.2699966430664,83.88999938964844,84.2699966430664,84.2699966430664,871
"JBSS","John B. Sanfilippo & Son, Inc. - Common Stock","2021-10-14 11:30:00-04:00",84.33000183105469,84.33000183105469,83.95999908447266,84.30999755859375,84.30999755859375,625
"JBSS","John B. Sanfilippo & Son, Inc. - Common Stock","2021-10-14 12:30:00-04:00",84.27999877929688,84.4000015258789,84.19000244140625,84.26499938964844,84.26499938964844,1571
"JBSS","John B. Sanfilippo & Son, Inc. - Common Stock","2021-10-14 14:30:00-04:00",84.30999755859375,84.30999755859375,83.97000122070312,84.22000122070312,84.22000122070312,1406
"JBSS","John B. Sanfilippo & Son, Inc. - Common Stock","2021-10-14 15:30:00-04:00",84.29000091552734,84.29000091552734,84.08999633789062,84.08999633789062,84.08999633789062,1761
"JBSS","John B. Sanfilippo & Son, Inc. - Common Stock","2021-10-14 16:00:00-04:00",83.99,83.99,81.115,81.115,81.115,0
"JBSS","John B. Sanfilippo & Son, Inc. - Common Stock","2021-10-15 08:00:00-04:00",83.99,83.99,83.99,83.99,83.99,0
"JBSS","John B. Sanfilippo & Son, Inc. - Common Stock","2021-10-15 09:30:00-04:00",84.69000244140625,84.94999694824219,84.168701171875,84.168701171875,84.168701171875,2920
"JBSS","John B. Sanfilippo & Son, Inc. - Common Stock","2021-10-15 10:30:00-04:00",84.4800033569336,84.51000213623047,83.8499984741211,83.98999786376953,83.98999786376953,2029
"JBSS","John B. Sanfilippo & Son, Inc. - Common Stock","2021-10-15 11:30:00-04:00",83.69999694824219,83.83000183105469,83.38999938964844,83.83000183105469,83.83000183105469,1694
"JBSS","John B. Sanfilippo & Son, Inc. - Common Stock","2021-10-15 12:30:00-04:00",83.45010375976562,83.45010375976562,83.45010375976562,83.45010375976562,83.45010375976562,274
"JBSS","John B. Sanfilippo & Son, Inc. - Common Stock","2021-10-15 13:30:00-04:00",83.80999755859375,83.80999755859375,83.62999725341797,83.62999725341797,83.62999725341797,594
"JBSS","John B. Sanfilippo & Son, Inc. - Common Stock","2021-10-15 14:30:00-04:00",83.98999786376953,84.08999633789062,83.64949798583984,83.80999755859375,83.80999755859375,2622
"JBSS","John B. Sanfilippo & Son, Inc. - Common Stock","2021-10-15 15:30:00-04:00",84.03500366210938,84.26000213623047,83.7699966430664,83.77999877929688,83.77999877929688,5231
"JBSS","John B. Sanfilippo & Son, Inc. - Common Stock","2021-10-15 16:00:00-04:00",83.72,83.72,83.72,83.72,83.72,0
"JBSS","John B. Sanfilippo & Son, Inc. - Common Stock","2021-10-18 09:30:00-04:00",83.83000183105469,83.83000183105469,83.0999984741211,83.0999984741211,83.0999984741211,723
"JBSS","John B. Sanfilippo & Son, Inc. - Common Stock","2021-10-18 10:30:00-04:00",83.36000061035156,83.36000061035156,83.05999755859375,83.05999755859375,83.05999755859375,942
"JBSS","John B. Sanfilippo & Son, Inc. - Common Stock","2021-10-18 11:30:00-04:00",83.5199966430664,83.5199966430664,83.5199966430664,83.5199966430664,83.5199966430664,381
"JBSS","John B. Sanfilippo & Son, Inc. - Common Stock","2021-10-18 12:30:00-04:00",83.38999938964844,83.79309844970703,83.38999938964844,83.67500305175781,83.67500305175781,2547
"JBSS","John B. Sanfilippo & Son, Inc. - Common Stock","2021-10-18 13:30:00-04:00",83.66000366210938,83.66000366210938,83.58000183105469,83.5999984741211,83.5999984741211,2171
"JBSS","John B. Sanfilippo & Son, Inc. - Common Stock","2021-10-18 14:30:00-04:00",83.38999938964844,83.38999938964844,83.26000213623047,83.37999725341797,83.37999725341797,1627
"JBSS","John B. Sanfilippo & Son, Inc. - Common Stock","2021-10-18 15:30:00-04:00",83.23999786376953,83.29000091552734,83.06999969482422,83.08999633789062,83.08999633789062,3709
"JBSS","John B. Sanfilippo & Son, Inc. - Common Stock","2021-10-18 16:00:00-04:00",83.09,83.09,80.71,80.71,80.71,0
"JBSS","John B. Sanfilippo & Son, Inc. - Common Stock","2021-10-19 09:30:00-04:00",83.12999725341797,83.16500091552734,82.7300033569336,82.7300033569336,82.7300033569336,2772
"JBSS","John B. Sanfilippo & Son, Inc. - Common Stock","2021-10-19 10:30:00-04:00",82.7300033569336,82.91999816894531,82.7300033569336,82.875,82.875,1197
"JBSS","John B. Sanfilippo & Son, Inc. - Common Stock","2021-10-19 11:30:00-04:00",82.81999969482422,83.16999816894531,82.81999969482422,83.16999816894531,83.16999816894531,1436
"JBSS","John B. Sanfilippo & Son, Inc. - Common Stock","2021-10-19 12:30:00-04:00",82.83999633789062,82.83999633789062,82.83999633789062,82.83999633789062,82.83999633789062,266
"JBSS","John B. Sanfilippo & Son, Inc. - Common Stock","2021-10-19 13:30:00-04:00",82.81999969482422,82.91999816894531,82.7300033569336,82.7750015258789,82.7750015258789,1897
"JBSS","John B. Sanfilippo & Son, Inc. - Common Stock","2021-10-19 14:30:00-04:00",82.62000274658203,83.20999908447266,82.54000091552734,82.94000244140625,82.94000244140625,3688
"JBSS","John B. Sanfilippo & Son, Inc. - Common Stock","2021-10-19 15:30:00-04:00",83.05000305175781,83.22899627685547,82.72000122070312,82.72000122070312,82.72000122070312,1958
"JBSS","John B. Sanfilippo & Son, Inc. - Common Stock","2021-10-19 16:00:00-04:00",83.13,83.13,83.13,83.13,83.13,0
"JBSS","John B. Sanfilippo & Son, Inc. - Common Stock","2021-10-20 09:30:00-04:00",82.87999725341797,83.27999877929688,82.5999984741211,83.27999877929688,83.27999877929688,4632
"JBSS","John B. Sanfilippo & Son, Inc. - Common Stock","2021-10-20 10:30:00-04:00",83.13999938964844,83.33000183105469,83.12999725341797,83.13999938964844,83.13999938964844,1605
"JBSS","John B. Sanfilippo & Son, Inc. - Common Stock","2021-10-20 12:30:00-04:00",83.48500061035156,84.0,83.48500061035156,83.95999908447266,83.95999908447266,3361
"JBSS","John B. Sanfilippo & Son, Inc. - Common Stock","2021-10-20 13:30:00-04:00",83.88500213623047,83.88500213623047,83.45999908447266,83.62000274658203,83.62000274658203,2323
"JBSS","John B. Sanfilippo & Son, Inc. - Common Stock","2021-10-20 14:30:00-04:00",83.33779907226562,83.5999984741211,83.33779907226562,83.55999755859375,83.55999755859375,962
"JBSS","John B. Sanfilippo & Son, Inc. - Common Stock","2021-10-20 15:30:00-04:00",83.31999969482422,83.44000244140625,82.98999786376953,82.98999786376953,82.98999786376953,5288
"JBSS","John B. Sanfilippo & Son, Inc. - Common Stock","2021-10-20 16:00:00-04:00",83.2,83.2,83.2,83.2,83.2,0
"JBSS","John B. Sanfilippo & Son, Inc. - Common Stock","2021-10-21 09:30:00-04:00",83.30999755859375,83.7300033569336,82.9000015258789,83.62999725341797,83.62999725341797,2012
"JBSS","John B. Sanfilippo & Son, Inc. - Common Stock","2021-10-21 10:30:00-04:00",83.91100311279297,83.91100311279297,83.61000061035156,83.70999908447266,83.70999908447266,1355
"JBSS","John B. Sanfilippo & Son, Inc. - Common Stock","2021-10-21 11:30:00-04:00",83.2699966430664,83.7300033569336,83.2699966430664,83.30000305175781,83.30000305175781,2262
"JBSS","John B. Sanfilippo & Son, Inc. - Common Stock","2021-10-21 12:30:00-04:00",83.25,83.33000183105469,83.20500183105469,83.33000183105469,83.33000183105469,1307
"JBSS","John B. Sanfilippo & Son, Inc. - Common Stock","2021-10-21 13:30:00-04:00",83.26000213623047,83.26000213623047,83.26000213623047,83.26000213623047,83.26000213623047,521
"JBSS","John B. Sanfilippo & Son, Inc. - Common Stock","2021-10-21 14:30:00-04:00",83.30999755859375,83.72769927978516,83.29000091552734,83.67500305175781,83.67500305175781,4784
"JBSS","John B. Sanfilippo & Son, Inc. - Common Stock","2021-10-21 15:30:00-04:00",83.16999816894531,83.34500122070312,82.8499984741211,83.06999969482422,83.06999969482422,7586
"JBSS","John B. Sanfilippo & Son, Inc. - Common Stock","2021-10-21 16:00:00-04:00",83.16,83.16,83.1317,83.1317,83.1317,0
"JBSS","John B. Sanfilippo & Son, Inc. - Common Stock","2021-10-22 09:30:00-04:00",83.30999755859375,83.56999969482422,83.30000305175781,83.37000274658203,83.37000274658203,3139
"JBSS","John B. Sanfilippo & Son, Inc. - Common Stock","2021-10-22 10:30:00-04:00",83.44999694824219,83.5199966430664,83.30000305175781,83.5199966430664,83.5199966430664,1208
"JBSS","John B. Sanfilippo & Son, Inc. - Common Stock","2021-10-22 11:30:00-04:00",83.20999908447266,83.44999694824219,83.18000030517578,83.44999694824219,83.44999694824219,1036
"JBSS","John B. Sanfilippo & Son, Inc. - Common Stock","2021-10-22 12:30:00-04:00",83.2699966430664,83.61000061035156,83.2699966430664,83.61000061035156,83.61000061035156,1198
"JBSS","John B. Sanfilippo & Son, Inc. - Common Stock","2021-10-22 13:30:00-04:00",83.55000305175781,83.75,83.55000305175781,83.75,83.75,1188
"JBSS","John B. Sanfilippo & Son, Inc. - Common Stock","2021-10-22 14:30:00-04:00",83.75,84.16999816894531,83.61000061035156,83.62000274658203,83.62000274658203,4374
"JBSS","John B. Sanfilippo & Son, Inc. - Common Stock","2021-10-22 15:30:00-04:00",83.62999725341797,83.63999938964844,83.43000030517578,83.56999969482422,83.56999969482422,5049
"JBSS","John B. Sanfilippo & Son, Inc. - Common Stock","2021-10-22 16:00:00-04:00",83.49,83.49,83.49,83.49,83.49,0
"JBSS","John B. Sanfilippo & Son, Inc. - Common Stock","2021-10-25 09:30:00-04:00",83.68000030517578,83.72000122070312,82.79000091552734,83.37000274658203,83.37000274658203,3435
"JBSS","John B. Sanfilippo & Son, Inc. - Common Stock","2021-10-25 10:30:00-04:00",83.30000305175781,83.7300033569336,83.30000305175781,83.7300033569336,83.7300033569336,472
"JBSS","John B. Sanfilippo & Son, Inc. - Common Stock","2021-10-25 11:30:00-04:00",83.7300033569336,83.7300033569336,83.7300033569336,83.7300033569336,83.7300033569336,986
"JBSS","John B. Sanfilippo & Son, Inc. - Common Stock","2021-10-25 12:30:00-04:00",84.08999633789062,84.44999694824219,83.91000366210938,84.44999694824219,84.44999694824219,1806
"JBSS","John B. Sanfilippo & Son, Inc. - Common Stock","2021-10-25 13:30:00-04:00",84.4000015258789,84.69000244140625,84.34660339355469,84.34660339355469,84.34660339355469,2542
"JBSS","John B. Sanfilippo & Son, Inc. - Common Stock","2021-10-25 14:30:00-04:00",84.31999969482422,84.3499984741211,84.02999877929688,84.11000061035156,84.11000061035156,3427
"JBSS","John B. Sanfilippo & Son, Inc. - Common Stock","2021-10-25 15:30:00-04:00",84.1449966430664,84.69999694824219,84.13999938964844,84.13999938964844,84.13999938964844,6655
"JBSS","John B. Sanfilippo & Son, Inc. - Common Stock","2021-10-25 16:00:00-04:00",84.45,86.0,84.45,84.95,84.95,0
"JBSS","John B. Sanfilippo & Son, Inc. - Common Stock","2021-10-25 17:00:00-04:00",85.0,85.0,85.0,85.0,85.0,0
"JBSS","John B. Sanfilippo & Son, Inc. - Common Stock","2021-10-26 09:30:00-04:00",84.55999755859375,86.98999786376953,84.55999755859375,85.66000366210938,85.66000366210938,9608
"JBSS","John B. Sanfilippo & Son, Inc. - Common Stock","2021-10-26 10:30:00-04:00",85.79000091552734,86.47000122070312,85.05000305175781,85.66000366210938,85.66000366210938,5413
"JBSS","John B. Sanfilippo & Son, Inc. - Common Stock","2021-10-26 11:30:00-04:00",85.83999633789062,86.83000183105469,85.5199966430664,85.59500122070312,85.59500122070312,9425
"JBSS","John B. Sanfilippo & Son, Inc. - Common Stock","2021-10-26 12:30:00-04:00",85.54000091552734,86.1676025390625,85.54000091552734,86.1676025390625,86.1676025390625,4115
"JBSS","John B. Sanfilippo & Son, Inc. - Common Stock","2021-10-26 13:30:00-04:00",85.66999816894531,86.12999725341797,85.55500030517578,85.55500030517578,85.55500030517578,3237
"JBSS","John B. Sanfilippo & Son, Inc. - Common Stock","2021-10-26 14:30:00-04:00",85.3499984741211,85.47000122070312,85.11000061035156,85.13600158691406,85.13600158691406,3949
"JBSS","John B. Sanfilippo & Son, Inc. - Common Stock","2021-10-26 15:30:00-04:00",85.2699966430664,85.2699966430664,84.7699966430664,85.22000122070312,85.22000122070312,8979
"JBSS","John B. Sanfilippo & Son, Inc. - Common Stock","2021-10-26 16:00:00-04:00",84.97,84.97,84.97,84.97,84.97,7457
"JBSS","John B. Sanfilippo & Son, Inc. - Common Stock","2021-10-27 09:30:00-04:00",86.03500366210938,86.03500366210938,83.9000015258789,83.9000015258789,83.9000015258789,0
"JBSS","John B. Sanfilippo & Son, Inc. - Common Stock","2021-10-27 10:30:00-04:00",83.88999938964844,83.88999938964844,83.62999725341797,83.7699966430664,83.7699966430664,2335
"JBSS","John B. Sanfilippo & Son, Inc. - Common Stock","2021-10-27 11:30:00-04:00",83.72000122070312,83.72000122070312,83.3550033569336,83.3550033569336,83.3550033569336,2787
"JBSS","John B. Sanfilippo & Son, Inc. - Common Stock","2021-10-27 12:30:00-04:00",83.41999816894531,83.41999816894531,82.98999786376953,83.04499816894531,83.04499816894531,2141
"JBSS","John B. Sanfilippo & Son, Inc. - Common Stock","2021-10-27 13:30:00-04:00",83.30000305175781,83.83000183105469,83.27999877929688,83.77999877929688,83.77999877929688,2665
"JBSS","John B. Sanfilippo & Son, Inc. - Common Stock","2021-10-27 14:30:00-04:00",84.1500015258789,84.33999633789062,83.87999725341797,84.25499725341797,84.25499725341797,8361
"JBSS","John B. Sanfilippo & Son, Inc. - Common Stock","2021-10-27 15:30:00-04:00",84.5199966430664,84.69999694824219,84.25,84.30000305175781,84.30000305175781,7283
"JBSS","John B. Sanfilippo & Son, Inc. - Common Stock","2021-10-27 16:00:00-04:00",84.24,84.24,84.24,84.24,84.24,0
"JBSS","John B. Sanfilippo & Son, Inc. - Common Stock","2021-10-28 09:30:00-04:00",84.33000183105469,85.11000061035156,83.94999694824219,85.11000061035156,85.11000061035156,3564
"JBSS","John B. Sanfilippo & Son, Inc. - Common Stock","2021-10-28 10:30:00-04:00",84.86499786376953,85.08999633789062,84.68499755859375,84.70939636230469,84.70939636230469,2288
"JBSS","John B. Sanfilippo & Son, Inc. - Common Stock","2021-10-28 11:30:00-04:00",85.18000030517578,85.18000030517578,84.78880310058594,84.78880310058594,84.78880310058594,2161
"JBSS","John B. Sanfilippo & Son, Inc. - Common Stock","2021-10-28 12:30:00-04:00",85.04000091552734,85.06999969482422,84.62999725341797,85.01000213623047,85.01000213623047,2056
"JBSS","John B. Sanfilippo & Son, Inc. - Common Stock","2021-10-28 13:30:00-04:00",85.05000305175781,85.36000061035156,84.94000244140625,85.04000091552734,85.04000091552734,3651
"JBSS","John B. Sanfilippo & Son, Inc. - Common Stock","2021-10-28 14:30:00-04:00",85.12000274658203,85.12000274658203,84.81999969482422,84.83000183105469,84.83000183105469,2574
"JBSS","John B. Sanfilippo & Son, Inc. - Common Stock","2021-10-28 15:30:00-04:00",84.70999908447266,85.13999938964844,84.70999908447266,84.91000366210938,84.91000366210938,4841
"JBSS","John B. Sanfilippo & Son, Inc. - Common Stock","2021-10-28 16:00:00-04:00",84.81,84.81,84.81,84.81,84.81,4605
"JBSS","John B. Sanfilippo & Son, Inc. - Common Stock","2021-10-29 09:30:00-04:00",84.94999694824219,86.23999786376953,84.05999755859375,84.37000274658203,84.37000274658203,0
"JBSS","John B. Sanfilippo & Son, Inc. - Common Stock","2021-10-29 10:30:00-04:00",84.25,84.44000244140625,84.18000030517578,84.4000015258789,84.4000015258789,2079
"JBSS","John B. Sanfilippo & Son, Inc. - Common Stock","2021-10-29 11:30:00-04:00",84.16000366210938,84.16000366210938,83.94000244140625,83.94000244140625,83.94000244140625,2093
"JBSS","John B. Sanfilippo & Son, Inc. - Common Stock","2021-10-29 12:30:00-04:00",83.94000244140625,84.2300033569336,83.94000244140625,84.2300033569336,84.2300033569336,2161
"JBSS","John B. Sanfilippo & Son, Inc. - Common Stock","2021-10-29 13:30:00-04:00",84.23999786376953,84.88999938964844,84.23999786376953,84.31999969482422,84.31999969482422,4111
"JBSS","John B. Sanfilippo & Son, Inc. - Common Stock","2021-10-29 14:30:00-04:00",84.75,84.75,83.94999694824219,84.52999877929688,84.52999877929688,3548
"JBSS","John B. Sanfilippo & Son, Inc. - Common Stock","2021-10-29 15:30:00-04:00",84.22000122070312,84.58999633789062,84.05000305175781,84.58999633789062,84.58999633789062,7835
"JBSS","John B. Sanfilippo & Son, Inc. - Common Stock","2021-10-29 16:00:00-04:00",84.5,84.5,84.5,84.5,84.5,0
"JBSS","John B. Sanfilippo & Son, Inc. - Common Stock","2021-11-01 09:30:00-04:00",84.4800033569336,84.58999633789062,83.62999725341797,83.62999725341797,83.62999725341797,0
"JBSS","John B. Sanfilippo & Son, Inc. - Common Stock","2021-11-01 10:30:00-04:00",84.25,84.91999816894531,84.16999816894531,84.16999816894531,84.16999816894531,4792
"JBSS","John B. Sanfilippo & Son, Inc. - Common Stock","2021-11-01 11:30:00-04:00",84.23999786376953,84.87000274658203,84.22000122070312,84.66999816894531,84.66999816894531,6121
"JBSS","John B. Sanfilippo & Son, Inc. - Common Stock","2021-11-01 12:30:00-04:00",84.91999816894531,84.91999816894531,84.54000091552734,84.6500015258789,84.6500015258789,1316
"JBSS","John B. Sanfilippo & Son, Inc. - Common Stock","2021-11-01 13:30:00-04:00",84.66999816894531,84.7699966430664,84.41000366210938,84.43000030517578,84.43000030517578,16552
"JBSS","John B. Sanfilippo & Son, Inc. - Common Stock","2021-11-01 14:30:00-04:00",84.43000030517578,84.9800033569336,84.43000030517578,84.9800033569336,84.9800033569336,3434
"JBSS","John B. Sanfilippo & Son, Inc. - Common Stock","2021-11-01 15:30:00-04:00",85.13500213623047,85.40499877929688,84.91000366210938,85.12000274658203,85.12000274658203,6472
"JBSS","John B. Sanfilippo & Son, Inc. - Common Stock","2021-11-01 16:00:00-04:00",85.07,85.07,85.07,85.07,85.07,0
"JBSS","John B. Sanfilippo & Son, Inc. - Common Stock","2021-11-02 09:30:00-04:00",84.87999725341797,85.20500183105469,84.62000274658203,84.62000274658203,84.62000274658203,4037
"JBSS","John B. Sanfilippo & Son, Inc. - Common Stock","2021-11-02 10:30:00-04:00",84.5,84.8499984741211,84.33000183105469,84.8499984741211,84.8499984741211,3274
"JBSS","John B. Sanfilippo & Son, Inc. - Common Stock","2021-11-02 11:30:00-04:00",85.25,85.25,84.73999786376953,84.76119995117188,84.76119995117188,3303
"JBSS","John B. Sanfilippo & Son, Inc. - Common Stock","2021-11-02 12:30:00-04:00",85.02999877929688,85.02999877929688,84.86499786376953,84.86499786376953,84.86499786376953,2276
"JBSS","John B. Sanfilippo & Son, Inc. - Common Stock","2021-11-02 13:30:00-04:00",84.87000274658203,84.87000274658203,84.79000091552734,84.80500030517578,84.80500030517578,2704
"JBSS","John B. Sanfilippo & Son, Inc. - Common Stock","2021-11-02 14:30:00-04:00",84.87000274658203,85.33999633789062,84.81999969482422,85.12000274658203,85.12000274658203,3463
"JBSS","John B. Sanfilippo & Son, Inc. - Common Stock","2021-11-02 15:30:00-04:00",85.03500366210938,85.2699966430664,84.94499969482422,85.2699966430664,85.2699966430664,2148
"JBSS","John B. Sanfilippo & Son, Inc. - Common Stock","2021-11-02 16:00:00-04:00",85.06,85.06,85.06,85.06,85.06,5999
"JBSS","John B. Sanfilippo & Son, Inc. - Common Stock","2021-11-03 09:30:00-04:00",84.87999725341797,85.88500213623047,84.63999938964844,85.2300033569336,85.2300033569336,0
"JBSS","John B. Sanfilippo & Son, Inc. - Common Stock","2021-11-03 10:30:00-04:00",85.37000274658203,86.33999633789062,85.29000091552734,85.87000274658203,85.87000274658203,9053
"JBSS","John B. Sanfilippo & Son, Inc. - Common Stock","2021-11-03 11:30:00-04:00",86.0,86.3499984741211,85.67230224609375,86.12999725341797,86.12999725341797,2907
"JBSS","John B. Sanfilippo & Son, Inc. - Common Stock","2021-11-03 12:30:00-04:00",86.20999908447266,86.20999908447266,85.94999694824219,85.94999694824219,85.94999694824219,1301
"JBSS","John B. Sanfilippo & Son, Inc. - Common Stock","2021-11-03 13:30:00-04:00",86.01000213623047,86.25,85.94000244140625,86.25,86.25,2397
"JBSS","John B. Sanfilippo & Son, Inc. - Common Stock","2021-11-03 14:30:00-04:00",86.2300033569336,86.94999694824219,86.11499786376953,86.62999725341797,86.62999725341797,4470
"JBSS","John B. Sanfilippo & Son, Inc. - Common Stock","2021-11-03 15:30:00-04:00",86.83000183105469,87.05000305175781,86.75,87.02999877929688,87.02999877929688,3628
"JBSS","John B. Sanfilippo & Son, Inc. - Common Stock","2021-11-03 16:00:00-04:00",86.87,86.87,86.87,86.87,86.87,0
"JBSS","John B. Sanfilippo & Son, Inc. - Common Stock","2021-11-04 09:30:00-04:00",88.38500213623047,88.38500213623047,86.6500015258789,86.6500015258789,86.6500015258789,2514
"JBSS","John B. Sanfilippo & Son, Inc. - Common Stock","2021-11-04 10:30:00-04:00",87.06999969482422,87.06999969482422,86.44000244140625,86.73999786376953,86.73999786376953,2624
"JBSS","John B. Sanfilippo & Son, Inc. - Common Stock","2021-11-04 11:30:00-04:00",86.62000274658203,86.73999786376953,86.55000305175781,86.61000061035156,86.61000061035156,1371
"JBSS","John B. Sanfilippo & Son, Inc. - Common Stock","2021-11-04 12:30:00-04:00",86.65499877929688,86.73999786376953,86.56999969482422,86.56999969482422,86.56999969482422,1355
"JBSS","John B. Sanfilippo & Son, Inc. - Common Stock","2021-11-04 13:30:00-04:00",86.73999786376953,86.80999755859375,86.45999908447266,86.45999908447266,86.45999908447266,1903
"JBSS","John B. Sanfilippo & Son, Inc. - Common Stock","2021-11-04 14:30:00-04:00",86.52999877929688,86.70999908447266,86.44999694824219,86.5,86.5,3727
"JBSS","John B. Sanfilippo & Son, Inc. - Common Stock","2021-11-04 15:30:00-04:00",86.54499816894531,86.69999694824219,86.44999694824219,86.47000122070312,86.47000122070312,6700
"JBSS","John B. Sanfilippo & Son, Inc. - Common Stock","2021-11-04 16:00:00-04:00",86.68,86.68,86.6635,86.6635,86.6635,0
"JBSS","John B. Sanfilippo & Son, Inc. - Common Stock","2021-11-05 09:30:00-04:00",86.80999755859375,87.93000030517578,86.80999755859375,87.27999877929688,87.27999877929688,4636
"JBSS","John B. Sanfilippo & Son, Inc. - Common Stock","2021-11-05 10:30:00-04:00",87.44999694824219,88.27999877929688,87.1500015258789,87.80000305175781,87.80000305175781,4395
"JBSS","John B. Sanfilippo & Son, Inc. - Common Stock","2021-11-05 11:30:00-04:00",87.80999755859375,87.80999755859375,87.37999725341797,87.37999725341797,87.37999725341797,1699
"JBSS","John B. Sanfilippo & Son, Inc. - Common Stock","2021-11-05 12:30:00-04:00",87.61000061035156,87.69999694824219,87.25,87.33999633789062,87.33999633789062,4085
"JBSS","John B. Sanfilippo & Son, Inc. - Common Stock","2021-11-05 13:30:00-04:00",87.55999755859375,87.6719970703125,87.3499984741211,87.6719970703125,87.6719970703125,2577
"JBSS","John B. Sanfilippo & Son, Inc. - Common Stock","2021-11-05 14:30:00-04:00",87.19999694824219,87.73999786376953,87.19999694824219,87.73999786376953,87.73999786376953,3059
"JBSS","John B. Sanfilippo & Son, Inc. - Common Stock","2021-11-05 15:30:00-04:00",87.76000213623047,87.80000305175781,87.43000030517578,87.54000091552734,87.54000091552734,5140
"JBSS","John B. Sanfilippo & Son, Inc. - Common Stock","2021-11-05 16:00:00-04:00",87.66,87.66,87.66,87.66,87.66,0
"JBSS","John B. Sanfilippo & Son, Inc. - Common Stock","2021-11-08 09:30:00-05:00",87.68000030517578,87.68000030517578,87.10240173339844,87.55000305175781,87.55000305175781,2408
"JBSS","John B. Sanfilippo & Son, Inc. - Common Stock","2021-11-08 10:30:00-05:00",87.33000183105469,87.44499969482422,87.01000213623047,87.2699966430664,87.2699966430664,2060
"JBSS","John B. Sanfilippo & Son, Inc. - Common Stock","2021-11-08 11:30:00-05:00",87.3550033569336,87.3550033569336,87.27999877929688,87.30000305175781,87.30000305175781,1334
"JBSS","John B. Sanfilippo & Son, Inc. - Common Stock","2021-11-08 12:30:00-05:00",87.41999816894531,87.41999816894531,86.80000305175781,86.80000305175781,86.80000305175781,2677
"JBSS","John B. Sanfilippo & Son, Inc. - Common Stock","2021-11-08 13:30:00-05:00",86.97000122070312,87.04000091552734,86.97000122070312,86.97000122070312,86.97000122070312,1269
"JBSS","John B. Sanfilippo & Son, Inc. - Common Stock","2021-11-08 14:30:00-05:00",86.97000122070312,87.37000274658203,86.87000274658203,87.36000061035156,87.36000061035156,2021
"JBSS","John B. Sanfilippo & Son, Inc. - Common Stock","2021-11-08 15:30:00-05:00",87.31999969482422,87.31999969482422,87.05999755859375,87.05999755859375,87.05999755859375,3528
"JBSS","John B. Sanfilippo & Son, Inc. - Common Stock","2021-11-08 16:00:00-05:00",87.44,87.44,87.12,87.12,87.12,0
"JBSS","John B. Sanfilippo & Son, Inc. - Common Stock","2021-11-09 09:30:00-05:00",87.08999633789062,87.31999969482422,86.73999786376953,86.76000213623047,86.76000213623047,1021
"JBSS","John B. Sanfilippo & Son, Inc. - Common Stock","2021-11-09 10:30:00-05:00",87.01000213623047,87.01000213623047,86.68000030517578,86.81999969482422,86.81999969482422,4944
"JBSS","John B. Sanfilippo & Son, Inc. - Common Stock","2021-11-09 11:30:00-05:00",86.97000122070312,87.09500122070312,86.88999938964844,86.88999938964844,86.88999938964844,2007
"JBSS","John B. Sanfilippo & Son, Inc. - Common Stock","2021-11-09 12:30:00-05:00",87.0,87.37840270996094,86.9801025390625,87.37840270996094,87.37840270996094,1677
"JBSS","John B. Sanfilippo & Son, Inc. - Common Stock","2021-11-09 13:30:00-05:00",87.62999725341797,87.62999725341797,87.4000015258789,87.4000015258789,87.4000015258789,1535
"JBSS","John B. Sanfilippo & Son, Inc. - Common Stock","2021-11-09 14:30:00-05:00",87.75499725341797,87.79000091552734,87.75499725341797,87.77999877929688,87.77999877929688,921
"JBSS","John B. Sanfilippo & Son, Inc. - Common Stock","2021-11-09 15:30:00-05:00",87.55500030517578,87.69000244140625,87.36000061035156,87.36000061035156,87.36000061035156,3059
"JBSS","John B. Sanfilippo & Son, Inc. - Common Stock","2021-11-09 16:00:00-05:00",87.37,87.37,87.37,87.37,87.37,0
"JBSS","John B. Sanfilippo & Son, Inc. - Common Stock","2021-11-10 09:30:00-05:00",87.47000122070312,87.94989776611328,87.01499938964844,87.53199768066406,87.53199768066406,2097
"JBSS","John B. Sanfilippo & Son, Inc. - Common Stock","2021-11-10 10:30:00-05:00",87.66000366210938,87.69999694824219,87.30999755859375,87.49500274658203,87.49500274658203,1787
"JBSS","John B. Sanfilippo & Son, Inc. - Common Stock","2021-11-10 11:30:00-05:00",87.43000030517578,87.43000030517578,87.43000030517578,87.43000030517578,87.43000030517578,751
"JBSS","John B. Sanfilippo & Son, Inc. - Common Stock","2021-11-10 12:30:00-05:00",87.62000274658203,87.62000274658203,87.54000091552734,87.54000091552734,87.54000091552734,1294
"JBSS","John B. Sanfilippo & Son, Inc. - Common Stock","2021-11-10 13:30:00-05:00",87.5999984741211,87.87989807128906,87.5199966430664,87.71499633789062,87.71499633789062,1979
"JBSS","John B. Sanfilippo & Son, Inc. - Common Stock","2021-11-10 14:30:00-05:00",87.51000213623047,87.69000244140625,87.51000213623047,87.56999969482422,87.56999969482422,2059
"JBSS","John B. Sanfilippo & Son, Inc. - Common Stock","2021-11-10 15:30:00-05:00",87.63999938964844,87.66000366210938,87.25,87.37999725341797,87.37999725341797,4643
"JBSS","John B. Sanfilippo & Son, Inc. - Common Stock","2021-11-10 16:00:00-05:00",87.24,87.24,87.24,87.24,87.24,0
"JBSS","John B. Sanfilippo & Son, Inc. - Common Stock","2021-11-11 09:30:00-05:00",87.36000061035156,87.36000061035156,86.7300033569336,86.7300033569336,86.7300033569336,1363
"JBSS","John B. Sanfilippo & Son, Inc. - Common Stock","2021-11-11 10:30:00-05:00",86.93000030517578,86.93000030517578,86.37999725341797,86.69000244140625,86.69000244140625,2272
"JBSS","John B. Sanfilippo & Son, Inc. - Common Stock","2021-11-11 11:30:00-05:00",87.0199966430664,87.26000213623047,86.80999755859375,87.26000213623047,87.26000213623047,1715
"JBSS","John B. Sanfilippo & Son, Inc. - Common Stock","2021-11-11 12:30:00-05:00",87.12999725341797,87.3499984741211,87.0199966430664,87.0199966430664,87.0199966430664,934
"JBSS","John B. Sanfilippo & Son, Inc. - Common Stock","2021-11-11 13:30:00-05:00",86.94000244140625,87.04000091552734,86.94000244140625,87.04000091552734,87.04000091552734,926
"JBSS","John B. Sanfilippo & Son, Inc. - Common Stock","2021-11-11 14:30:00-05:00",86.91000366210938,87.23999786376953,86.83000183105469,87.11000061035156,87.11000061035156,1876
"JBSS","John B. Sanfilippo & Son, Inc. - Common Stock","2021-11-11 15:30:00-05:00",87.16000366210938,87.20999908447266,86.91000366210938,87.20999908447266,87.20999908447266,2775
"JBSS","John B. Sanfilippo & Son, Inc. - Common Stock","2021-11-11 16:00:00-05:00",87.2,87.2,87.2,87.2,87.2,2465
"JBSS","John B. Sanfilippo & Son, Inc. - Common Stock","2021-11-12 09:30:00-05:00",87.4000015258789,87.4000015258789,86.94999694824219,86.94999694824219,86.94999694824219,0
"JBSS","John B. Sanfilippo & Son, Inc. - Common Stock","2021-11-12 10:30:00-05:00",86.71980285644531,86.91000366210938,86.71980285644531,86.91000366210938,86.91000366210938,2501
"JBSS","John B. Sanfilippo & Son, Inc. - Common Stock","2021-11-12 11:30:00-05:00",87.02999877929688,87.19999694824219,87.02999877929688,87.18000030517578,87.18000030517578,2496
"JBSS","John B. Sanfilippo & Son, Inc. - Common Stock","2021-11-12 12:30:00-05:00",87.12999725341797,87.33000183105469,87.12000274658203,87.12000274658203,87.12000274658203,832
"JBSS","John B. Sanfilippo & Son, Inc. - Common Stock","2021-11-12 13:30:00-05:00",87.12000274658203,87.26799774169922,87.0199966430664,87.0199966430664,87.0199966430664,1008
"JBSS","John B. Sanfilippo & Son, Inc. - Common Stock","2021-11-12 14:30:00-05:00",87.05999755859375,87.28170013427734,86.98100280761719,87.28170013427734,87.28170013427734,3255
"JBSS","John B. Sanfilippo & Son, Inc. - Common Stock","2021-11-12 15:30:00-05:00",87.23999786376953,87.23999786376953,86.83999633789062,86.83999633789062,86.83999633789062,2454
"JBSS","John B. Sanfilippo & Son, Inc. - Common Stock","2021-11-12 16:00:00-05:00",87.0,87.0,87.0,87.0,87.0,0
"JBSS","John B. Sanfilippo & Son, Inc. - Common Stock","2021-11-12 17:00:00-05:00",87.0,87.0,87.0,87.0,87.0,0
"JBSS","John B. Sanfilippo & Son, Inc. - Common Stock","2021-11-15 09:30:00-05:00",87.37000274658203,87.37000274658203,86.5199966430664,86.63999938964844,86.63999938964844,1349
"JBSS","John B. Sanfilippo & Son, Inc. - Common Stock","2021-11-15 10:30:00-05:00",86.87000274658203,86.87000274658203,86.61000061035156,86.61000061035156,86.61000061035156,2194
"JBSS","John B. Sanfilippo & Son, Inc. - Common Stock","2021-11-15 11:30:00-05:00",86.6050033569336,86.87999725341797,86.5999984741211,86.69000244140625,86.69000244140625,1579
"JBSS","John B. Sanfilippo & Son, Inc. - Common Stock","2021-11-15 12:30:00-05:00",86.69999694824219,87.30000305175781,86.69999694824219,87.20999908447266,87.20999908447266,4001
"JBSS","John B. Sanfilippo & Son, Inc. - Common Stock","2021-11-15 13:30:00-05:00",87.29100036621094,87.3499984741211,87.05999755859375,87.3499984741211,87.3499984741211,4153
"JBSS","John B. Sanfilippo & Son, Inc. - Common Stock","2021-11-15 14:30:00-05:00",87.38999938964844,87.58999633789062,87.16999816894531,87.23999786376953,87.23999786376953,5186
"JBSS","John B. Sanfilippo & Son, Inc. - Common Stock","2021-11-15 15:30:00-05:00",87.1500015258789,87.55000305175781,87.0,87.55000305175781,87.55000305175781,4290
"JBSS","John B. Sanfilippo & Son, Inc. - Common Stock","2021-11-15 16:00:00-05:00",87.59,87.59,87.59,87.59,87.59,0
"JBSS","John B. Sanfilippo & Son, Inc. - Common Stock","2021-11-16 09:30:00-05:00",87.70999908447266,87.7699966430664,87.25,87.34500122070312,87.34500122070312,1900
"JBSS","John B. Sanfilippo & Son, Inc. - Common Stock","2021-11-16 10:30:00-05:00",87.62999725341797,87.62999725341797,87.11499786376953,87.11499786376953,87.11499786376953,1786
"JBSS","John B. Sanfilippo & Son, Inc. - Common Stock","2021-11-16 11:30:00-05:00",86.93000030517578,87.13500213623047,86.93000030517578,87.13500213623047,87.13500213623047,1346
"JBSS","John B. Sanfilippo & Son, Inc. - Common Stock","2021-11-16 12:30:00-05:00",87.16500091552734,87.61000061035156,87.16500091552734,87.5999984741211,87.5999984741211,2612
"JBSS","John B. Sanfilippo & Son, Inc. - Common Stock","2021-11-16 13:30:00-05:00",87.41000366210938,87.55000305175781,87.19000244140625,87.19000244140625,87.19000244140625,1412
"JBSS","John B. Sanfilippo & Son, Inc. - Common Stock","2021-11-16 14:30:00-05:00",87.26000213623047,87.56999969482422,87.26000213623047,87.37000274658203,87.37000274658203,1985
"JBSS","John B. Sanfilippo & Son, Inc. - Common Stock","2021-11-16 15:30:00-05:00",87.29000091552734,87.41000366210938,86.76000213623047,87.27999877929688,87.27999877929688,5124
"JBSS","John B. Sanfilippo & Son, Inc. - Common Stock","2021-11-16 16:00:00-05:00",87.01,87.01,87.01,87.01,87.01,0
"JBSS","John B. Sanfilippo & Son, Inc. - Common Stock","2021-11-17 09:30:00-05:00",87.08000183105469,87.08000183105469,86.23999786376953,86.30999755859375,86.30999755859375,4040
"JBSS","John B. Sanfilippo & Son, Inc. - Common Stock","2021-11-17 10:30:00-05:00",85.9000015258789,85.9000015258789,85.54000091552734,85.6449966430664,85.6449966430664,3345
"JBSS","John B. Sanfilippo & Son, Inc. - Common Stock","2021-11-17 11:30:00-05:00",85.47000122070312,85.5999984741211,85.47000122070312,85.55000305175781,85.55000305175781,4543
"JBSS","John B. Sanfilippo & Son, Inc. - Common Stock","2021-11-17 12:30:00-05:00",85.72000122070312,86.0199966430664,85.66500091552734,85.66500091552734,85.66500091552734,2275
"JBSS","John B. Sanfilippo & Son, Inc. - Common Stock","2021-11-17 13:30:00-05:00",85.72000122070312,85.72000122070312,85.13999938964844,85.16000366210938,85.16000366210938,2625
"JBSS","John B. Sanfilippo & Son, Inc. - Common Stock","2021-11-17 14:30:00-05:00",85.04000091552734,85.5510025024414,85.04000091552734,85.41000366210938,85.41000366210938,3022
"JBSS","John B. Sanfilippo & Son, Inc. - Common Stock","2021-11-17 15:30:00-05:00",85.37999725341797,85.55999755859375,85.37999725341797,85.4000015258789,85.4000015258789,3598
"JBSS","John B. Sanfilippo & Son, Inc. - Common Stock","2021-11-17 16:00:00-05:00",85.61,85.61,85.61,85.61,85.61,0
"JBSS","John B. Sanfilippo & Son, Inc. - Common Stock","2021-11-18 09:30:00-05:00",85.55999755859375,86.20999908447266,84.26000213623047,84.26000213623047,84.26000213623047,8226
"JBSS","John B. Sanfilippo & Son, Inc. - Common Stock","2021-11-18 10:30:00-05:00",84.11000061035156,84.11000061035156,83.41999816894531,83.41999816894531,83.41999816894531,3470
"JBSS","John B. Sanfilippo & Son, Inc. - Common Stock","2021-11-18 11:30:00-05:00",83.43000030517578,84.12000274658203,83.43000030517578,83.69999694824219,83.69999694824219,4611
"JBSS","John B. Sanfilippo & Son, Inc. - Common Stock","2021-11-18 12:30:00-05:00",83.87000274658203,84.2699966430664,83.76000213623047,84.05999755859375,84.05999755859375,3687
"JBSS","John B. Sanfilippo & Son, Inc. - Common Stock","2021-11-18 13:30:00-05:00",83.58000183105469,83.94000244140625,83.58000183105469,83.94000244140625,83.94000244140625,2571
"JBSS","John B. Sanfilippo & Son, Inc. - Common Stock","2021-11-18 14:30:00-05:00",83.94000244140625,84.7699966430664,83.93499755859375,84.73999786376953,84.73999786376953,4029
"JBSS","John B. Sanfilippo & Son, Inc. - Common Stock","2021-11-18 15:30:00-05:00",84.55999755859375,85.16000366210938,84.33000183105469,84.76000213623047,84.76000213623047,5493
"JBSS","John B. Sanfilippo & Son, Inc. - Common Stock","2021-11-18 16:00:00-05:00",84.49,84.49,84.49,84.49,84.49,7682
"JBSS","John B. Sanfilippo & Son, Inc. - Common Stock","2021-11-19 09:30:00-05:00",84.30999755859375,85.25,84.30999755859375,84.98999786376953,84.98999786376953,0
"JBSS","John B. Sanfilippo & Son, Inc. - Common Stock","2021-11-19 10:30:00-05:00",85.23999786376953,85.55000305175781,85.12999725341797,85.55000305175781,85.55000305175781,1609
"JBSS","John B. Sanfilippo & Son, Inc. - Common Stock","2021-11-19 11:30:00-05:00",84.8573989868164,84.87000274658203,84.73999786376953,84.87000274658203,84.87000274658203,1049
"JBSS","John B. Sanfilippo & Son, Inc. - Common Stock","2021-11-19 12:30:00-05:00",84.93000030517578,85.0999984741211,84.93000030517578,85.0999984741211,85.0999984741211,1638
"JBSS","John B. Sanfilippo & Son, Inc. - Common Stock","2021-11-19 13:30:00-05:00",84.95500183105469,84.95500183105469,84.95500183105469,84.95500183105469,84.95500183105469,305
"JBSS","John B. Sanfilippo & Son, Inc. - Common Stock","2021-11-19 14:30:00-05:00",85.01000213623047,85.05999755859375,84.87999725341797,85.05999755859375,85.05999755859375,5365
"JBSS","John B. Sanfilippo & Son, Inc. - Common Stock","2021-11-19 15:30:00-05:00",85.05000305175781,85.0999984741211,84.19100189208984,84.25,84.25,6034
"JBSS","John B. Sanfilippo & Son, Inc. - Common Stock","2021-11-19 16:00:00-05:00",84.19,84.19,84.19,84.19,84.19,0
"JBSS","John B. Sanfilippo & Son, Inc. - Common Stock","2021-11-22 09:30:00-05:00",84.33999633789062,85.27999877929688,83.5999984741211,84.68000030517578,84.68000030517578,3637
"JBSS","John B. Sanfilippo & Son, Inc. - Common Stock","2021-11-22 10:30:00-05:00",85.04000091552734,85.44000244140625,84.87000274658203,85.44000244140625,85.44000244140625,1163
"JBSS","John B. Sanfilippo & Son, Inc. - Common Stock","2021-11-22 11:30:00-05:00",85.61000061035156,86.33000183105469,85.55999755859375,86.2699966430664,86.2699966430664,10417
"JBSS","John B. Sanfilippo & Son, Inc. - Common Stock","2021-11-22 12:30:00-05:00",85.23999786376953,85.23999786376953,85.1500015258789,85.1500015258789,85.1500015258789,541
"JBSS","John B. Sanfilippo & Son, Inc. - Common Stock","2021-11-22 13:30:00-05:00",85.11000061035156,85.51000213623047,84.97000122070312,85.51000213623047,85.51000213623047,2756
"JBSS","John B. Sanfilippo & Son, Inc. - Common Stock","2021-11-22 14:30:00-05:00",85.4800033569336,85.4800033569336,85.12000274658203,85.2699966430664,85.2699966430664,3078
"JBSS","John B. Sanfilippo & Son, Inc. - Common Stock","2021-11-22 15:30:00-05:00",85.48999786376953,85.48999786376953,85.19999694824219,85.30000305175781,85.30000305175781,4387
"JBSS","John B. Sanfilippo & Son, Inc. - Common Stock","2021-11-22 16:00:00-05:00",85.13,85.13,85.13,85.13,85.13,0
"JBSS","John B. Sanfilippo & Son, Inc. - Common Stock","2021-11-23 09:30:00-05:00",85.37000274658203,85.37000274658203,85.05000305175781,85.05000305175781,85.05000305175781,1642
"JBSS","John B. Sanfilippo & Son, Inc. - Common Stock","2021-11-23 10:30:00-05:00",85.04000091552734,85.33999633789062,84.9800033569336,85.04000091552734,85.04000091552734,3385
"JBSS","John B. Sanfilippo & Son, Inc. - Common Stock","2021-11-23 11:30:00-05:00",85.03500366210938,85.18000030517578,84.9800033569336,85.18000030517578,85.18000030517578,2452
"JBSS","John B. Sanfilippo & Son, Inc. - Common Stock","2021-11-23 12:30:00-05:00",84.75,85.0,84.75,85.0,85.0,2491
"JBSS","John B. Sanfilippo & Son, Inc. - Common Stock","2021-11-23 13:30:00-05:00",85.0,85.41000366210938,84.94619750976562,85.41000366210938,85.41000366210938,3470
"JBSS","John B. Sanfilippo & Son, Inc. - Common Stock","2021-11-23 14:30:00-05:00",85.51619720458984,85.52999877929688,85.2699966430664,85.46499633789062,85.46499633789062,2546
"JBSS","John B. Sanfilippo & Son, Inc. - Common Stock","2021-11-23 15:30:00-05:00",85.66000366210938,85.93000030517578,85.5999984741211,85.5999984741211,85.5999984741211,5787
"JBSS","John B. Sanfilippo & Son, Inc. - Common Stock","2021-11-23 16:00:00-05:00",85.59,85.59,85.59,85.59,85.59,0
"JBSS","John B. Sanfilippo & Son, Inc. - Common Stock","2021-11-24 09:30:00-05:00",85.58999633789062,85.58999633789062,84.77999877929688,85.25499725341797,85.25499725341797,2244
"JBSS","John B. Sanfilippo & Son, Inc. - Common Stock","2021-11-24 11:30:00-05:00",85.07499694824219,85.25,85.07499694824219,85.0999984741211,85.0999984741211,886
"JBSS","John B. Sanfilippo & Son, Inc. - Common Stock","2021-11-24 12:30:00-05:00",85.36080169677734,85.41999816894531,85.19000244140625,85.19000244140625,85.19000244140625,2318
"JBSS","John B. Sanfilippo & Son, Inc. - Common Stock","2021-11-24 13:30:00-05:00",85.22450256347656,85.22450256347656,85.22450256347656,85.22450256347656,85.22450256347656,773
"JBSS","John B. Sanfilippo & Son, Inc. - Common Stock","2021-11-24 14:30:00-05:00",85.26000213623047,85.34500122070312,84.91999816894531,85.34500122070312,85.34500122070312,1421
"JBSS","John B. Sanfilippo & Son, Inc. - Common Stock","2021-11-24 15:30:00-05:00",85.23500061035156,85.61000061035156,85.08999633789062,85.56999969482422,85.56999969482422,3686
"JBSS","John B. Sanfilippo & Son, Inc. - Common Stock","2021-11-24 16:00:00-05:00",85.57,85.57,85.57,85.57,85.57,0
"JBSS","John B. Sanfilippo & Son, Inc. - Common Stock","2021-11-26 09:30:00-05:00",84.56999969482422,85.08999633789062,83.41999816894531,83.48999786376953,83.48999786376953,3771
"JBSS","John B. Sanfilippo & Son, Inc. - Common Stock","2021-11-26 10:30:00-05:00",83.61000061035156,83.66999816894531,83.0,83.50990295410156,83.50990295410156,4949
"JBSS","John B. Sanfilippo & Son, Inc. - Common Stock","2021-11-26 11:30:00-05:00",82.96499633789062,83.1500015258789,82.7300033569336,83.07099914550781,83.07099914550781,3885
"JBSS","John B. Sanfilippo & Son, Inc. - Common Stock","2021-11-26 13:00:00-05:00",82.91999816894531,83.11000061035156,82.83999633789062,82.91000366210938,82.91000366210938,0
"JBSS","John B. Sanfilippo & Son, Inc. - Common Stock","2021-11-29 08:00:00-05:00",82.91,82.91,82.91,82.91,82.91,0
"JBSS","John B. Sanfilippo & Son, Inc. - Common Stock","2021-11-29 09:30:00-05:00",83.62000274658203,83.97000122070312,83.57499694824219,83.94000244140625,83.94000244140625,3300
"JBSS","John B. Sanfilippo & Son, Inc. - Common Stock","2021-11-29 10:30:00-05:00",83.16999816894531,83.26000213623047,82.95999908447266,83.00779724121094,83.00779724121094,3291
"JBSS","John B. Sanfilippo & Son, Inc. - Common Stock","2021-11-29 11:30:00-05:00",83.22000122070312,83.56999969482422,83.22000122070312,83.56999969482422,83.56999969482422,1644
"JBSS","John B. Sanfilippo & Son, Inc. - Common Stock","2021-11-29 12:30:00-05:00",83.62000274658203,83.62000274658203,83.55000305175781,83.55999755859375,83.55999755859375,1226
"JBSS","John B. Sanfilippo & Son, Inc. - Common Stock","2021-11-29 13:30:00-05:00",83.56999969482422,83.56999969482422,83.23999786376953,83.23999786376953,83.23999786376953,2281
"JBSS","John B. Sanfilippo & Son, Inc. - Common Stock","2021-11-29 14:30:00-05:00",83.18000030517578,83.5199966430664,83.18000030517578,83.2699966430664,83.2699966430664,4180
"JBSS","John B. Sanfilippo & Son, Inc. - Common Stock","2021-11-29 15:30:00-05:00",83.38999938964844,83.55999755859375,82.93000030517578,83.30999755859375,83.30999755859375,6580
"JBSS","John B. Sanfilippo & Son, Inc. - Common Stock","2021-11-29 16:00:00-05:00",83.19,83.19,83.19,83.19,83.19,0
"JBSS","John B. Sanfilippo & Son, Inc. - Common Stock","2021-12-01 09:30:00-05:00",83.02999877929688,83.18000030517578,82.5999984741211,82.91000366210938,82.91000366210938,0
"JBSS","John B. Sanfilippo & Son, Inc. - Common Stock","2021-12-01 10:30:00-05:00",82.86000061035156,83.55999755859375,82.68000030517578,83.55999755859375,83.55999755859375,2687
"JBSS","John B. Sanfilippo & Son, Inc. - Common Stock","2021-12-01 11:30:00-05:00",83.51499938964844,83.61000061035156,83.33000183105469,83.47000122070312,83.47000122070312,3391
"JBSS","John B. Sanfilippo & Son, Inc. - Common Stock","2021-12-01 12:30:00-05:00",83.30000305175781,83.30000305175781,82.80999755859375,82.86000061035156,82.86000061035156,2507
"JBSS","John B. Sanfilippo & Son, Inc. - Common Stock","2021-12-01 13:30:00-05:00",82.55000305175781,82.87000274658203,82.2699966430664,82.87000274658203,82.87000274658203,2805
"JBSS","John B. Sanfilippo & Son, Inc. - Common Stock","2021-12-01 14:30:00-05:00",82.91999816894531,82.91999816894531,82.19999694824219,82.19999694824219,82.19999694824219,3209
"JBSS","John B. Sanfilippo & Son, Inc. - Common Stock","2021-12-01 15:30:00-05:00",82.16999816894531,82.48999786376953,81.66999816894531,81.83000183105469,81.83000183105469,6736
"JBSS","John B. Sanfilippo & Son, Inc. - Common Stock","2021-12-01 16:00:00-05:00",81.74,81.74,81.74,81.74,81.74,7493
"JBSS","John B. Sanfilippo & Son, Inc. - Common Stock","2021-12-01 17:00:00-05:00",81.74,81.74,81.74,81.74,81.74,0
"JBSS","John B. Sanfilippo & Son, Inc. - Common Stock","2021-12-02 09:30:00-05:00",82.0999984741211,82.94999694824219,81.93000030517578,82.70999908447266,82.70999908447266,5096
"JBSS","John B. Sanfilippo & Son, Inc. - Common Stock","2021-12-02 10:30:00-05:00",82.38500213623047,82.51499938964844,82.26000213623047,82.33000183105469,82.33000183105469,2678
"JBSS","John B. Sanfilippo & Son, Inc. - Common Stock","2021-12-02 11:30:00-05:00",82.37999725341797,82.52999877929688,82.25,82.37999725341797,82.37999725341797,3315
"JBSS","John B. Sanfilippo & Son, Inc. - Common Stock","2021-12-02 12:30:00-05:00",82.36000061035156,82.69999694824219,82.36000061035156,82.69999694824219,82.69999694824219,4727
"JBSS","John B. Sanfilippo & Son, Inc. - Common Stock","2021-12-02 13:30:00-05:00",82.86000061035156,83.23500061035156,82.86000061035156,83.2300033569336,83.2300033569336,2929
"JBSS","John B. Sanfilippo & Son, Inc. - Common Stock","2021-12-02 14:30:00-05:00",83.48999786376953,83.53189849853516,82.88999938964844,83.08999633789062,83.08999633789062,4062
"JBSS","John B. Sanfilippo & Son, Inc. - Common Stock","2021-12-02 15:30:00-05:00",83.20999908447266,83.37000274658203,83.01000213623047,83.12999725341797,83.12999725341797,4801
"JBSS","John B. Sanfilippo & Son, Inc. - Common Stock","2021-12-02 16:00:00-05:00",83.22,83.22,83.22,83.22,83.22,0
"JBSS","John B. Sanfilippo & Son, Inc. - Common Stock","2021-12-03 09:30:00-05:00",83.62000274658203,83.62000274658203,82.7322006225586,82.7322006225586,82.7322006225586,2060
"JBSS","John B. Sanfilippo & Son, Inc. - Common Stock","2021-12-03 10:30:00-05:00",83.58000183105469,83.66999816894531,83.0999984741211,83.66999816894531,83.66999816894531,4299
"JBSS","John B. Sanfilippo & Son, Inc. - Common Stock","2021-12-03 11:30:00-05:00",83.61000061035156,83.62000274658203,83.37000274658203,83.40399932861328,83.40399932861328,1552
"JBSS","John B. Sanfilippo & Son, Inc. - Common Stock","2021-12-03 12:30:00-05:00",83.44999694824219,83.61000061035156,83.44999694824219,83.61000061035156,83.61000061035156,1453
"JBSS","John B. Sanfilippo & Son, Inc. - Common Stock","2021-12-03 13:30:00-05:00",83.35009765625,83.44999694824219,83.25,83.25,83.25,1858
"JBSS","John B. Sanfilippo & Son, Inc. - Common Stock","2021-12-03 14:30:00-05:00",83.35800170898438,83.35800170898438,82.83000183105469,83.23999786376953,83.23999786376953,2660
"JBSS","John B. Sanfilippo & Son, Inc. - Common Stock","2021-12-03 15:30:00-05:00",83.1500015258789,83.30999755859375,82.87999725341797,83.11000061035156,83.11000061035156,2524
"JBSS","John B. Sanfilippo & Son, Inc. - Common Stock","2021-12-03 16:00:00-05:00",83.1,83.1,83.1,83.1,83.1,6367
"JBSS","John B. Sanfilippo & Son, Inc. - Common Stock","2021-12-03 18:00:00-05:00",83.1,83.1,83.1,83.1,83.1,0
"JBSS","John B. Sanfilippo & Son, Inc. - Common Stock","2021-12-06 09:30:00-05:00",83.68000030517578,85.47000122070312,83.68000030517578,85.47000122070312,85.47000122070312,7811
"JBSS","John B. Sanfilippo & Son, Inc. - Common Stock","2021-12-06 10:30:00-05:00",85.41000366210938,85.5199966430664,85.08999633789062,85.08999633789062,85.08999633789062,2318
"JBSS","John B. Sanfilippo & Son, Inc. - Common Stock","2021-12-06 11:30:00-05:00",85.08000183105469,85.08000183105469,84.7699966430664,84.7699966430664,84.7699966430664,1546
"JBSS","John B. Sanfilippo & Son, Inc. - Common Stock","2021-12-06 12:30:00-05:00",85.02999877929688,85.27999877929688,84.7300033569336,85.22000122070312,85.22000122070312,2775
"JBSS","John B. Sanfilippo & Son, Inc. - Common Stock","2021-12-06 13:30:00-05:00",85.26000213623047,85.30500030517578,85.0199966430664,85.12999725341797,85.12999725341797,2500
"JBSS","John B. Sanfilippo & Son, Inc. - Common Stock","2021-12-06 14:30:00-05:00",85.04000091552734,85.2157974243164,85.02999877929688,85.02999877929688,85.02999877929688,2117
"JBSS","John B. Sanfilippo & Son, Inc. - Common Stock","2021-12-06 15:30:00-05:00",84.97000122070312,85.0199966430664,84.76920318603516,85.0,85.0,4153
"JBSS","John B. Sanfilippo & Son, Inc. - Common Stock","2021-12-06 16:00:00-05:00",84.86,84.86,84.86,84.86,84.86,0
"JBSS","John B. Sanfilippo & Son, Inc. - Common Stock","2021-12-07 09:30:00-05:00",85.19000244140625,85.94999694824219,85.19000244140625,85.7750015258789,85.7750015258789,3697
"JBSS","John B. Sanfilippo & Son, Inc. - Common Stock","2021-12-07 10:30:00-05:00",85.94999694824219,86.23999786376953,85.94999694824219,86.1615982055664,86.1615982055664,3386
"JBSS","John B. Sanfilippo & Son, Inc. - Common Stock","2021-12-07 11:30:00-05:00",86.0199966430664,86.05500030517578,85.7300033569336,85.86000061035156,85.86000061035156,2530
"JBSS","John B. Sanfilippo & Son, Inc. - Common Stock","2021-12-07 12:30:00-05:00",85.9800033569336,86.04000091552734,85.94999694824219,85.95500183105469,85.95500183105469,1060
"JBSS","John B. Sanfilippo & Son, Inc. - Common Stock","2021-12-07 13:30:00-05:00",86.0999984741211,86.33000183105469,86.05000305175781,86.12000274658203,86.12000274658203,2988
"JBSS","John B. Sanfilippo & Son, Inc. - Common Stock","2021-12-07 14:30:00-05:00",86.12000274658203,86.48999786376953,86.06999969482422,86.16999816894531,86.16999816894531,3340
"JBSS","John B. Sanfilippo & Son, Inc. - Common Stock","2021-12-07 15:30:00-05:00",86.12000274658203,86.20999908447266,85.86000061035156,86.19999694824219,86.19999694824219,4595
"JBSS","John B. Sanfilippo & Son, Inc. - Common Stock","2021-12-07 16:00:00-05:00",85.79,85.79,85.79,85.79,85.79,3833
"JBSS","John B. Sanfilippo & Son, Inc. - Common Stock","2021-12-08 08:00:00-05:00",85.79,85.79,85.79,85.79,85.79,0
"JBSS","John B. Sanfilippo & Son, Inc. - Common Stock","2021-12-08 09:30:00-05:00",85.9000015258789,86.0999984741211,85.38999938964844,85.38999938964844,85.38999938964844,4234
"JBSS","John B. Sanfilippo & Son, Inc. - Common Stock","2021-12-08 10:30:00-05:00",85.30999755859375,85.30999755859375,84.87999725341797,84.87999725341797,84.87999725341797,2198
"JBSS","John B. Sanfilippo & Son, Inc. - Common Stock","2021-12-08 11:30:00-05:00",84.9000015258789,84.93990325927734,84.76000213623047,84.93990325927734,84.93990325927734,2867
"JBSS","John B. Sanfilippo & Son, Inc. - Common Stock","2021-12-08 12:30:00-05:00",84.93000030517578,84.93000030517578,84.93000030517578,84.93000030517578,84.93000030517578,274
"JBSS","John B. Sanfilippo & Son, Inc. - Common Stock","2021-12-08 13:30:00-05:00",85.20999908447266,85.54900360107422,85.19000244140625,85.54900360107422,85.54900360107422,14888
"JBSS","John B. Sanfilippo & Son, Inc. - Common Stock","2021-12-08 14:30:00-05:00",85.41999816894531,85.87000274658203,85.41999816894531,85.87000274658203,85.87000274658203,1739
"JBSS","John B. Sanfilippo & Son, Inc. - Common Stock","2021-12-08 15:30:00-05:00",85.7300033569336,85.94499969482422,85.16999816894531,85.47000122070312,85.47000122070312,6511
"JBSS","John B. Sanfilippo & Son, Inc. - Common Stock","2021-12-08 16:00:00-05:00",85.43,85.43,85.43,85.43,85.43,0
"JBSS","John B. Sanfilippo & Son, Inc. - Common Stock","2021-12-08 17:00:00-05:00",85.43,85.43,85.43,85.43,85.43,0
"JBSS","John B. Sanfilippo & Son, Inc. - Common Stock","2021-12-09 09:30:00-05:00",85.38999938964844,85.66000366210938,85.38999938964844,85.66000366210938,85.66000366210938,44304
"JBSS","John B. Sanfilippo & Son, Inc. - Common Stock","2021-12-09 10:30:00-05:00",85.77999877929688,85.77999877929688,85.30000305175781,85.68499755859375,85.68499755859375,984
"JBSS","John B. Sanfilippo & Son, Inc. - Common Stock","2021-12-09 11:30:00-05:00",85.63999938964844,85.63999938964844,85.63999938964844,85.63999938964844,85.63999938964844,1216
"JBSS","John B. Sanfilippo & Son, Inc. - Common Stock","2021-12-09 12:30:00-05:00",85.75,86.02999877929688,85.75,85.98999786376953,85.98999786376953,1171
"JBSS","John B. Sanfilippo & Son, Inc. - Common Stock","2021-12-09 13:30:00-05:00",86.08999633789062,86.08999633789062,86.08999633789062,86.08999633789062,86.08999633789062,669
"JBSS","John B. Sanfilippo & Son, Inc. - Common Stock","2021-12-09 14:30:00-05:00",86.11499786376953,86.5199966430664,85.87000274658203,86.1500015258789,86.1500015258789,2171
"JBSS","John B. Sanfilippo & Son, Inc. - Common Stock","2021-12-09 15:30:00-05:00",86.36000061035156,86.38999938964844,85.9000015258789,86.0,86.0,5534
"JBSS","John B. Sanfilippo & Son, Inc. - Common Stock","2021-12-09 16:00:00-05:00",86.02,86.02,86.02,86.02,86.02,0
"JBSS","John B. Sanfilippo & Son, Inc. - Common Stock","2021-12-09 17:00:00-05:00",86.02,86.02,86.02,86.02,86.02,0
"JBSS","John B. Sanfilippo & Son, Inc. - Common Stock","2021-12-10 09:30:00-05:00",86.55999755859375,87.48999786376953,86.55999755859375,87.48999786376953,87.48999786376953,4158
"JBSS","John B. Sanfilippo & Son, Inc. - Common Stock","2021-12-10 10:30:00-05:00",87.06809997558594,87.94000244140625,87.06809997558594,87.6500015258789,87.6500015258789,3615
"JBSS","John B. Sanfilippo & Son, Inc. - Common Stock","2021-12-10 11:30:00-05:00",87.63999938964844,87.94999694824219,87.63999938964844,87.93000030517578,87.93000030517578,2541
"JBSS","John B. Sanfilippo & Son, Inc. - Common Stock","2021-12-10 12:30:00-05:00",87.94999694824219,87.94999694824219,87.76190185546875,87.9000015258789,87.9000015258789,2730
"JBSS","John B. Sanfilippo & Son, Inc. - Common Stock","2021-12-10 13:30:00-05:00",87.91000366210938,88.25499725341797,87.72059631347656,88.12999725341797,88.12999725341797,7666
"JBSS","John B. Sanfilippo & Son, Inc. - Common Stock","2021-12-10 14:30:00-05:00",88.3550033569336,88.83000183105469,88.21009826660156,88.55000305175781,88.55000305175781,4983
"JBSS","John B. Sanfilippo & Son, Inc. - Common Stock","2021-12-10 15:30:00-05:00",88.58999633789062,88.68000030517578,88.125,88.2300033569336,88.2300033569336,7690
"JBSS","John B. Sanfilippo & Son, Inc. - Common Stock","2021-12-10 16:00:00-05:00",88.13,88.13,88.13,88.13,88.13,6964
"JBSS","John B. Sanfilippo & Son, Inc. - Common Stock","2021-12-10 17:00:00-05:00",88.13,88.13,88.13,88.13,88.13,0
"JBSS","John B. Sanfilippo & Son, Inc. - Common Stock","2021-12-13 09:30:00-05:00",88.12999725341797,88.41000366210938,87.69000244140625,88.1500015258789,88.1500015258789,2601
"JBSS","John B. Sanfilippo & Son, Inc. - Common Stock","2021-12-13 10:30:00-05:00",87.98999786376953,88.2699966430664,87.8499984741211,88.11000061035156,88.11000061035156,2514
"JBSS","John B. Sanfilippo & Son, Inc. - Common Stock","2021-12-13 11:30:00-05:00",88.23500061035156,88.47000122070312,88.11000061035156,88.20999908447266,88.20999908447266,1839
"JBSS","John B. Sanfilippo & Son, Inc. - Common Stock","2021-12-13 12:30:00-05:00",88.25,88.44000244140625,88.25,88.44000244140625,88.44000244140625,820
"JBSS","John B. Sanfilippo & Son, Inc. - Common Stock","2021-12-13 13:30:00-05:00",88.26000213623047,88.87999725341797,88.26000213623047,88.83499908447266,88.83499908447266,2254
"JBSS","John B. Sanfilippo & Son, Inc. - Common Stock","2021-12-13 14:30:00-05:00",88.78949737548828,89.0479965209961,88.78949737548828,88.9800033569336,88.9800033569336,2613
"JBSS","John B. Sanfilippo & Son, Inc. - Common Stock","2021-12-13 15:30:00-05:00",88.80999755859375,88.91999816894531,88.30999755859375,88.5199966430664,88.5199966430664,6811
"JBSS","John B. Sanfilippo & Son, Inc. - Common Stock","2021-12-13 16:00:00-05:00",88.3,90.0,88.3,90.0,90.0,0
"JBSS","John B. Sanfilippo & Son, Inc. - Common Stock","2021-12-14 09:30:00-05:00",88.30999755859375,89.27999877929688,88.30999755859375,89.27999877929688,89.27999877929688,5572
"JBSS","John B. Sanfilippo & Son, Inc. - Common Stock","2021-12-14 10:30:00-05:00",89.30000305175781,89.41999816894531,89.30000305175781,89.41999816894531,89.41999816894531,634
"JBSS","John B. Sanfilippo & Son, Inc. - Common Stock","2021-12-14 11:30:00-05:00",88.87000274658203,89.05999755859375,88.81999969482422,88.81999969482422,88.81999969482422,3122
"JBSS","John B. Sanfilippo & Son, Inc. - Common Stock","2021-12-14 12:30:00-05:00",88.4000015258789,88.95989990234375,88.4000015258789,88.55999755859375,88.55999755859375,2725
"JBSS","John B. Sanfilippo & Son, Inc. - Common Stock","2021-12-14 13:30:00-05:00",88.48999786376953,88.69999694824219,88.48999786376953,88.69999694824219,88.69999694824219,1225
"JBSS","John B. Sanfilippo & Son, Inc. - Common Stock","2021-12-14 14:30:00-05:00",88.5999984741211,88.5999984741211,88.5999984741211,88.5999984741211,88.5999984741211,531
"JBSS","John B. Sanfilippo & Son, Inc. - Common Stock","2021-12-14 15:30:00-05:00",88.81999969482422,88.81999969482422,88.13999938964844,88.13999938964844,88.13999938964844,6953
"JBSS","John B. Sanfilippo & Son, Inc. - Common Stock","2021-12-14 16:00:00-05:00",88.32,88.32,88.32,88.32,88.32,0
"JBSS","John B. Sanfilippo & Son, Inc. - Common Stock","2021-12-14 17:00:00-05:00",88.32,88.32,88.32,88.32,88.32,0
"JBSS","John B. Sanfilippo & Son, Inc. - Common Stock","2021-12-15 09:30:00-05:00",88.31529998779297,88.56999969482422,87.60009765625,87.60009765625,87.60009765625,2117
"JBSS","John B. Sanfilippo & Son, Inc. - Common Stock","2021-12-15 10:30:00-05:00",88.38999938964844,88.7699966430664,88.37999725341797,88.56340026855469,88.56340026855469,1272
"JBSS","John B. Sanfilippo & Son, Inc. - Common Stock","2021-12-15 11:30:00-05:00",88.80000305175781,89.25,88.80000305175781,89.25,89.25,2314
"JBSS","John B. Sanfilippo & Son, Inc. - Common Stock","2021-12-15 12:30:00-05:00",89.12000274658203,89.12000274658203,88.5,88.70999908447266,88.70999908447266,2554
"JBSS","John B. Sanfilippo & Son, Inc. - Common Stock","2021-12-15 13:30:00-05:00",88.94000244140625,89.62999725341797,88.5999984741211,88.94000244140625,88.94000244140625,7151
"JBSS","John B. Sanfilippo & Son, Inc. - Common Stock","2021-12-15 14:30:00-05:00",89.17500305175781,89.94000244140625,89.17500305175781,89.80999755859375,89.80999755859375,3798
"JBSS","John B. Sanfilippo & Son, Inc. - Common Stock","2021-12-15 15:30:00-05:00",89.75499725341797,90.05000305175781,89.33000183105469,89.86000061035156,89.86000061035156,12349
"JBSS","John B. Sanfilippo & Son, Inc. - Common Stock","2021-12-15 16:00:00-05:00",89.85,89.85,89.85,89.85,89.85,0
"JBSS","John B. Sanfilippo & Son, Inc. - Common Stock","2021-12-16 09:30:00-05:00",90.18000030517578,90.5199966430664,89.88999938964844,90.5199966430664,90.5199966430664,4723
"JBSS","John B. Sanfilippo & Son, Inc. - Common Stock","2021-12-16 10:30:00-05:00",90.75,90.84400177001952,90.31999969482422,90.4499969482422,90.4499969482422,7311
"JBSS","John B. Sanfilippo & Son, Inc. - Common Stock","2021-12-16 11:30:00-05:00",90.37000274658205,90.97599792480467,90.3000030517578,90.97599792480467,90.97599792480467,3804
"JBSS","John B. Sanfilippo & Son, Inc. - Common Stock","2021-12-16 12:30:00-05:00",90.88189697265624,90.88189697265624,90.02999877929688,90.06999969482422,90.06999969482422,4080
"JBSS","John B. Sanfilippo & Son, Inc. - Common Stock","2021-12-16 13:30:00-05:00",90.20999908447266,90.20999908447266,89.94000244140625,90.0999984741211,90.0999984741211,5375
"JBSS","John B. Sanfilippo & Son, Inc. - Common Stock","2021-12-16 14:30:00-05:00",90.01000213623047,90.0999984741211,89.5199966430664,89.76000213623047,89.76000213623047,16128
"JBSS","John B. Sanfilippo & Son, Inc. - Common Stock","2021-12-16 15:30:00-05:00",89.80000305175781,89.87000274658203,89.3499984741211,89.83000183105469,89.83000183105469,13255
"JBSS","John B. Sanfilippo & Son, Inc. - Common Stock","2021-12-16 16:00:00-05:00",89.67,89.67,89.67,89.67,89.67,0
"JBSS","John B. Sanfilippo & Son, Inc. - Common Stock","2021-12-17 09:30:00-05:00",89.95999908447266,90.5250015258789,89.73999786376953,90.36000061035156,90.36000061035156,13612
"JBSS","John B. Sanfilippo & Son, Inc. - Common Stock","2021-12-17 10:30:00-05:00",90.4000015258789,91.02999877929688,90.16000366210938,90.91000366210938,90.91000366210938,6116
"JBSS","John B. Sanfilippo & Son, Inc. - Common Stock","2021-12-17 11:30:00-05:00",90.91000366210938,91.86000061035156,90.7699966430664,91.86000061035156,91.86000061035156,13461
"JBSS","John B. Sanfilippo & Son, Inc. - Common Stock","2021-12-17 12:30:00-05:00",91.83000183105467,92.0999984741211,91.44000244140624,91.45999908447266,91.45999908447266,6773
"JBSS","John B. Sanfilippo & Son, Inc. - Common Stock","2021-12-17 13:30:00-05:00",91.4800033569336,91.7699966430664,91.4800033569336,91.5500030517578,91.5500030517578,7972
"JBSS","John B. Sanfilippo & Son, Inc. - Common Stock","2021-12-17 14:30:00-05:00",91.2300033569336,91.2300033569336,90.23500061035156,90.5,90.5,15259
"JBSS","John B. Sanfilippo & Son, Inc. - Common Stock","2021-12-17 15:30:00-05:00",90.52999877929688,90.52999877929688,88.20999908447266,88.44000244140625,88.44000244140625,42155
"JBSS","John B. Sanfilippo & Son, Inc. - Common Stock","2021-12-17 16:00:00-05:00",88.41,88.41,86.71,88.41,88.41,0
"JBSS","John B. Sanfilippo & Son, Inc. - Common Stock","2021-12-17 18:00:00-05:00",88.41,88.41,88.41,88.41,88.41,0
"JBSS","John B. Sanfilippo & Son, Inc. - Common Stock","2021-12-20 07:00:00-05:00",87.5,87.5,87.5,87.5,87.5,0
"JBSS","John B. Sanfilippo & Son, Inc. - Common Stock","2021-12-20 09:00:00-05:00",88.41,88.41,88.41,88.41,88.41,0
"JBSS","John B. Sanfilippo & Son, Inc. - Common Stock","2021-12-20 09:30:00-05:00",88.19999694824219,88.19999694824219,86.47010040283203,86.58000183105469,86.58000183105469,8922
"JBSS","John B. Sanfilippo & Son, Inc. - Common Stock","2021-12-20 10:30:00-05:00",86.70999908447266,87.23999786376953,86.5199966430664,87.22000122070312,87.22000122070312,4724
"JBSS","John B. Sanfilippo & Son, Inc. - Common Stock","2021-12-20 11:30:00-05:00",87.47000122070312,87.78990173339844,87.12999725341797,87.12999725341797,87.12999725341797,3656
"JBSS","John B. Sanfilippo & Son, Inc. - Common Stock","2021-12-20 12:30:00-05:00",86.79000091552734,86.97000122070312,86.6500015258789,86.7699966430664,86.7699966430664,4759
"JBSS","John B. Sanfilippo & Son, Inc. - Common Stock","2021-12-20 13:30:00-05:00",86.7300033569336,87.1500015258789,86.7300033569336,87.11000061035156,87.11000061035156,3878
"JBSS","John B. Sanfilippo & Son, Inc. - Common Stock","2021-12-20 14:30:00-05:00",87.04000091552734,87.55999755859375,87.04000091552734,87.55999755859375,87.55999755859375,7039
"JBSS","John B. Sanfilippo & Son, Inc. - Common Stock","2021-12-20 15:30:00-05:00",87.2699966430664,87.66999816894531,87.12999725341797,87.30999755859375,87.30999755859375,6604
"JBSS","John B. Sanfilippo & Son, Inc. - Common Stock","2021-12-20 16:00:00-05:00",87.65,87.65,87.65,87.65,87.65,6854
"JBSS","John B. Sanfilippo & Son, Inc. - Common Stock","2021-12-21 09:30:00-05:00",87.69999694824219,89.45999908447266,86.87999725341797,87.12999725341797,87.12999725341797,0
"JBSS","John B. Sanfilippo & Son, Inc. - Common Stock","2021-12-21 10:30:00-05:00",87.6500015258789,87.69999694824219,87.37000274658203,87.37000274658203,87.37000274658203,998
"JBSS","John B. Sanfilippo & Son, Inc. - Common Stock","2021-12-21 11:30:00-05:00",87.37000274658203,87.7699966430664,87.37000274658203,87.7699966430664,87.7699966430664,5237
"JBSS","John B. Sanfilippo & Son, Inc. - Common Stock","2021-12-21 12:30:00-05:00",87.79000091552734,87.9000015258789,87.64430236816406,87.9000015258789,87.9000015258789,983
"JBSS","John B. Sanfilippo & Son, Inc. - Common Stock","2021-12-21 13:30:00-05:00",87.80999755859375,88.05000305175781,87.69999694824219,88.05000305175781,88.05000305175781,3581
"JBSS","John B. Sanfilippo & Son, Inc. - Common Stock","2021-12-21 14:30:00-05:00",87.91000366210938,88.3949966430664,87.80999755859375,88.3949966430664,88.3949966430664,2762
"JBSS","John B. Sanfilippo & Son, Inc. - Common Stock","2021-12-21 15:30:00-05:00",88.24500274658203,88.37000274658203,88.12000274658203,88.2699966430664,88.2699966430664,3601
"JBSS","John B. Sanfilippo & Son, Inc. - Common Stock","2021-12-21 16:00:00-05:00",88.07,88.07,88.07,88.07,88.07,0
"JBSS","John B. Sanfilippo & Son, Inc. - Common Stock","2021-12-22 09:30:00-05:00",88.2699966430664,88.74500274658203,87.5999984741211,87.66000366210938,87.66000366210938,7692
"JBSS","John B. Sanfilippo & Son, Inc. - Common Stock","2021-12-22 10:30:00-05:00",87.93000030517578,88.61689758300781,87.93000030517578,88.61689758300781,88.61689758300781,556
"JBSS","John B. Sanfilippo & Son, Inc. - Common Stock","2021-12-22 11:30:00-05:00",88.68000030517578,88.76000213623047,88.68000030517578,88.70999908447266,88.70999908447266,673
"JBSS","John B. Sanfilippo & Son, Inc. - Common Stock","2021-12-22 12:30:00-05:00",88.4800033569336,88.85050201416016,88.43000030517578,88.85050201416016,88.85050201416016,1729
"JBSS","John B. Sanfilippo & Son, Inc. - Common Stock","2021-12-22 13:30:00-05:00",88.73320007324219,89.16999816894531,88.68000030517578,88.87999725341797,88.87999725341797,4131
"JBSS","John B. Sanfilippo & Son, Inc. - Common Stock","2021-12-22 14:30:00-05:00",88.75,88.91999816894531,88.75,88.91999816894531,88.91999816894531,1821
"JBSS","John B. Sanfilippo & Son, Inc. - Common Stock","2021-12-22 15:30:00-05:00",88.97000122070312,89.12000274658203,88.81999969482422,89.12000274658203,89.12000274658203,4315
"JBSS","John B. Sanfilippo & Son, Inc. - Common Stock","2021-12-22 16:00:00-05:00",89.11,89.11,89.11,89.11,89.11,3829
"JBSS","John B. Sanfilippo & Son, Inc. - Common Stock","2021-12-22 17:00:00-05:00",92.05,92.05,92.05,92.05,92.05,0
"JBSS","John B. Sanfilippo & Son, Inc. - Common Stock","2021-12-23 09:30:00-05:00",89.45999908447266,89.48999786376953,89.125,89.2750015258789,89.2750015258789,2107
"JBSS","John B. Sanfilippo & Son, Inc. - Common Stock","2021-12-23 10:30:00-05:00",89.13999938964844,89.13999938964844,89.13999938964844,89.13999938964844,89.13999938964844,274
"JBSS","John B. Sanfilippo & Son, Inc. - Common Stock","2021-12-23 11:30:00-05:00",89.0,89.41000366210938,89.0,89.41000366210938,89.41000366210938,716
"JBSS","John B. Sanfilippo & Son, Inc. - Common Stock","2021-12-23 12:30:00-05:00",89.30989837646484,89.30989837646484,89.30989837646484,89.30989837646484,89.30989837646484,497
"JBSS","John B. Sanfilippo & Son, Inc. - Common Stock","2021-12-23 13:30:00-05:00",89.12999725341797,89.18000030517578,88.93000030517578,89.18000030517578,89.18000030517578,1104
"JBSS","John B. Sanfilippo & Son, Inc. - Common Stock","2021-12-23 14:30:00-05:00",89.27999877929688,89.81999969482422,89.19999694824219,89.66000366210938,89.66000366210938,2984
"JBSS","John B. Sanfilippo & Son, Inc. - Common Stock","2021-12-23 15:30:00-05:00",89.41000366210938,89.41000366210938,88.95999908447266,88.95999908447266,88.95999908447266,2580
"JBSS","John B. Sanfilippo & Son, Inc. - Common Stock","2021-12-23 16:00:00-05:00",89.32,89.32,89.32,89.32,89.32,2577
"JBSS","John B. Sanfilippo & Son, Inc. - Common Stock","2021-12-23 17:00:00-05:00",89.32,89.32,89.32,89.32,89.32,0
"JBSS","John B. Sanfilippo & Son, Inc. - Common Stock","2021-12-23 18:00:00-05:00",92.05,92.05,92.05,92.05,92.05,0
"JBSS","John B. Sanfilippo & Son, Inc. - Common Stock","2021-12-27 09:30:00-05:00",89.51000213623047,89.94999694824219,88.80249786376953,88.88999938964844,88.88999938964844,1357
"JBSS","John B. Sanfilippo & Son, Inc. - Common Stock","2021-12-27 10:30:00-05:00",89.0,89.33999633789062,89.0,89.33999633789062,89.33999633789062,646
"JBSS","John B. Sanfilippo & Son, Inc. - Common Stock","2021-12-27 11:30:00-05:00",88.95999908447266,89.16000366210938,88.95999908447266,89.02999877929688,89.02999877929688,1260
"JBSS","John B. Sanfilippo & Son, Inc. - Common Stock","2021-12-27 12:30:00-05:00",89.30999755859375,89.3499984741211,89.30999755859375,89.3499984741211,89.3499984741211,576
"JBSS","John B. Sanfilippo & Son, Inc. - Common Stock","2021-12-27 13:30:00-05:00",89.26000213623047,89.26000213623047,89.26000213623047,89.26000213623047,89.26000213623047,108
"JBSS","John B. Sanfilippo & Son, Inc. - Common Stock","2021-12-27 14:30:00-05:00",89.48999786376953,89.6500015258789,89.48999786376953,89.6500015258789,89.6500015258789,1101
"JBSS","John B. Sanfilippo & Son, Inc. - Common Stock","2021-12-27 15:30:00-05:00",89.44000244140625,89.66999816894531,89.26000213623047,89.26000213623047,89.26000213623047,6375
"JBSS","John B. Sanfilippo & Son, Inc. - Common Stock","2021-12-27 16:00:00-05:00",89.34,89.34,89.34,89.34,89.34,0
"JBSS","John B. Sanfilippo & Son, Inc. - Common Stock","2021-12-28 09:30:00-05:00",89.23999786376953,89.23999786376953,89.05000305175781,89.05000305175781,89.05000305175781,1134
"JBSS","John B. Sanfilippo & Son, Inc. - Common Stock","2021-12-28 10:30:00-05:00",89.72000122070312,89.94999694824219,89.69999694824219,89.94999694824219,89.94999694824219,1240
"JBSS","John B. Sanfilippo & Son, Inc. - Common Stock","2021-12-28 11:30:00-05:00",89.79499816894531,89.8499984741211,89.79499816894531,89.8499984741211,89.8499984741211,1480
"JBSS","John B. Sanfilippo & Son, Inc. - Common Stock","2021-12-28 12:30:00-05:00",89.73999786376953,90.13990020751952,89.73999786376953,89.8499984741211,89.8499984741211,2486
"JBSS","John B. Sanfilippo & Son, Inc. - Common Stock","2021-12-28 13:30:00-05:00",90.2699966430664,90.31999969482422,90.04000091552734,90.16500091552734,90.16500091552734,1889
"JBSS","John B. Sanfilippo & Son, Inc. - Common Stock","2021-12-28 14:30:00-05:00",90.27999877929688,90.70999908447266,90.08899688720705,90.11000061035156,90.11000061035156,3102
"JBSS","John B. Sanfilippo & Son, Inc. - Common Stock","2021-12-28 15:30:00-05:00",90.08000183105467,90.2699966430664,89.72000122070312,90.12000274658205,90.12000274658205,5494
"JBSS","John B. Sanfilippo & Son, Inc. - Common Stock","2021-12-28 16:00:00-05:00",90.3,90.3,90.3,90.3,90.3,3827
"JBSS","John B. Sanfilippo & Son, Inc. - Common Stock","2021-12-29 09:30:00-05:00",89.39250183105469,89.39250183105469,89.1500015258789,89.1500015258789,89.1500015258789,0
"JBSS","John B. Sanfilippo & Son, Inc. - Common Stock","2021-12-29 10:30:00-05:00",89.9000015258789,89.9000015258789,89.9000015258789,89.9000015258789,89.9000015258789,384
"JBSS","John B. Sanfilippo & Son, Inc. - Common Stock","2021-12-29 11:30:00-05:00",90.05000305175781,90.43000030517578,90.05000305175781,90.41000366210938,90.41000366210938,2265
"JBSS","John B. Sanfilippo & Son, Inc. - Common Stock","2021-12-29 12:30:00-05:00",90.47000122070312,90.47000122070312,90.22599792480467,90.22599792480467,90.22599792480467,1044
"JBSS","John B. Sanfilippo & Son, Inc. - Common Stock","2021-12-29 13:30:00-05:00",90.08999633789062,90.27999877929688,90.05000305175781,90.20999908447266,90.20999908447266,2064
"JBSS","John B. Sanfilippo & Son, Inc. - Common Stock","2021-12-29 14:30:00-05:00",89.98999786376953,90.12999725341795,89.77999877929688,90.12999725341795,90.12999725341795,4016
"JBSS","John B. Sanfilippo & Son, Inc. - Common Stock","2021-12-29 15:30:00-05:00",90.0999984741211,90.22000122070312,89.77999877929688,89.94000244140625,89.94000244140625,3441
"JBSS","John B. Sanfilippo & Son, Inc. - Common Stock","2021-12-29 16:00:00-05:00",90.1,90.1,90.1,90.1,90.1,2462
"JBSS","John B. Sanfilippo & Son, Inc. - Common Stock","2021-12-30 09:30:00-05:00",89.93000030517578,89.93000030517578,89.93000030517578,89.93000030517578,89.93000030517578,0
"JBSS","John B. Sanfilippo & Son, Inc. - Common Stock","2021-12-30 10:30:00-05:00",89.98190307617188,89.98190307617188,89.8499984741211,89.97000122070312,89.97000122070312,463
"JBSS","John B. Sanfilippo & Son, Inc. - Common Stock","2021-12-30 11:30:00-05:00",90.08999633789062,90.08999633789062,89.5199966430664,89.5199966430664,89.5199966430664,1744
"JBSS","John B. Sanfilippo & Son, Inc. - Common Stock","2021-12-30 12:30:00-05:00",89.44999694824219,89.62000274658203,89.44999694824219,89.55999755859375,89.55999755859375,886
"JBSS","John B. Sanfilippo & Son, Inc. - Common Stock","2021-12-30 13:30:00-05:00",89.66999816894531,89.73999786376953,89.58999633789062,89.73999786376953,89.73999786376953,1265
"JBSS","John B. Sanfilippo & Son, Inc. - Common Stock","2021-12-30 14:30:00-05:00",89.63999938964844,89.87000274658203,89.63999938964844,89.83999633789062,89.83999633789062,1422
"JBSS","John B. Sanfilippo & Son, Inc. - Common Stock","2021-12-30 15:30:00-05:00",89.7300033569336,89.777099609375,89.37999725341797,89.37999725341797,89.37999725341797,4070
"JBSS","John B. Sanfilippo & Son, Inc. - Common Stock","2021-12-30 16:00:00-05:00",89.63,89.63,89.63,89.63,89.63,3455
