"ticker","name","date","open","high","low","close","adjusted close","volume"
"PRGS","Progress Software Corporation - Common Stock","2021-01-04 09:30:00-05:00",45.29999923706055,45.47499847412109,44.95500183105469,45.130001068115234,45.130001068115234,0
"PRGS","Progress Software Corporation - Common Stock","2021-01-04 10:30:00-05:00",45.130001068115234,45.13999938964844,43.97999954223633,44.18999862670898,44.18999862670898,29071
"PRGS","Progress Software Corporation - Common Stock","2021-01-04 11:30:00-05:00",44.19499969482422,44.40999984741211,43.8130989074707,44.02999877929688,44.02999877929688,35157
"PRGS","Progress Software Corporation - Common Stock","2021-01-04 12:30:00-05:00",43.970001220703125,44.5,43.72999954223633,44.400001525878906,44.400001525878906,21449
"PRGS","Progress Software Corporation - Common Stock","2021-01-04 13:30:00-05:00",44.34000015258789,44.459999084472656,44.18999862670898,44.33000183105469,44.33000183105469,12714
"PRGS","Progress Software Corporation - Common Stock","2021-01-04 14:30:00-05:00",44.33000183105469,44.380001068115234,44.15999984741211,44.209999084472656,44.209999084472656,21806
"PRGS","Progress Software Corporation - Common Stock","2021-01-04 15:30:00-05:00",44.20000076293945,44.52999877929688,44.20000076293945,44.4900016784668,44.4900016784668,44628
"PRGS","Progress Software Corporation - Common Stock","2021-01-04 16:00:00-05:00",44.49,44.49,44.3927,44.49,44.49,0
"PRGS","Progress Software Corporation - Common Stock","2021-01-05 09:30:00-05:00",44.7400016784668,44.900001525878906,43.369998931884766,44.560001373291016,44.560001373291016,20880
"PRGS","Progress Software Corporation - Common Stock","2021-01-05 10:30:00-05:00",44.5099983215332,44.79999923706055,44.459999084472656,44.79999923706055,44.79999923706055,10464
"PRGS","Progress Software Corporation - Common Stock","2021-01-05 11:30:00-05:00",44.900001525878906,44.93939971923828,44.7599983215332,44.7599983215332,44.7599983215332,13821
"PRGS","Progress Software Corporation - Common Stock","2021-01-05 12:30:00-05:00",44.7599983215332,44.95000076293945,44.68999862670898,44.95000076293945,44.95000076293945,12937
"PRGS","Progress Software Corporation - Common Stock","2021-01-05 13:30:00-05:00",44.93000030517578,45.18999862670898,44.900001525878906,45.16999816894531,45.16999816894531,15450
"PRGS","Progress Software Corporation - Common Stock","2021-01-05 14:30:00-05:00",45.18999862670898,45.310001373291016,45.130001068115234,45.13999938964844,45.13999938964844,18780
"PRGS","Progress Software Corporation - Common Stock","2021-01-05 15:30:00-05:00",45.13999938964844,45.16999816894531,44.91999816894531,44.93000030517578,44.93000030517578,40987
"PRGS","Progress Software Corporation - Common Stock","2021-01-05 16:00:00-05:00",44.93,44.9454,44.929,44.93,44.93,0
"PRGS","Progress Software Corporation - Common Stock","2021-01-05 17:00:00-05:00",44.93,44.93,44.93,44.93,44.93,0
"PRGS","Progress Software Corporation - Common Stock","2021-01-06 09:30:00-05:00",45.060001373291016,45.79999923706055,44.79999923706055,45.54999923706055,45.54999923706055,30337
"PRGS","Progress Software Corporation - Common Stock","2021-01-06 10:30:00-05:00",45.46500015258789,45.61000061035156,45.375,45.61000061035156,45.61000061035156,20895
"PRGS","Progress Software Corporation - Common Stock","2021-01-06 11:30:00-05:00",45.59000015258789,46.209999084472656,45.59000015258789,46.13999938964844,46.13999938964844,27835
"PRGS","Progress Software Corporation - Common Stock","2021-01-06 12:30:00-05:00",46.150001525878906,46.22999954223633,46.04999923706055,46.18000030517578,46.18000030517578,17618
"PRGS","Progress Software Corporation - Common Stock","2021-01-06 13:30:00-05:00",46.18999862670898,47.54999923706055,46.13090133666992,47.0099983215332,47.0099983215332,165998
"PRGS","Progress Software Corporation - Common Stock","2021-01-06 14:30:00-05:00",46.93000030517578,47.150001525878906,46.4900016784668,47.150001525878906,47.150001525878906,52975
"PRGS","Progress Software Corporation - Common Stock","2021-01-06 15:30:00-05:00",47.11000061035156,47.415000915527344,46.90999984741211,47.20000076293945,47.20000076293945,133985
"PRGS","Progress Software Corporation - Common Stock","2021-01-06 16:00:00-05:00",47.16,47.16,47.1591,47.1591,47.1591,0
"PRGS","Progress Software Corporation - Common Stock","2021-01-07 09:30:00-05:00",47.16999816894531,47.43999862670898,46.86000061035156,47.132598876953125,47.132598876953125,22389
"PRGS","Progress Software Corporation - Common Stock","2021-01-07 10:30:00-05:00",47.09000015258789,47.165000915527344,46.720001220703125,46.83000183105469,46.83000183105469,18000
"PRGS","Progress Software Corporation - Common Stock","2021-01-07 11:30:00-05:00",46.84000015258789,46.9900016784668,46.790000915527344,46.959999084472656,46.959999084472656,16607
"PRGS","Progress Software Corporation - Common Stock","2021-01-07 12:30:00-05:00",47.0099983215332,47.02999877929688,46.755001068115234,46.755001068115234,46.755001068115234,12403
"PRGS","Progress Software Corporation - Common Stock","2021-01-07 13:30:00-05:00",46.79999923706055,46.93999862670898,46.79999923706055,46.79999923706055,46.79999923706055,11840
"PRGS","Progress Software Corporation - Common Stock","2021-01-07 14:30:00-05:00",46.77000045776367,47.08000183105469,46.77000045776367,47.04999923706055,47.04999923706055,24395
"PRGS","Progress Software Corporation - Common Stock","2021-01-07 15:30:00-05:00",47.060001373291016,47.400001525878906,47.02899932861328,47.27999877929688,47.27999877929688,45213
"PRGS","Progress Software Corporation - Common Stock","2021-01-07 16:00:00-05:00",47.24,47.24,47.24,47.24,47.24,0
"PRGS","Progress Software Corporation - Common Stock","2021-01-08 09:30:00-05:00",47.18000030517578,48.0,46.959999084472656,47.380001068115234,47.380001068115234,26697
"PRGS","Progress Software Corporation - Common Stock","2021-01-08 10:30:00-05:00",47.33000183105469,47.75,47.29999923706055,47.400001525878906,47.400001525878906,21672
"PRGS","Progress Software Corporation - Common Stock","2021-01-08 11:30:00-05:00",47.369998931884766,47.5,47.040000915527344,47.40999984741211,47.40999984741211,19481
"PRGS","Progress Software Corporation - Common Stock","2021-01-08 12:30:00-05:00",47.40499877929688,47.43000030517578,47.0099983215332,47.08000183105469,47.08000183105469,19374
"PRGS","Progress Software Corporation - Common Stock","2021-01-08 13:30:00-05:00",47.06499862670898,47.09000015258789,46.900001525878906,47.09000015258789,47.09000015258789,22862
"PRGS","Progress Software Corporation - Common Stock","2021-01-08 14:30:00-05:00",47.09000015258789,47.380001068115234,46.90999984741211,47.1349983215332,47.1349983215332,28900
"PRGS","Progress Software Corporation - Common Stock","2021-01-08 15:30:00-05:00",47.11000061035156,47.380001068115234,47.09999847412109,47.31999969482422,47.31999969482422,44719
"PRGS","Progress Software Corporation - Common Stock","2021-01-08 16:00:00-05:00",47.31,47.31,47.31,47.31,47.31,0
"PRGS","Progress Software Corporation - Common Stock","2021-01-11 09:30:00-05:00",47.15999984741211,47.88999938964844,46.790000915527344,47.40499877929688,47.40499877929688,67677
"PRGS","Progress Software Corporation - Common Stock","2021-01-11 10:30:00-05:00",47.40499877929688,47.40499877929688,46.880001068115234,47.12099838256836,47.12099838256836,24984
"PRGS","Progress Software Corporation - Common Stock","2021-01-11 11:30:00-05:00",47.209999084472656,47.310001373291016,46.9900016784668,47.2400016784668,47.2400016784668,17144
"PRGS","Progress Software Corporation - Common Stock","2021-01-11 12:30:00-05:00",47.2599983215332,47.459999084472656,47.25,47.380001068115234,47.380001068115234,14363
"PRGS","Progress Software Corporation - Common Stock","2021-01-11 13:30:00-05:00",47.38999938964844,47.459999084472656,47.29999923706055,47.310001373291016,47.310001373291016,25210
"PRGS","Progress Software Corporation - Common Stock","2021-01-11 14:30:00-05:00",47.29999923706055,47.380001068115234,47.09000015258789,47.18999862670898,47.18999862670898,23208
"PRGS","Progress Software Corporation - Common Stock","2021-01-11 15:30:00-05:00",47.20000076293945,47.51499938964844,47.19499969482422,47.369998931884766,47.369998931884766,49739
"PRGS","Progress Software Corporation - Common Stock","2021-01-11 16:00:00-05:00",47.37,47.37,47.37,47.37,47.37,0
"PRGS","Progress Software Corporation - Common Stock","2021-01-12 09:00:00-05:00",47.74,47.85,47.65,47.65,47.65,0
"PRGS","Progress Software Corporation - Common Stock","2021-01-12 09:30:00-05:00",48.25,48.7400016784668,47.220001220703125,47.61000061035156,47.61000061035156,48432
"PRGS","Progress Software Corporation - Common Stock","2021-01-12 10:30:00-05:00",47.619998931884766,47.71500015258789,47.209999084472656,47.380001068115234,47.380001068115234,34457
"PRGS","Progress Software Corporation - Common Stock","2021-01-12 11:30:00-05:00",47.400001525878906,47.709999084472656,47.334999084472656,47.65999984741211,47.65999984741211,26839
"PRGS","Progress Software Corporation - Common Stock","2021-01-12 12:30:00-05:00",47.72499847412109,47.744998931884766,47.619998931884766,47.65999984741211,47.65999984741211,15113
"PRGS","Progress Software Corporation - Common Stock","2021-01-12 13:30:00-05:00",47.650001525878906,47.77999877929688,47.59000015258789,47.665000915527344,47.665000915527344,20247
"PRGS","Progress Software Corporation - Common Stock","2021-01-12 14:30:00-05:00",47.68999862670898,47.77000045776367,47.58000183105469,47.77000045776367,47.77000045776367,28826
"PRGS","Progress Software Corporation - Common Stock","2021-01-12 15:30:00-05:00",47.77000045776367,47.77000045776367,47.59000015258789,47.709999084472656,47.709999084472656,45397
"PRGS","Progress Software Corporation - Common Stock","2021-01-12 16:00:00-05:00",47.7,47.7,47.7,47.7,47.7,0
"PRGS","Progress Software Corporation - Common Stock","2021-01-12 17:00:00-05:00",47.7,47.7,47.7,47.7,47.7,0
"PRGS","Progress Software Corporation - Common Stock","2021-01-13 09:30:00-05:00",47.81999969482422,47.81999969482422,47.25,47.43000030517578,47.43000030517578,51048
"PRGS","Progress Software Corporation - Common Stock","2021-01-13 10:30:00-05:00",47.40999984741211,47.560001373291016,47.29499816894531,47.435001373291016,47.435001373291016,27750
"PRGS","Progress Software Corporation - Common Stock","2021-01-13 11:30:00-05:00",47.4900016784668,47.540000915527344,47.30500030517578,47.4900016784668,47.4900016784668,23505
"PRGS","Progress Software Corporation - Common Stock","2021-01-13 12:30:00-05:00",47.4900016784668,47.61000061035156,47.29999923706055,47.400001525878906,47.400001525878906,38022
"PRGS","Progress Software Corporation - Common Stock","2021-01-13 13:30:00-05:00",47.459999084472656,47.5099983215332,47.2400016784668,47.40999984741211,47.40999984741211,31539
"PRGS","Progress Software Corporation - Common Stock","2021-01-13 14:30:00-05:00",47.36000061035156,47.43000030517578,47.130001068115234,47.185001373291016,47.185001373291016,36329
"PRGS","Progress Software Corporation - Common Stock","2021-01-13 15:30:00-05:00",47.185001373291016,47.61000061035156,47.18000030517578,47.43999862670898,47.43999862670898,71326
"PRGS","Progress Software Corporation - Common Stock","2021-01-13 16:00:00-05:00",47.47,47.47,47.47,47.47,47.47,0
"PRGS","Progress Software Corporation - Common Stock","2021-01-14 09:00:00-05:00",47.6,48.5,47.6,48.5,48.5,0
"PRGS","Progress Software Corporation - Common Stock","2021-01-14 09:30:00-05:00",47.95000076293945,48.720001220703125,47.63669967651367,48.65999984741211,48.65999984741211,80298
"PRGS","Progress Software Corporation - Common Stock","2021-01-14 10:30:00-05:00",48.65999984741211,49.04999923706055,48.42499923706055,48.58000183105469,48.58000183105469,52514
"PRGS","Progress Software Corporation - Common Stock","2021-01-14 11:30:00-05:00",48.619998931884766,48.85490036010742,48.5,48.630001068115234,48.630001068115234,44480
"PRGS","Progress Software Corporation - Common Stock","2021-01-14 12:30:00-05:00",48.619998931884766,48.720001220703125,48.43999862670898,48.52999877929688,48.52999877929688,27976
"PRGS","Progress Software Corporation - Common Stock","2021-01-14 13:30:00-05:00",48.53839874267578,48.83000183105469,48.380001068115234,48.744998931884766,48.744998931884766,47540
"PRGS","Progress Software Corporation - Common Stock","2021-01-14 14:30:00-05:00",48.744998931884766,49.150001525878906,48.744998931884766,48.970001220703125,48.970001220703125,117405
"PRGS","Progress Software Corporation - Common Stock","2021-01-14 15:30:00-05:00",49.0,49.22999954223633,48.560001373291016,48.84000015258789,48.84000015258789,195513
"PRGS","Progress Software Corporation - Common Stock","2021-01-14 16:00:00-05:00",48.81,50.86,47.0,47.35,47.35,0
"PRGS","Progress Software Corporation - Common Stock","2021-01-14 17:00:00-05:00",47.26,48.81,47.25,47.79,47.79,0
"PRGS","Progress Software Corporation - Common Stock","2021-01-14 18:00:00-05:00",47.79,47.79,47.75,47.78,47.78,0
"PRGS","Progress Software Corporation - Common Stock","2021-01-15 07:00:00-05:00",48.41,48.41,48.24,48.41,48.41,0
"PRGS","Progress Software Corporation - Common Stock","2021-01-15 08:00:00-05:00",47.8,47.8,47.0,47.5,47.5,0
"PRGS","Progress Software Corporation - Common Stock","2021-01-15 09:30:00-05:00",47.2400016784668,47.970001220703125,44.59999847412109,44.88999938964844,44.88999938964844,232728
"PRGS","Progress Software Corporation - Common Stock","2021-01-15 10:30:00-05:00",44.77000045776367,45.02999877929688,43.7599983215332,44.06999969482422,44.06999969482422,136255
"PRGS","Progress Software Corporation - Common Stock","2021-01-15 11:30:00-05:00",44.11000061035156,44.33869934082031,43.81999969482422,43.98500061035156,43.98500061035156,109539
"PRGS","Progress Software Corporation - Common Stock","2021-01-15 12:30:00-05:00",43.970001220703125,44.369998931884766,43.93000030517578,44.21500015258789,44.21500015258789,70522
"PRGS","Progress Software Corporation - Common Stock","2021-01-15 13:30:00-05:00",44.209999084472656,44.61000061035156,44.150001525878906,44.20500183105469,44.20500183105469,111337
"PRGS","Progress Software Corporation - Common Stock","2021-01-15 14:30:00-05:00",44.20500183105469,44.41999816894531,44.02000045776367,44.15999984741211,44.15999984741211,99224
"PRGS","Progress Software Corporation - Common Stock","2021-01-15 15:30:00-05:00",44.165000915527344,44.55500030517578,44.02999877929688,44.13999938964844,44.13999938964844,236039
"PRGS","Progress Software Corporation - Common Stock","2021-01-15 16:00:00-05:00",44.14,44.55,44.14,44.14,44.14,0
"PRGS","Progress Software Corporation - Common Stock","2021-01-15 17:00:00-05:00",44.14,44.22,44.14,44.19,44.19,0
"PRGS","Progress Software Corporation - Common Stock","2021-01-15 18:00:00-05:00",44.39,44.39,44.19,44.19,44.19,0
"PRGS","Progress Software Corporation - Common Stock","2021-01-19 07:00:00-05:00",44.21,44.21,44.01,44.04,44.04,0
"PRGS","Progress Software Corporation - Common Stock","2021-01-19 08:00:00-05:00",43.99,44.05,43.98,44.01,44.01,0
"PRGS","Progress Software Corporation - Common Stock","2021-01-19 09:30:00-05:00",44.20000076293945,44.31999969482422,42.31999969482422,42.52000045776367,42.52000045776367,148748
"PRGS","Progress Software Corporation - Common Stock","2021-01-19 10:30:00-05:00",42.52999877929688,42.959999084472656,42.220001220703125,42.59999847412109,42.59999847412109,77353
"PRGS","Progress Software Corporation - Common Stock","2021-01-19 11:30:00-05:00",42.61000061035156,43.43000030517578,42.61000061035156,43.290000915527344,43.290000915527344,120683
"PRGS","Progress Software Corporation - Common Stock","2021-01-19 12:30:00-05:00",43.310001373291016,43.34000015258789,42.90999984741211,43.09000015258789,43.09000015258789,63221
"PRGS","Progress Software Corporation - Common Stock","2021-01-19 13:30:00-05:00",43.070098876953125,43.09000015258789,42.81999969482422,42.88999938964844,42.88999938964844,68729
"PRGS","Progress Software Corporation - Common Stock","2021-01-19 14:30:00-05:00",42.8849983215332,43.040000915527344,42.70000076293945,42.97999954223633,42.97999954223633,85128
"PRGS","Progress Software Corporation - Common Stock","2021-01-19 15:30:00-05:00",42.9900016784668,43.060001373291016,42.40999984741211,42.59999847412109,42.59999847412109,142658
"PRGS","Progress Software Corporation - Common Stock","2021-01-19 16:00:00-05:00",42.605,42.605,42.6,42.6,42.6,0
"PRGS","Progress Software Corporation - Common Stock","2021-01-19 17:00:00-05:00",42.605,42.605,42.605,42.605,42.605,0
"PRGS","Progress Software Corporation - Common Stock","2021-01-20 09:30:00-05:00",42.93999862670898,43.33000183105469,42.709999084472656,42.93999862670898,42.93999862670898,67699
"PRGS","Progress Software Corporation - Common Stock","2021-01-20 10:30:00-05:00",42.900001525878906,43.06999969482422,42.4900016784668,42.494998931884766,42.494998931884766,79707
"PRGS","Progress Software Corporation - Common Stock","2021-01-20 11:30:00-05:00",42.470001220703125,42.81999969482422,42.43999862670898,42.470001220703125,42.470001220703125,52161
"PRGS","Progress Software Corporation - Common Stock","2021-01-20 12:30:00-05:00",42.47999954223633,42.60499954223633,42.380001068115234,42.380001068115234,42.380001068115234,54158
"PRGS","Progress Software Corporation - Common Stock","2021-01-20 13:30:00-05:00",42.34999847412109,42.34999847412109,41.84999847412109,41.89500045776367,41.89500045776367,55594
"PRGS","Progress Software Corporation - Common Stock","2021-01-20 14:30:00-05:00",41.85499954223633,42.060001373291016,41.68040084838867,41.68040084838867,41.68040084838867,47823
"PRGS","Progress Software Corporation - Common Stock","2021-01-20 15:30:00-05:00",41.66999816894531,42.119998931884766,41.66999816894531,41.86000061035156,41.86000061035156,98391
"PRGS","Progress Software Corporation - Common Stock","2021-01-20 16:00:00-05:00",41.85,41.85,41.8492,41.8492,41.8492,0
"PRGS","Progress Software Corporation - Common Stock","2021-01-21 07:00:00-05:00",41.9,41.9,41.9,41.9,41.9,0
"PRGS","Progress Software Corporation - Common Stock","2021-01-21 08:00:00-05:00",42.1,42.1,42.1,42.1,42.1,0
"PRGS","Progress Software Corporation - Common Stock","2021-01-21 09:30:00-05:00",41.95000076293945,42.04999923706055,41.2400016784668,41.33000183105469,41.33000183105469,66990
"PRGS","Progress Software Corporation - Common Stock","2021-01-21 10:30:00-05:00",41.33000183105469,41.84000015258789,41.33000183105469,41.84000015258789,41.84000015258789,40334
"PRGS","Progress Software Corporation - Common Stock","2021-01-21 11:30:00-05:00",41.869998931884766,41.95000076293945,41.650001525878906,41.68999862670898,41.68999862670898,22870
"PRGS","Progress Software Corporation - Common Stock","2021-01-21 12:30:00-05:00",41.7598991394043,41.94499969482422,41.68000030517578,41.94499969482422,41.94499969482422,18669
"PRGS","Progress Software Corporation - Common Stock","2021-01-21 13:30:00-05:00",41.9900016784668,42.0,41.869998931884766,41.90999984741211,41.90999984741211,20291
"PRGS","Progress Software Corporation - Common Stock","2021-01-21 14:30:00-05:00",41.88999938964844,41.93000030517578,41.79999923706055,41.85499954223633,41.85499954223633,33765
"PRGS","Progress Software Corporation - Common Stock","2021-01-21 15:30:00-05:00",41.84000015258789,41.88999938964844,41.59999847412109,41.65999984741211,41.65999984741211,106002
"PRGS","Progress Software Corporation - Common Stock","2021-01-21 16:00:00-05:00",41.65,41.65,41.59,41.65,41.65,0
"PRGS","Progress Software Corporation - Common Stock","2021-01-21 17:00:00-05:00",42.27,42.27,41.65,41.65,41.65,0
"PRGS","Progress Software Corporation - Common Stock","2021-01-22 08:00:00-05:00",41.53,41.53,41.5,41.5,41.5,0
"PRGS","Progress Software Corporation - Common Stock","2021-01-22 09:00:00-05:00",41.65,41.65,41.65,41.65,41.65,0
"PRGS","Progress Software Corporation - Common Stock","2021-01-22 09:30:00-05:00",41.58000183105469,42.13999938964844,41.02999877929688,41.56999969482422,41.56999969482422,51098
"PRGS","Progress Software Corporation - Common Stock","2021-01-22 10:30:00-05:00",41.58000183105469,41.63999938964844,41.3849983215332,41.52000045776367,41.52000045776367,23629
"PRGS","Progress Software Corporation - Common Stock","2021-01-22 11:30:00-05:00",41.52000045776367,41.9900016784668,41.52000045776367,41.70000076293945,41.70000076293945,23231
"PRGS","Progress Software Corporation - Common Stock","2021-01-22 12:30:00-05:00",41.709999084472656,41.880001068115234,41.56499862670898,41.59999847412109,41.59999847412109,23621
"PRGS","Progress Software Corporation - Common Stock","2021-01-22 13:30:00-05:00",41.58000183105469,41.810001373291016,41.43999862670898,41.68999862670898,41.68999862670898,24325
"PRGS","Progress Software Corporation - Common Stock","2021-01-22 14:30:00-05:00",41.7400016784668,41.93000030517578,41.61009979248047,41.93000030517578,41.93000030517578,32149
"PRGS","Progress Software Corporation - Common Stock","2021-01-22 15:30:00-05:00",41.93000030517578,42.07500076293945,41.77999877929688,41.95000076293945,41.95000076293945,63925
"PRGS","Progress Software Corporation - Common Stock","2021-01-22 16:00:00-05:00",41.97,41.97,41.97,41.97,41.97,0
"PRGS","Progress Software Corporation - Common Stock","2021-01-22 17:00:00-05:00",42.91,42.91,42.91,42.91,42.91,0
"PRGS","Progress Software Corporation - Common Stock","2021-01-25 07:00:00-05:00",42.5,42.5,42.5,42.5,42.5,0
"PRGS","Progress Software Corporation - Common Stock","2021-01-25 08:00:00-05:00",42.25,42.91,42.25,42.86,42.86,0
"PRGS","Progress Software Corporation - Common Stock","2021-01-25 09:00:00-05:00",42.86,42.86,41.97,42.5,42.5,0
"PRGS","Progress Software Corporation - Common Stock","2021-01-25 09:30:00-05:00",42.43000030517578,42.630001068115234,41.866798400878906,42.560001373291016,42.560001373291016,45611
"PRGS","Progress Software Corporation - Common Stock","2021-01-25 10:30:00-05:00",42.540000915527344,42.84999847412109,41.84000015258789,42.0099983215332,42.0099983215332,37673
"PRGS","Progress Software Corporation - Common Stock","2021-01-25 11:30:00-05:00",42.04999923706055,42.619998931884766,42.02999877929688,42.27999877929688,42.27999877929688,26388
"PRGS","Progress Software Corporation - Common Stock","2021-01-25 12:30:00-05:00",42.34999847412109,42.81999969482422,42.34999847412109,42.70000076293945,42.70000076293945,29603
"PRGS","Progress Software Corporation - Common Stock","2021-01-25 13:30:00-05:00",42.685001373291016,42.810001373291016,42.54999923706055,42.7400016784668,42.7400016784668,34736
"PRGS","Progress Software Corporation - Common Stock","2021-01-25 14:30:00-05:00",42.79999923706055,42.79999923706055,42.560001373291016,42.72999954223633,42.72999954223633,33985
"PRGS","Progress Software Corporation - Common Stock","2021-01-25 15:30:00-05:00",42.70000076293945,42.86000061035156,42.6150016784668,42.84999847412109,42.84999847412109,58462
"PRGS","Progress Software Corporation - Common Stock","2021-01-25 16:00:00-05:00",42.81,42.9,42.81,42.9,42.9,0
"PRGS","Progress Software Corporation - Common Stock","2021-01-26 05:00:00-05:00",43.57,43.57,43.57,43.57,43.57,0
"PRGS","Progress Software Corporation - Common Stock","2021-01-26 07:00:00-05:00",43.57,43.57,43.48,43.5,43.5,0
"PRGS","Progress Software Corporation - Common Stock","2021-01-26 08:00:00-05:00",42.91,43.5,42.91,43.38,43.38,0
"PRGS","Progress Software Corporation - Common Stock","2021-01-26 09:00:00-05:00",43.4,43.4,42.81,43.2999,43.2999,0
"PRGS","Progress Software Corporation - Common Stock","2021-01-26 09:30:00-05:00",43.0,43.58000183105469,42.52999877929688,43.25,43.25,64600
"PRGS","Progress Software Corporation - Common Stock","2021-01-26 10:30:00-05:00",43.244998931884766,43.32849884033203,43.04999923706055,43.09000015258789,43.09000015258789,24123
"PRGS","Progress Software Corporation - Common Stock","2021-01-26 11:30:00-05:00",43.1693000793457,43.16999816894531,42.77000045776367,42.790000915527344,42.790000915527344,21081
"PRGS","Progress Software Corporation - Common Stock","2021-01-26 12:30:00-05:00",42.810001373291016,43.08000183105469,42.7599983215332,43.060001373291016,43.060001373291016,22544
"PRGS","Progress Software Corporation - Common Stock","2021-01-26 13:30:00-05:00",43.060001373291016,43.220001220703125,43.02999877929688,43.130001068115234,43.130001068115234,27121
"PRGS","Progress Software Corporation - Common Stock","2021-01-26 14:30:00-05:00",43.150001525878906,43.470001220703125,43.130001068115234,43.44499969482422,43.44499969482422,32950
"PRGS","Progress Software Corporation - Common Stock","2021-01-26 15:30:00-05:00",43.44499969482422,43.45000076293945,42.93000030517578,43.09000015258789,43.09000015258789,94842
"PRGS","Progress Software Corporation - Common Stock","2021-01-26 16:00:00-05:00",43.09,43.09,42.77,43.07,43.07,0
"PRGS","Progress Software Corporation - Common Stock","2021-01-26 18:00:00-05:00",43.64,43.64,43.64,43.64,43.64,0
"PRGS","Progress Software Corporation - Common Stock","2021-01-27 06:00:00-05:00",43.1,43.1,43.1,43.1,43.1,0
"PRGS","Progress Software Corporation - Common Stock","2021-01-27 07:00:00-05:00",42.6,42.9,42.6,42.9,42.9,0
"PRGS","Progress Software Corporation - Common Stock","2021-01-27 08:00:00-05:00",42.9,43.07,42.47,42.47,42.47,0
"PRGS","Progress Software Corporation - Common Stock","2021-01-27 09:00:00-05:00",43.04,43.05,42.47,42.47,42.47,0
"PRGS","Progress Software Corporation - Common Stock","2021-01-27 09:30:00-05:00",42.34999847412109,42.70000076293945,41.85029983520508,42.54999923706055,42.54999923706055,39884
"PRGS","Progress Software Corporation - Common Stock","2021-01-27 10:30:00-05:00",42.52000045776367,42.709999084472656,42.36000061035156,42.41999816894531,42.41999816894531,35494
"PRGS","Progress Software Corporation - Common Stock","2021-01-27 11:30:00-05:00",42.47999954223633,42.90999984741211,42.400001525878906,42.810001373291016,42.810001373291016,34597
"PRGS","Progress Software Corporation - Common Stock","2021-01-27 12:30:00-05:00",42.81999969482422,43.20000076293945,42.720001220703125,43.20000076293945,43.20000076293945,28984
"PRGS","Progress Software Corporation - Common Stock","2021-01-27 13:30:00-05:00",43.209999084472656,43.209999084472656,42.560001373291016,42.619998931884766,42.619998931884766,72595
"PRGS","Progress Software Corporation - Common Stock","2021-01-27 14:30:00-05:00",42.59000015258789,42.625,42.345001220703125,42.41999816894531,42.41999816894531,56848
"PRGS","Progress Software Corporation - Common Stock","2021-01-27 15:30:00-05:00",42.43999862670898,42.59000015258789,42.220001220703125,42.56999969482422,42.56999969482422,87391
"PRGS","Progress Software Corporation - Common Stock","2021-01-27 16:00:00-05:00",42.45,42.45,42.45,42.45,42.45,38491
"PRGS","Progress Software Corporation - Common Stock","2021-01-27 17:00:00-05:00",42.45,42.45,42.45,42.45,42.45,0
"PRGS","Progress Software Corporation - Common Stock","2021-01-28 09:30:00-05:00",42.83000183105469,42.93999862670898,41.584999084472656,41.720001220703125,41.720001220703125,30334
"PRGS","Progress Software Corporation - Common Stock","2021-01-28 10:30:00-05:00",41.619998931884766,41.84000015258789,41.40999984741211,41.619998931884766,41.619998931884766,54845
"PRGS","Progress Software Corporation - Common Stock","2021-01-28 11:30:00-05:00",41.59999847412109,41.84000015258789,41.40999984741211,41.720001220703125,41.720001220703125,41314
"PRGS","Progress Software Corporation - Common Stock","2021-01-28 12:30:00-05:00",41.650001525878906,41.720001220703125,41.45000076293945,41.650001525878906,41.650001525878906,34822
"PRGS","Progress Software Corporation - Common Stock","2021-01-28 13:30:00-05:00",41.619998931884766,41.78499984741211,41.58000183105469,41.619998931884766,41.619998931884766,24875
"PRGS","Progress Software Corporation - Common Stock","2021-01-28 14:30:00-05:00",41.619998931884766,41.75,41.52999877929688,41.63999938964844,41.63999938964844,26265
"PRGS","Progress Software Corporation - Common Stock","2021-01-28 15:30:00-05:00",41.66999816894531,41.72999954223633,41.0099983215332,41.13999938964844,41.13999938964844,71251
"PRGS","Progress Software Corporation - Common Stock","2021-01-28 16:00:00-05:00",41.14,41.1406,41.0,41.1392,41.1392,0
"PRGS","Progress Software Corporation - Common Stock","2021-01-28 17:00:00-05:00",41.65,41.65,41.14,41.14,41.14,0
"PRGS","Progress Software Corporation - Common Stock","2021-01-29 04:00:00-05:00",41.0,41.0,41.0,41.0,41.0,0
"PRGS","Progress Software Corporation - Common Stock","2021-01-29 07:00:00-05:00",41.5,41.5,41.14,41.14,41.14,0
"PRGS","Progress Software Corporation - Common Stock","2021-01-29 09:00:00-05:00",41.16,41.87,41.14,41.31,41.31,0
"PRGS","Progress Software Corporation - Common Stock","2021-01-29 09:30:00-05:00",41.04999923706055,41.16999816894531,40.47999954223633,40.900001525878906,40.900001525878906,43636
"PRGS","Progress Software Corporation - Common Stock","2021-01-29 10:30:00-05:00",40.95000076293945,41.040000915527344,40.27999877929688,40.470001220703125,40.470001220703125,37428
"PRGS","Progress Software Corporation - Common Stock","2021-01-29 11:30:00-05:00",40.459999084472656,40.560001373291016,40.09999847412109,40.47999954223633,40.47999954223633,44263
"PRGS","Progress Software Corporation - Common Stock","2021-01-29 12:30:00-05:00",40.470001220703125,40.5099983215332,40.150001525878906,40.380001068115234,40.380001068115234,28750
"PRGS","Progress Software Corporation - Common Stock","2021-01-29 13:30:00-05:00",40.54869842529297,40.650001525878906,40.119998931884766,40.40999984741211,40.40999984741211,29270
"PRGS","Progress Software Corporation - Common Stock","2021-01-29 14:30:00-05:00",40.310001373291016,40.53499984741211,40.13999938964844,40.47999954223633,40.47999954223633,55552
"PRGS","Progress Software Corporation - Common Stock","2021-01-29 15:30:00-05:00",40.459999084472656,40.59000015258789,40.06999969482422,40.08000183105469,40.08000183105469,81198
"PRGS","Progress Software Corporation - Common Stock","2021-01-29 16:00:00-05:00",40.18,40.18,40.18,40.18,40.18,0
"PRGS","Progress Software Corporation - Common Stock","2021-02-01 07:00:00-05:00",40.18,40.5,40.18,40.18,40.18,0
"PRGS","Progress Software Corporation - Common Stock","2021-02-01 09:00:00-05:00",40.18,40.18,40.18,40.18,40.18,0
"PRGS","Progress Software Corporation - Common Stock","2021-02-01 09:30:00-05:00",40.36000061035156,40.494998931884766,40.130001068115234,40.22999954223633,40.22999954223633,25244
"PRGS","Progress Software Corporation - Common Stock","2021-02-01 10:30:00-05:00",40.27000045776367,40.345001220703125,39.90999984741211,40.20500183105469,40.20500183105469,37733
"PRGS","Progress Software Corporation - Common Stock","2021-02-01 11:30:00-05:00",40.15999984741211,40.75,40.10599899291992,40.709999084472656,40.709999084472656,32833
"PRGS","Progress Software Corporation - Common Stock","2021-02-01 12:30:00-05:00",40.70500183105469,40.80500030517578,40.540000915527344,40.70000076293945,40.70000076293945,16838
"PRGS","Progress Software Corporation - Common Stock","2021-02-01 13:30:00-05:00",40.709999084472656,40.720001220703125,40.5,40.720001220703125,40.720001220703125,18370
"PRGS","Progress Software Corporation - Common Stock","2021-02-01 14:30:00-05:00",40.720001220703125,40.810001373291016,40.40999984741211,40.61000061035156,40.61000061035156,27207
"PRGS","Progress Software Corporation - Common Stock","2021-02-01 15:30:00-05:00",40.54999923706055,40.68000030517578,40.380001068115234,40.380001068115234,40.380001068115234,58072
"PRGS","Progress Software Corporation - Common Stock","2021-02-01 16:00:00-05:00",40.39,40.39,40.39,40.39,40.39,0
"PRGS","Progress Software Corporation - Common Stock","2021-02-02 08:00:00-05:00",40.39,40.39,40.39,40.39,40.39,0
"PRGS","Progress Software Corporation - Common Stock","2021-02-02 09:00:00-05:00",40.39,41.06,40.39,41.06,41.06,0
"PRGS","Progress Software Corporation - Common Stock","2021-02-02 09:30:00-05:00",40.810001373291016,40.810001373291016,40.2400016784668,40.59999847412109,40.59999847412109,45475
"PRGS","Progress Software Corporation - Common Stock","2021-02-02 10:30:00-05:00",40.63999938964844,40.75,40.41999816894531,40.709999084472656,40.709999084472656,34243
"PRGS","Progress Software Corporation - Common Stock","2021-02-02 11:30:00-05:00",40.70000076293945,40.90999984741211,40.560001373291016,40.7400016784668,40.7400016784668,27118
"PRGS","Progress Software Corporation - Common Stock","2021-02-02 12:30:00-05:00",40.709999084472656,40.72999954223633,40.56499862670898,40.63999938964844,40.63999938964844,20700
"PRGS","Progress Software Corporation - Common Stock","2021-02-02 13:30:00-05:00",40.619998931884766,40.66999816894531,40.5,40.56999969482422,40.56999969482422,21450
"PRGS","Progress Software Corporation - Common Stock","2021-02-02 14:30:00-05:00",40.58000183105469,40.720001220703125,40.52999877929688,40.56999969482422,40.56999969482422,24738
"PRGS","Progress Software Corporation - Common Stock","2021-02-02 15:30:00-05:00",40.54999923706055,40.70000076293945,40.52999877929688,40.58000183105469,40.58000183105469,47929
"PRGS","Progress Software Corporation - Common Stock","2021-02-02 16:00:00-05:00",40.54,40.54,40.54,40.54,40.54,0
"PRGS","Progress Software Corporation - Common Stock","2021-02-02 17:00:00-05:00",40.54,40.54,40.54,40.54,40.54,0
"PRGS","Progress Software Corporation - Common Stock","2021-02-03 09:00:00-05:00",40.54,40.54,40.54,40.54,40.54,0
"PRGS","Progress Software Corporation - Common Stock","2021-02-03 09:30:00-05:00",40.540000915527344,40.58000183105469,40.02000045776367,40.40499877929688,40.40499877929688,28447
"PRGS","Progress Software Corporation - Common Stock","2021-02-03 10:30:00-05:00",40.29999923706055,40.81999969482422,40.25,40.81999969482422,40.81999969482422,50948
"PRGS","Progress Software Corporation - Common Stock","2021-02-03 11:30:00-05:00",40.810001373291016,41.220001220703125,40.75,41.15999984741211,41.15999984741211,58101
"PRGS","Progress Software Corporation - Common Stock","2021-02-03 12:30:00-05:00",41.15999984741211,41.29999923706055,41.09999847412109,41.20000076293945,41.20000076293945,29535
"PRGS","Progress Software Corporation - Common Stock","2021-02-03 13:30:00-05:00",41.20000076293945,41.459999084472656,41.20000076293945,41.41999816894531,41.41999816894531,24441
"PRGS","Progress Software Corporation - Common Stock","2021-02-03 14:30:00-05:00",41.43000030517578,41.459999084472656,41.27000045776367,41.310001373291016,41.310001373291016,24639
"PRGS","Progress Software Corporation - Common Stock","2021-02-03 15:30:00-05:00",41.310001373291016,41.56999969482422,41.27999877929688,41.4900016784668,41.4900016784668,47478
"PRGS","Progress Software Corporation - Common Stock","2021-02-03 16:00:00-05:00",41.48,41.48,41.48,41.48,41.48,0
"PRGS","Progress Software Corporation - Common Stock","2021-02-04 09:00:00-05:00",41.48,42.0,41.48,42.0,42.0,0
"PRGS","Progress Software Corporation - Common Stock","2021-02-04 09:30:00-05:00",41.68000030517578,42.18999862670898,41.4900016784668,42.09000015258789,42.09000015258789,19157
"PRGS","Progress Software Corporation - Common Stock","2021-02-04 10:30:00-05:00",42.09999847412109,42.29999923706055,42.0099983215332,42.16999816894531,42.16999816894531,20038
"PRGS","Progress Software Corporation - Common Stock","2021-02-04 11:30:00-05:00",42.18000030517578,42.2599983215332,41.9900016784668,42.040000915527344,42.040000915527344,18936
"PRGS","Progress Software Corporation - Common Stock","2021-02-04 12:30:00-05:00",42.02999877929688,42.02999877929688,41.61000061035156,41.81010055541992,41.81010055541992,22413
"PRGS","Progress Software Corporation - Common Stock","2021-02-04 13:30:00-05:00",41.84000015258789,41.93000030517578,41.7599983215332,41.93000030517578,41.93000030517578,14522
"PRGS","Progress Software Corporation - Common Stock","2021-02-04 14:30:00-05:00",41.90499877929688,42.13999938964844,41.86000061035156,42.13999938964844,42.13999938964844,18347
"PRGS","Progress Software Corporation - Common Stock","2021-02-04 15:30:00-05:00",42.11000061035156,42.33000183105469,42.10499954223633,42.310001373291016,42.310001373291016,46270
"PRGS","Progress Software Corporation - Common Stock","2021-02-04 16:00:00-05:00",42.27,42.27,42.269,42.27,42.27,0
"PRGS","Progress Software Corporation - Common Stock","2021-02-04 18:00:00-05:00",42.25,42.25,42.25,42.25,42.25,0
"PRGS","Progress Software Corporation - Common Stock","2021-02-05 06:00:00-05:00",42.31,42.31,42.31,42.31,42.31,0
"PRGS","Progress Software Corporation - Common Stock","2021-02-05 08:00:00-05:00",42.5,42.93,42.27,42.93,42.93,0
"PRGS","Progress Software Corporation - Common Stock","2021-02-05 09:30:00-05:00",42.58000183105469,42.84999847412109,42.20000076293945,42.29999923706055,42.29999923706055,29186
"PRGS","Progress Software Corporation - Common Stock","2021-02-05 10:30:00-05:00",42.29999923706055,42.33000183105469,42.04999923706055,42.310001373291016,42.310001373291016,17087
"PRGS","Progress Software Corporation - Common Stock","2021-02-05 11:30:00-05:00",42.27000045776367,42.52999877929688,42.27000045776367,42.310001373291016,42.310001373291016,12978
"PRGS","Progress Software Corporation - Common Stock","2021-02-05 12:30:00-05:00",42.369998931884766,42.38999938964844,42.220001220703125,42.345001220703125,42.345001220703125,20803
"PRGS","Progress Software Corporation - Common Stock","2021-02-05 13:30:00-05:00",42.31999969482422,42.40999984741211,42.13999938964844,42.33000183105469,42.33000183105469,21142
"PRGS","Progress Software Corporation - Common Stock","2021-02-05 14:30:00-05:00",42.36000061035156,42.41999816894531,42.220001220703125,42.220001220703125,42.220001220703125,14551
"PRGS","Progress Software Corporation - Common Stock","2021-02-05 15:30:00-05:00",42.2400016784668,42.400001525878906,42.20000076293945,42.380001068115234,42.380001068115234,38767
"PRGS","Progress Software Corporation - Common Stock","2021-02-05 16:00:00-05:00",42.36,42.36,42.359,42.36,42.36,0
"PRGS","Progress Software Corporation - Common Stock","2021-02-08 08:00:00-05:00",42.36,42.36,42.36,42.36,42.36,0
"PRGS","Progress Software Corporation - Common Stock","2021-02-08 09:00:00-05:00",42.96,42.96,42.63,42.63,42.63,0
"PRGS","Progress Software Corporation - Common Stock","2021-02-08 09:30:00-05:00",42.81999969482422,42.84000015258789,42.584999084472656,42.65999984741211,42.65999984741211,34781
"PRGS","Progress Software Corporation - Common Stock","2021-02-08 10:30:00-05:00",42.68999862670898,42.709999084472656,42.31999969482422,42.31999969482422,42.31999969482422,20111
"PRGS","Progress Software Corporation - Common Stock","2021-02-08 11:30:00-05:00",42.290000915527344,42.47999954223633,42.07500076293945,42.45000076293945,42.45000076293945,20653
"PRGS","Progress Software Corporation - Common Stock","2021-02-08 12:30:00-05:00",42.45000076293945,42.4900016784668,42.20000076293945,42.2400016784668,42.2400016784668,13932
"PRGS","Progress Software Corporation - Common Stock","2021-02-08 13:30:00-05:00",42.22999954223633,42.43000030517578,42.18000030517578,42.43000030517578,42.43000030517578,26371
"PRGS","Progress Software Corporation - Common Stock","2021-02-08 14:30:00-05:00",42.43999862670898,42.83000183105469,42.39350128173828,42.61000061035156,42.61000061035156,42128
"PRGS","Progress Software Corporation - Common Stock","2021-02-08 15:30:00-05:00",42.63999938964844,42.88999938964844,42.59000015258789,42.790000915527344,42.790000915527344,44638
"PRGS","Progress Software Corporation - Common Stock","2021-02-08 16:00:00-05:00",42.79,42.79,42.79,42.79,42.79,0
"PRGS","Progress Software Corporation - Common Stock","2021-02-08 17:00:00-05:00",42.79,42.79,42.79,42.79,42.79,0
"PRGS","Progress Software Corporation - Common Stock","2021-02-09 05:00:00-05:00",43.0,43.0,43.0,43.0,43.0,0
"PRGS","Progress Software Corporation - Common Stock","2021-02-09 09:00:00-05:00",43.279,43.279,42.42,42.42,42.42,0
"PRGS","Progress Software Corporation - Common Stock","2021-02-09 09:30:00-05:00",42.90999984741211,42.90999984741211,42.45000076293945,42.72999954223633,42.72999954223633,17194
"PRGS","Progress Software Corporation - Common Stock","2021-02-09 10:30:00-05:00",42.720001220703125,43.0099983215332,42.5099983215332,42.66999816894531,42.66999816894531,31364
"PRGS","Progress Software Corporation - Common Stock","2021-02-09 11:30:00-05:00",42.70000076293945,43.310001373291016,42.67499923706055,43.29499816894531,43.29499816894531,20321
"PRGS","Progress Software Corporation - Common Stock","2021-02-09 12:30:00-05:00",43.28499984741211,43.38999938964844,43.119998931884766,43.209999084472656,43.209999084472656,21788
"PRGS","Progress Software Corporation - Common Stock","2021-02-09 13:30:00-05:00",43.18000030517578,43.369998931884766,43.1150016784668,43.310001373291016,43.310001373291016,19839
"PRGS","Progress Software Corporation - Common Stock","2021-02-09 14:30:00-05:00",43.290000915527344,43.39500045776367,43.209999084472656,43.31999969482422,43.31999969482422,28465
"PRGS","Progress Software Corporation - Common Stock","2021-02-09 15:30:00-05:00",43.33000183105469,43.38999938964844,42.959999084472656,43.130001068115234,43.130001068115234,85367
"PRGS","Progress Software Corporation - Common Stock","2021-02-09 16:00:00-05:00",43.1,43.1,43.1,43.1,43.1,0
"PRGS","Progress Software Corporation - Common Stock","2021-02-09 17:00:00-05:00",43.1,43.1,43.1,43.1,43.1,0
"PRGS","Progress Software Corporation - Common Stock","2021-02-10 08:00:00-05:00",43.4,43.4,43.4,43.4,43.4,0
"PRGS","Progress Software Corporation - Common Stock","2021-02-10 09:00:00-05:00",43.1,43.1,43.1,43.1,43.1,0
"PRGS","Progress Software Corporation - Common Stock","2021-02-10 09:30:00-05:00",43.09999847412109,43.42499923706055,42.970001220703125,43.19499969482422,43.19499969482422,35785
"PRGS","Progress Software Corporation - Common Stock","2021-02-10 10:30:00-05:00",43.16999816894531,43.435001373291016,42.970001220703125,43.185001373291016,43.185001373291016,46718
"PRGS","Progress Software Corporation - Common Stock","2021-02-10 11:30:00-05:00",43.18999862670898,43.2400016784668,42.630001068115234,42.79079818725586,42.79079818725586,29617
"PRGS","Progress Software Corporation - Common Stock","2021-02-10 12:30:00-05:00",42.83000183105469,43.06999969482422,42.7599983215332,42.9901008605957,42.9901008605957,12961
"PRGS","Progress Software Corporation - Common Stock","2021-02-10 13:30:00-05:00",43.06999969482422,43.26520156860352,42.9900016784668,43.25,43.25,24943
"PRGS","Progress Software Corporation - Common Stock","2021-02-10 14:30:00-05:00",43.25,43.45000076293945,43.18999862670898,43.34999847412109,43.34999847412109,28373
"PRGS","Progress Software Corporation - Common Stock","2021-02-10 15:30:00-05:00",43.38999938964844,43.400001525878906,42.97999954223633,43.09000015258789,43.09000015258789,56180
"PRGS","Progress Software Corporation - Common Stock","2021-02-10 16:00:00-05:00",43.09,43.09,43.09,43.09,43.09,0
"PRGS","Progress Software Corporation - Common Stock","2021-02-10 18:00:00-05:00",43.1,43.44,43.1,43.44,43.44,0
"PRGS","Progress Software Corporation - Common Stock","2021-02-11 08:00:00-05:00",43.09,43.09,43.09,43.09,43.09,0
"PRGS","Progress Software Corporation - Common Stock","2021-02-11 09:00:00-05:00",43.09,43.1,43.0,43.1,43.1,0
"PRGS","Progress Software Corporation - Common Stock","2021-02-11 09:30:00-05:00",43.209999084472656,43.77000045776367,43.18000030517578,43.68999862670898,43.68999862670898,43376
"PRGS","Progress Software Corporation - Common Stock","2021-02-11 10:30:00-05:00",43.70000076293945,43.880001068115234,43.63999938964844,43.81999969482422,43.81999969482422,220211
"PRGS","Progress Software Corporation - Common Stock","2021-02-11 11:30:00-05:00",43.79999923706055,43.880001068115234,42.93999862670898,42.93999862670898,42.93999862670898,14201
"PRGS","Progress Software Corporation - Common Stock","2021-02-11 12:30:00-05:00",42.88999938964844,43.2400016784668,42.88999938964844,43.15499877929688,43.15499877929688,16820
"PRGS","Progress Software Corporation - Common Stock","2021-02-11 13:30:00-05:00",43.18000030517578,43.20000076293945,42.9900016784668,43.119998931884766,43.119998931884766,11337
"PRGS","Progress Software Corporation - Common Stock","2021-02-11 14:30:00-05:00",43.130001068115234,43.33000183105469,43.09999847412109,43.20000076293945,43.20000076293945,15487
"PRGS","Progress Software Corporation - Common Stock","2021-02-11 15:30:00-05:00",43.18000030517578,43.290000915527344,43.150001525878906,43.209999084472656,43.209999084472656,52167
"PRGS","Progress Software Corporation - Common Stock","2021-02-11 16:00:00-05:00",43.23,43.23,42.72,42.72,42.72,0
"PRGS","Progress Software Corporation - Common Stock","2021-02-12 08:00:00-05:00",43.0,43.23,43.0,43.23,43.23,0
"PRGS","Progress Software Corporation - Common Stock","2021-02-12 09:00:00-05:00",43.0,43.23,43.0,43.23,43.23,0
"PRGS","Progress Software Corporation - Common Stock","2021-02-12 09:30:00-05:00",43.220001220703125,43.29999923706055,42.959999084472656,43.29999923706055,43.29999923706055,51942
"PRGS","Progress Software Corporation - Common Stock","2021-02-12 10:30:00-05:00",43.25,43.790000915527344,43.16999816894531,43.56999969482422,43.56999969482422,27924
"PRGS","Progress Software Corporation - Common Stock","2021-02-12 11:30:00-05:00",43.66999816894531,43.720001220703125,43.47999954223633,43.5099983215332,43.5099983215332,11058
"PRGS","Progress Software Corporation - Common Stock","2021-02-12 12:30:00-05:00",43.52999877929688,43.59999847412109,43.22999954223633,43.22999954223633,43.22999954223633,30174
"PRGS","Progress Software Corporation - Common Stock","2021-02-12 13:30:00-05:00",43.22999954223633,43.34999847412109,43.15999984741211,43.19499969482422,43.19499969482422,31596
"PRGS","Progress Software Corporation - Common Stock","2021-02-12 14:30:00-05:00",43.20000076293945,43.334999084472656,43.02999877929688,43.2400016784668,43.2400016784668,70730
"PRGS","Progress Software Corporation - Common Stock","2021-02-12 15:30:00-05:00",43.26499938964844,43.459999084472656,43.26499938964844,43.375,43.375,27525
"PRGS","Progress Software Corporation - Common Stock","2021-02-12 16:00:00-05:00",43.4,43.4,43.4,43.4,43.4,0
"PRGS","Progress Software Corporation - Common Stock","2021-02-16 06:00:00-05:00",43.4,43.4,43.4,43.4,43.4,0
"PRGS","Progress Software Corporation - Common Stock","2021-02-16 07:00:00-05:00",43.4,43.42,43.4,43.42,43.42,0
"PRGS","Progress Software Corporation - Common Stock","2021-02-16 08:00:00-05:00",43.43,43.44,43.42,43.44,43.44,0
"PRGS","Progress Software Corporation - Common Stock","2021-02-16 09:00:00-05:00",43.4,43.76,43.4,43.74,43.74,0
"PRGS","Progress Software Corporation - Common Stock","2021-02-16 09:30:00-05:00",43.650001525878906,43.83000183105469,43.36000061035156,43.51499938964844,43.51499938964844,41108
"PRGS","Progress Software Corporation - Common Stock","2021-02-16 10:30:00-05:00",43.5099983215332,43.70000076293945,43.435001373291016,43.52000045776367,43.52000045776367,58532
"PRGS","Progress Software Corporation - Common Stock","2021-02-16 11:30:00-05:00",43.5099983215332,43.630001068115234,43.400001525878906,43.54999923706055,43.54999923706055,20499
"PRGS","Progress Software Corporation - Common Stock","2021-02-16 12:30:00-05:00",43.5161018371582,43.790000915527344,43.4900016784668,43.75,43.75,26602
"PRGS","Progress Software Corporation - Common Stock","2021-02-16 13:30:00-05:00",43.7400016784668,43.75,43.58000183105469,43.70000076293945,43.70000076293945,16776
"PRGS","Progress Software Corporation - Common Stock","2021-02-16 14:30:00-05:00",43.68999862670898,43.900001525878906,43.66999816894531,43.77999877929688,43.77999877929688,31070
"PRGS","Progress Software Corporation - Common Stock","2021-02-16 15:30:00-05:00",43.79999923706055,43.869998931884766,43.720001220703125,43.86000061035156,43.86000061035156,50712
"PRGS","Progress Software Corporation - Common Stock","2021-02-16 16:00:00-05:00",43.81,43.81,43.81,43.81,43.81,0
"PRGS","Progress Software Corporation - Common Stock","2021-02-17 08:00:00-05:00",43.81,43.81,43.81,43.81,43.81,0
"PRGS","Progress Software Corporation - Common Stock","2021-02-17 09:30:00-05:00",43.77000045776367,43.88999938964844,42.75,42.90999984741211,42.90999984741211,49546
"PRGS","Progress Software Corporation - Common Stock","2021-02-17 10:30:00-05:00",42.91999816894531,43.20000076293945,42.75,43.16999816894531,43.16999816894531,35477
"PRGS","Progress Software Corporation - Common Stock","2021-02-17 11:30:00-05:00",43.209999084472656,43.54999923706055,43.1150016784668,43.54909896850586,43.54909896850586,17498
"PRGS","Progress Software Corporation - Common Stock","2021-02-17 12:30:00-05:00",43.560001373291016,43.970001220703125,43.4900016784668,43.90999984741211,43.90999984741211,18818
"PRGS","Progress Software Corporation - Common Stock","2021-02-17 13:30:00-05:00",43.900001525878906,43.94499969482422,43.77000045776367,43.94499969482422,43.94499969482422,31007
"PRGS","Progress Software Corporation - Common Stock","2021-02-17 14:30:00-05:00",43.970001220703125,44.18000030517578,43.845001220703125,44.150001525878906,44.150001525878906,38879
"PRGS","Progress Software Corporation - Common Stock","2021-02-17 15:30:00-05:00",44.16999816894531,44.27999877929688,44.0099983215332,44.18000030517578,44.18000030517578,57075
"PRGS","Progress Software Corporation - Common Stock","2021-02-17 16:00:00-05:00",44.15,44.15,44.15,44.15,44.15,0
"PRGS","Progress Software Corporation - Common Stock","2021-02-17 18:00:00-05:00",44.35,44.35,44.35,44.35,44.35,0
"PRGS","Progress Software Corporation - Common Stock","2021-02-18 08:00:00-05:00",44.15,44.15,44.15,44.15,44.15,0
"PRGS","Progress Software Corporation - Common Stock","2021-02-18 09:00:00-05:00",43.98,43.98,43.98,43.98,43.98,0
"PRGS","Progress Software Corporation - Common Stock","2021-02-18 09:30:00-05:00",43.93999862670898,43.959999084472656,43.43999862670898,43.7599983215332,43.7599983215332,29490
"PRGS","Progress Software Corporation - Common Stock","2021-02-18 10:30:00-05:00",43.75,43.91999816894531,43.58000183105469,43.91999816894531,43.91999816894531,28620
"PRGS","Progress Software Corporation - Common Stock","2021-02-18 11:30:00-05:00",43.935001373291016,44.40999984741211,43.79999923706055,44.40999984741211,44.40999984741211,26761
"PRGS","Progress Software Corporation - Common Stock","2021-02-18 12:30:00-05:00",44.40999984741211,44.685001373291016,44.34000015258789,44.59999847412109,44.59999847412109,38357
"PRGS","Progress Software Corporation - Common Stock","2021-02-18 13:30:00-05:00",44.60499954223633,44.93999862670898,44.60499954223633,44.915000915527344,44.915000915527344,40063
"PRGS","Progress Software Corporation - Common Stock","2021-02-18 14:30:00-05:00",44.89500045776367,45.119998931884766,44.77999877929688,45.119998931884766,45.119998931884766,53158
"PRGS","Progress Software Corporation - Common Stock","2021-02-18 15:30:00-05:00",45.119998931884766,45.185001373291016,44.88999938964844,44.91999816894531,44.91999816894531,100598
"PRGS","Progress Software Corporation - Common Stock","2021-02-18 16:00:00-05:00",44.92,44.93,44.92,44.92,44.92,0
"PRGS","Progress Software Corporation - Common Stock","2021-02-19 08:00:00-05:00",44.92,44.92,44.92,44.92,44.92,0
"PRGS","Progress Software Corporation - Common Stock","2021-02-19 09:30:00-05:00",44.91999816894531,45.43000030517578,44.5099983215332,45.119998931884766,45.119998931884766,40416
"PRGS","Progress Software Corporation - Common Stock","2021-02-19 10:30:00-05:00",45.14390182495117,45.650001525878906,44.95000076293945,45.4900016784668,45.4900016784668,40399
"PRGS","Progress Software Corporation - Common Stock","2021-02-19 11:30:00-05:00",45.45000076293945,45.81999969482422,45.130001068115234,45.35499954223633,45.35499954223633,55547
"PRGS","Progress Software Corporation - Common Stock","2021-02-19 12:30:00-05:00",45.459999084472656,45.61000061035156,45.20000076293945,45.310001373291016,45.310001373291016,29477
"PRGS","Progress Software Corporation - Common Stock","2021-02-19 13:30:00-05:00",45.29999923706055,45.619998931884766,45.2400016784668,45.2400016784668,45.2400016784668,28684
"PRGS","Progress Software Corporation - Common Stock","2021-02-19 14:30:00-05:00",45.31999969482422,45.38999938964844,45.09000015258789,45.1349983215332,45.1349983215332,40405
"PRGS","Progress Software Corporation - Common Stock","2021-02-19 15:30:00-05:00",45.150001525878906,45.22999954223633,44.959999084472656,44.970001220703125,44.970001220703125,112610
"PRGS","Progress Software Corporation - Common Stock","2021-02-19 16:00:00-05:00",44.98,44.98,44.98,44.98,44.98,0
"PRGS","Progress Software Corporation - Common Stock","2021-02-19 17:00:00-05:00",44.98,44.98,44.98,44.98,44.98,0
"PRGS","Progress Software Corporation - Common Stock","2021-02-22 04:00:00-05:00",44.98,44.98,44.98,44.98,44.98,0
"PRGS","Progress Software Corporation - Common Stock","2021-02-22 09:30:00-05:00",44.63999938964844,44.900001525878906,44.2400016784668,44.6150016784668,44.6150016784668,49593
"PRGS","Progress Software Corporation - Common Stock","2021-02-22 10:30:00-05:00",44.65499877929688,44.68999862670898,44.25,44.3650016784668,44.3650016784668,104750
"PRGS","Progress Software Corporation - Common Stock","2021-02-22 11:30:00-05:00",44.34000015258789,44.55500030517578,44.26499938964844,44.470001220703125,44.470001220703125,42599
"PRGS","Progress Software Corporation - Common Stock","2021-02-22 12:30:00-05:00",44.4900016784668,44.70000076293945,44.290000915527344,44.70000076293945,44.70000076293945,25245
"PRGS","Progress Software Corporation - Common Stock","2021-02-22 13:30:00-05:00",44.66999816894531,45.005001068115234,44.65499877929688,44.970001220703125,44.970001220703125,23120
"PRGS","Progress Software Corporation - Common Stock","2021-02-22 14:30:00-05:00",45.0099983215332,45.08000183105469,44.209999084472656,44.38999938964844,44.38999938964844,43252
"PRGS","Progress Software Corporation - Common Stock","2021-02-22 15:30:00-05:00",44.369998931884766,44.43999862670898,44.150001525878906,44.310001373291016,44.310001373291016,94967
"PRGS","Progress Software Corporation - Common Stock","2021-02-22 16:00:00-05:00",44.29,44.35,44.0,44.29,44.29,0
"PRGS","Progress Software Corporation - Common Stock","2021-02-23 08:00:00-05:00",44.29,44.29,44.29,44.29,44.29,0
"PRGS","Progress Software Corporation - Common Stock","2021-02-23 09:30:00-05:00",43.9900016784668,44.18999862670898,42.93000030517578,43.310001373291016,43.310001373291016,58794
"PRGS","Progress Software Corporation - Common Stock","2021-02-23 10:30:00-05:00",43.36000061035156,44.02999877929688,43.36000061035156,44.0099983215332,44.0099983215332,57085
"PRGS","Progress Software Corporation - Common Stock","2021-02-23 11:30:00-05:00",44.005001068115234,44.209999084472656,43.8572998046875,44.084999084472656,44.084999084472656,41401
"PRGS","Progress Software Corporation - Common Stock","2021-02-23 12:30:00-05:00",44.07109832763672,44.07109832763672,43.525001525878906,43.970001220703125,43.970001220703125,25030
"PRGS","Progress Software Corporation - Common Stock","2021-02-23 13:30:00-05:00",43.95000076293945,44.369998931884766,43.880001068115234,44.369998931884766,44.369998931884766,69031
"PRGS","Progress Software Corporation - Common Stock","2021-02-23 14:30:00-05:00",44.33000183105469,44.71500015258789,44.25,44.59000015258789,44.59000015258789,52444
"PRGS","Progress Software Corporation - Common Stock","2021-02-23 15:30:00-05:00",44.540000915527344,44.65999984741211,44.380001068115234,44.630001068115234,44.630001068115234,72664
"PRGS","Progress Software Corporation - Common Stock","2021-02-23 16:00:00-05:00",44.62,44.62,44.62,44.62,44.62,0
"PRGS","Progress Software Corporation - Common Stock","2021-02-23 17:00:00-05:00",44.62,44.62,44.62,44.62,44.62,0
"PRGS","Progress Software Corporation - Common Stock","2021-02-23 18:00:00-05:00",45.22,45.22,45.22,45.22,45.22,0
"PRGS","Progress Software Corporation - Common Stock","2021-02-24 08:00:00-05:00",44.62,44.62,44.62,44.62,44.62,0
"PRGS","Progress Software Corporation - Common Stock","2021-02-24 09:30:00-05:00",44.36000061035156,44.52999877929688,44.040000915527344,44.3650016784668,44.3650016784668,19237
"PRGS","Progress Software Corporation - Common Stock","2021-02-24 10:30:00-05:00",44.29999923706055,44.91999816894531,44.2599983215332,44.91999816894531,44.91999816894531,32749
"PRGS","Progress Software Corporation - Common Stock","2021-02-24 11:30:00-05:00",45.0,45.18000030517578,44.880001068115234,45.119998931884766,45.119998931884766,40383
"PRGS","Progress Software Corporation - Common Stock","2021-02-24 12:30:00-05:00",45.10499954223633,45.13999938964844,44.900001525878906,45.13999938964844,45.13999938964844,28672
"PRGS","Progress Software Corporation - Common Stock","2021-02-24 13:30:00-05:00",45.13999938964844,45.220001220703125,45.04999923706055,45.16999816894531,45.16999816894531,23669
"PRGS","Progress Software Corporation - Common Stock","2021-02-24 14:30:00-05:00",45.220001220703125,45.400001525878906,45.18999862670898,45.3120002746582,45.3120002746582,36071
"PRGS","Progress Software Corporation - Common Stock","2021-02-24 15:30:00-05:00",45.33000183105469,45.47999954223633,45.22999954223633,45.43000030517578,45.43000030517578,130327
"PRGS","Progress Software Corporation - Common Stock","2021-02-24 16:00:00-05:00",45.4,45.4,45.4,45.4,45.4,59893
"PRGS","Progress Software Corporation - Common Stock","2021-02-25 09:30:00-05:00",45.470001220703125,45.77999877929688,44.84000015258789,45.11000061035156,45.11000061035156,0
"PRGS","Progress Software Corporation - Common Stock","2021-02-25 10:30:00-05:00",45.18000030517578,45.290000915527344,44.810001373291016,45.13999938964844,45.13999938964844,31987
"PRGS","Progress Software Corporation - Common Stock","2021-02-25 11:30:00-05:00",45.16999816894531,45.16999816894531,44.52999877929688,44.52999877929688,44.52999877929688,23324
"PRGS","Progress Software Corporation - Common Stock","2021-02-25 12:30:00-05:00",44.4900016784668,44.58000183105469,43.88999938964844,44.540000915527344,44.540000915527344,32645
"PRGS","Progress Software Corporation - Common Stock","2021-02-25 13:30:00-05:00",44.540000915527344,44.709999084472656,44.28499984741211,44.58000183105469,44.58000183105469,29074
"PRGS","Progress Software Corporation - Common Stock","2021-02-25 14:30:00-05:00",44.584999084472656,44.68000030517578,43.9900016784668,44.18999862670898,44.18999862670898,48869
"PRGS","Progress Software Corporation - Common Stock","2021-02-25 15:30:00-05:00",44.119998931884766,44.1875,43.880001068115234,43.97999954223633,43.97999954223633,89137
"PRGS","Progress Software Corporation - Common Stock","2021-02-25 16:00:00-05:00",43.98,45.4,43.53,45.4,45.4,0
"PRGS","Progress Software Corporation - Common Stock","2021-02-26 09:00:00-05:00",43.805,43.805,43.805,43.805,43.805,0
"PRGS","Progress Software Corporation - Common Stock","2021-02-26 09:30:00-05:00",44.16999816894531,44.16999816894531,42.54999923706055,42.619998931884766,42.619998931884766,41683
"PRGS","Progress Software Corporation - Common Stock","2021-02-26 10:30:00-05:00",42.540000915527344,43.09999847412109,42.45500183105469,42.869998931884766,42.869998931884766,38664
"PRGS","Progress Software Corporation - Common Stock","2021-02-26 11:30:00-05:00",42.93000030517578,43.41999816894531,42.93000030517578,43.36000061035156,43.36000061035156,25229
"PRGS","Progress Software Corporation - Common Stock","2021-02-26 12:30:00-05:00",43.369998931884766,43.560001373291016,43.18000030517578,43.52999877929688,43.52999877929688,27029
"PRGS","Progress Software Corporation - Common Stock","2021-02-26 13:30:00-05:00",43.56999969482422,43.56999969482422,42.77999877929688,42.84000015258789,42.84000015258789,20774
"PRGS","Progress Software Corporation - Common Stock","2021-02-26 14:30:00-05:00",42.79999923706055,43.025001525878906,42.720001220703125,42.7400016784668,42.7400016784668,32531
"PRGS","Progress Software Corporation - Common Stock","2021-02-26 15:30:00-05:00",42.68999862670898,42.935001373291016,42.45000076293945,42.45000076293945,42.45000076293945,87198
"PRGS","Progress Software Corporation - Common Stock","2021-02-26 16:00:00-05:00",42.54,43.425,42.53,42.53,42.53,0
"PRGS","Progress Software Corporation - Common Stock","2021-03-01 07:00:00-05:00",42.54,42.54,42.54,42.54,42.54,0
"PRGS","Progress Software Corporation - Common Stock","2021-03-01 08:00:00-05:00",42.54,42.54,42.54,42.54,42.54,0
"PRGS","Progress Software Corporation - Common Stock","2021-03-01 09:30:00-05:00",42.959999084472656,43.31999969482422,42.21849822998047,43.0099983215332,43.0099983215332,29650
"PRGS","Progress Software Corporation - Common Stock","2021-03-01 10:30:00-05:00",43.005001068115234,43.18000030517578,42.93000030517578,42.95000076293945,42.95000076293945,22761
"PRGS","Progress Software Corporation - Common Stock","2021-03-01 11:30:00-05:00",42.900001525878906,43.33000183105469,42.84999847412109,43.25,43.25,31021
"PRGS","Progress Software Corporation - Common Stock","2021-03-01 12:30:00-05:00",43.2599983215332,43.540000915527344,43.16999816894531,43.4900016784668,43.4900016784668,35530
"PRGS","Progress Software Corporation - Common Stock","2021-03-01 13:30:00-05:00",43.52999877929688,43.77000045776367,43.43999862670898,43.72999954223633,43.72999954223633,53231
"PRGS","Progress Software Corporation - Common Stock","2021-03-01 14:30:00-05:00",43.709999084472656,43.79999923706055,43.43000030517578,43.54999923706055,43.54999923706055,28454
"PRGS","Progress Software Corporation - Common Stock","2021-03-01 15:30:00-05:00",43.59000015258789,43.65999984741211,43.47999954223633,43.619998931884766,43.619998931884766,46819
"PRGS","Progress Software Corporation - Common Stock","2021-03-01 16:00:00-05:00",43.61,43.61,43.61,43.61,43.61,0
"PRGS","Progress Software Corporation - Common Stock","2021-03-02 07:00:00-05:00",43.0,43.0,43.0,43.0,43.0,0
"PRGS","Progress Software Corporation - Common Stock","2021-03-02 08:00:00-05:00",43.61,43.61,43.61,43.61,43.61,0
"PRGS","Progress Software Corporation - Common Stock","2021-03-02 09:30:00-05:00",43.650001525878906,43.65999984741211,43.16999816894531,43.2599983215332,43.2599983215332,20469
"PRGS","Progress Software Corporation - Common Stock","2021-03-02 10:30:00-05:00",43.22999954223633,43.4900016784668,43.0099983215332,43.18999862670898,43.18999862670898,19530
"PRGS","Progress Software Corporation - Common Stock","2021-03-02 11:30:00-05:00",43.209999084472656,43.209999084472656,42.90999984741211,43.06499862670898,43.06499862670898,16959
"PRGS","Progress Software Corporation - Common Stock","2021-03-02 12:30:00-05:00",43.095001220703125,43.38999938964844,43.095001220703125,43.369998931884766,43.369998931884766,14598
"PRGS","Progress Software Corporation - Common Stock","2021-03-02 13:30:00-05:00",43.400001525878906,43.5099983215332,43.29999923706055,43.33000183105469,43.33000183105469,16683
"PRGS","Progress Software Corporation - Common Stock","2021-03-02 14:30:00-05:00",43.36000061035156,43.457298278808594,43.16999816894531,43.16999816894531,43.16999816894531,17285
"PRGS","Progress Software Corporation - Common Stock","2021-03-02 15:30:00-05:00",43.18000030517578,43.31999969482422,42.86000061035156,42.86000061035156,42.86000061035156,46554
"PRGS","Progress Software Corporation - Common Stock","2021-03-02 16:00:00-05:00",42.87,42.87,42.87,42.87,42.87,0
"PRGS","Progress Software Corporation - Common Stock","2021-03-03 08:00:00-05:00",42.87,42.87,42.87,42.87,42.87,0
"PRGS","Progress Software Corporation - Common Stock","2021-03-03 09:30:00-05:00",42.970001220703125,43.13999938964844,42.150001525878906,42.45000076293945,42.45000076293945,22338
"PRGS","Progress Software Corporation - Common Stock","2021-03-03 10:30:00-05:00",42.34000015258789,42.68999862670898,42.19499969482422,42.63999938964844,42.63999938964844,56520
"PRGS","Progress Software Corporation - Common Stock","2021-03-03 11:30:00-05:00",42.63999938964844,42.72999954223633,42.380001068115234,42.525001525878906,42.525001525878906,21137
"PRGS","Progress Software Corporation - Common Stock","2021-03-03 12:30:00-05:00",42.52000045776367,42.59000015258789,42.34000015258789,42.560001373291016,42.560001373291016,17309
"PRGS","Progress Software Corporation - Common Stock","2021-03-03 13:30:00-05:00",42.52999877929688,42.650001525878906,42.31999969482422,42.34000015258789,42.34000015258789,21067
"PRGS","Progress Software Corporation - Common Stock","2021-03-03 14:30:00-05:00",42.34999847412109,42.650001525878906,42.25,42.40999984741211,42.40999984741211,32191
"PRGS","Progress Software Corporation - Common Stock","2021-03-03 15:30:00-05:00",42.41999816894531,42.43999862670898,42.130001068115234,42.130001068115234,42.130001068115234,48144
"PRGS","Progress Software Corporation - Common Stock","2021-03-03 16:00:00-05:00",42.19,42.19,41.81,42.19,42.19,0
"PRGS","Progress Software Corporation - Common Stock","2021-03-04 08:00:00-05:00",42.19,42.19,42.19,42.19,42.19,0
"PRGS","Progress Software Corporation - Common Stock","2021-03-04 09:30:00-05:00",42.29999923706055,42.470001220703125,41.66999816894531,42.18000030517578,42.18000030517578,66455
"PRGS","Progress Software Corporation - Common Stock","2021-03-04 10:30:00-05:00",42.10499954223633,42.650001525878906,42.04999923706055,42.459999084472656,42.459999084472656,25630
"PRGS","Progress Software Corporation - Common Stock","2021-03-04 11:30:00-05:00",42.5099983215332,43.08000183105469,42.47999954223633,42.88999938964844,42.88999938964844,59132
"PRGS","Progress Software Corporation - Common Stock","2021-03-04 12:30:00-05:00",42.834999084472656,42.834999084472656,42.08000183105469,42.4900016784668,42.4900016784668,42413
"PRGS","Progress Software Corporation - Common Stock","2021-03-04 13:30:00-05:00",42.5,42.5,41.92499923706055,42.2400016784668,42.2400016784668,39771
"PRGS","Progress Software Corporation - Common Stock","2021-03-04 14:30:00-05:00",42.150001525878906,42.459999084472656,41.97999954223633,42.2599983215332,42.2599983215332,37894
"PRGS","Progress Software Corporation - Common Stock","2021-03-04 15:30:00-05:00",42.244998931884766,42.40999984741211,42.125,42.27000045776367,42.27000045776367,87640
"PRGS","Progress Software Corporation - Common Stock","2021-03-04 16:00:00-05:00",42.32,42.32,42.32,42.32,42.32,0
"PRGS","Progress Software Corporation - Common Stock","2021-03-04 17:00:00-05:00",42.32,42.32,42.32,42.32,42.32,0
"PRGS","Progress Software Corporation - Common Stock","2021-03-05 08:00:00-05:00",42.32,42.32,42.32,42.32,42.32,0
"PRGS","Progress Software Corporation - Common Stock","2021-03-05 09:00:00-05:00",42.31,42.31,42.31,42.31,42.31,0
"PRGS","Progress Software Corporation - Common Stock","2021-03-05 09:30:00-05:00",43.040000915527344,43.040000915527344,42.400001525878906,42.4900016784668,42.4900016784668,35986
"PRGS","Progress Software Corporation - Common Stock","2021-03-05 10:30:00-05:00",42.40999984741211,42.81999969482422,42.1349983215332,42.34000015258789,42.34000015258789,38438
"PRGS","Progress Software Corporation - Common Stock","2021-03-05 11:30:00-05:00",42.43000030517578,42.86000061035156,42.31999969482422,42.86000061035156,42.86000061035156,29297
"PRGS","Progress Software Corporation - Common Stock","2021-03-05 12:30:00-05:00",42.90999984741211,43.369998931884766,42.81999969482422,43.345001220703125,43.345001220703125,23118
"PRGS","Progress Software Corporation - Common Stock","2021-03-05 13:30:00-05:00",43.36000061035156,43.38999938964844,43.0099983215332,43.150001525878906,43.150001525878906,15709
"PRGS","Progress Software Corporation - Common Stock","2021-03-05 14:30:00-05:00",43.18999862670898,43.54999923706055,43.15999984741211,43.40999984741211,43.40999984741211,35965
"PRGS","Progress Software Corporation - Common Stock","2021-03-05 15:30:00-05:00",43.40999984741211,43.7400016784668,43.35499954223633,43.56999969482422,43.56999969482422,51709
"PRGS","Progress Software Corporation - Common Stock","2021-03-05 16:00:00-05:00",43.62,43.62,43.62,43.62,43.62,0
"PRGS","Progress Software Corporation - Common Stock","2021-03-08 06:00:00-05:00",42.9,42.9,42.9,42.9,42.9,0
"PRGS","Progress Software Corporation - Common Stock","2021-03-08 08:00:00-05:00",43.62,43.62,43.62,43.62,43.62,0
"PRGS","Progress Software Corporation - Common Stock","2021-03-08 09:30:00-05:00",43.61000061035156,44.02999877929688,42.970001220703125,44.02999877929688,44.02999877929688,31524
"PRGS","Progress Software Corporation - Common Stock","2021-03-08 10:30:00-05:00",44.060001373291016,44.060001373291016,43.7400016784668,43.83000183105469,43.83000183105469,25947
"PRGS","Progress Software Corporation - Common Stock","2021-03-08 11:30:00-05:00",43.77999877929688,43.790000915527344,43.459999084472656,43.77999877929688,43.77999877929688,22778
"PRGS","Progress Software Corporation - Common Stock","2021-03-08 12:30:00-05:00",43.81999969482422,43.9900016784668,43.69499969482422,43.959999084472656,43.959999084472656,16888
"PRGS","Progress Software Corporation - Common Stock","2021-03-08 13:30:00-05:00",43.959999084472656,43.97999954223633,43.47999954223633,43.72999954223633,43.72999954223633,21018
"PRGS","Progress Software Corporation - Common Stock","2021-03-08 14:30:00-05:00",43.749000549316406,43.75,43.45000076293945,43.61000061035156,43.61000061035156,30198
"PRGS","Progress Software Corporation - Common Stock","2021-03-08 15:30:00-05:00",43.59999847412109,43.93000030517578,43.58000183105469,43.77000045776367,43.77000045776367,55170
"PRGS","Progress Software Corporation - Common Stock","2021-03-08 16:00:00-05:00",43.72,43.72,43.72,43.72,43.72,0
"PRGS","Progress Software Corporation - Common Stock","2021-03-08 17:00:00-05:00",43.72,43.72,43.72,43.72,43.72,0
"PRGS","Progress Software Corporation - Common Stock","2021-03-09 08:00:00-05:00",43.72,43.72,43.72,43.72,43.72,0
"PRGS","Progress Software Corporation - Common Stock","2021-03-09 09:30:00-05:00",44.41999816894531,44.93999862670898,44.09000015258789,44.810001373291016,44.810001373291016,34343
"PRGS","Progress Software Corporation - Common Stock","2021-03-09 10:30:00-05:00",44.84000015258789,45.18999862670898,44.400001525878906,44.400001525878906,44.400001525878906,43432
"PRGS","Progress Software Corporation - Common Stock","2021-03-09 11:30:00-05:00",44.43000030517578,44.4900016784668,44.119998931884766,44.38999938964844,44.38999938964844,21305
"PRGS","Progress Software Corporation - Common Stock","2021-03-09 12:30:00-05:00",44.45000076293945,44.4900016784668,44.25,44.34999847412109,44.34999847412109,17857
"PRGS","Progress Software Corporation - Common Stock","2021-03-09 13:30:00-05:00",44.34999847412109,44.5,44.290000915527344,44.380001068115234,44.380001068115234,18530
"PRGS","Progress Software Corporation - Common Stock","2021-03-09 14:30:00-05:00",44.380001068115234,44.52000045776367,44.25,44.46500015258789,44.46500015258789,20912
"PRGS","Progress Software Corporation - Common Stock","2021-03-09 15:30:00-05:00",44.459999084472656,44.48500061035156,44.119998931884766,44.2599983215332,44.2599983215332,40164
"PRGS","Progress Software Corporation - Common Stock","2021-03-09 16:00:00-05:00",44.23,44.23,42.01,42.01,42.01,0
"PRGS","Progress Software Corporation - Common Stock","2021-03-10 08:00:00-05:00",44.0,44.5,44.0,44.5,44.5,0
"PRGS","Progress Software Corporation - Common Stock","2021-03-10 09:30:00-05:00",44.43999862670898,44.66999816894531,43.4900016784668,44.13999938964844,44.13999938964844,31917
"PRGS","Progress Software Corporation - Common Stock","2021-03-10 10:30:00-05:00",44.16999816894531,44.650001525878906,44.16999816894531,44.47999954223633,44.47999954223633,21215
"PRGS","Progress Software Corporation - Common Stock","2021-03-10 11:30:00-05:00",44.5,44.70000076293945,44.33000183105469,44.54999923706055,44.54999923706055,15433
"PRGS","Progress Software Corporation - Common Stock","2021-03-10 12:30:00-05:00",44.58000183105469,44.63999938964844,44.41999816894531,44.58000183105469,44.58000183105469,16302
"PRGS","Progress Software Corporation - Common Stock","2021-03-10 13:30:00-05:00",44.619998931884766,44.68999862670898,44.41999816894531,44.540000915527344,44.540000915527344,13627
"PRGS","Progress Software Corporation - Common Stock","2021-03-10 14:30:00-05:00",44.59999847412109,44.790000915527344,44.560001373291016,44.790000915527344,44.790000915527344,13034
"PRGS","Progress Software Corporation - Common Stock","2021-03-10 15:30:00-05:00",44.70000076293945,44.93999862670898,44.63999938964844,44.84999847412109,44.84999847412109,38440
"PRGS","Progress Software Corporation - Common Stock","2021-03-10 16:00:00-05:00",44.85,45.1,44.684,45.05,45.05,0
"PRGS","Progress Software Corporation - Common Stock","2021-03-10 17:00:00-05:00",45.05,45.05,45.05,45.05,45.05,0
"PRGS","Progress Software Corporation - Common Stock","2021-03-11 08:00:00-05:00",44.85,44.85,44.85,44.85,44.85,0
"PRGS","Progress Software Corporation - Common Stock","2021-03-11 09:00:00-05:00",45.24,45.38,45.24,45.38,45.38,0
"PRGS","Progress Software Corporation - Common Stock","2021-03-11 09:30:00-05:00",44.93999862670898,45.5099983215332,44.75,45.310001373291016,45.310001373291016,21759
"PRGS","Progress Software Corporation - Common Stock","2021-03-11 10:30:00-05:00",45.34000015258789,45.72499847412109,45.220001220703125,45.68000030517578,45.68000030517578,23259
"PRGS","Progress Software Corporation - Common Stock","2021-03-11 11:30:00-05:00",45.650001525878906,45.709999084472656,45.5099983215332,45.54999923706055,45.54999923706055,15370
"PRGS","Progress Software Corporation - Common Stock","2021-03-11 12:30:00-05:00",45.459999084472656,45.755001068115234,45.45000076293945,45.54999923706055,45.54999923706055,19087
"PRGS","Progress Software Corporation - Common Stock","2021-03-11 13:30:00-05:00",45.540000915527344,45.54999923706055,45.22999954223633,45.415000915527344,45.415000915527344,18461
"PRGS","Progress Software Corporation - Common Stock","2021-03-11 14:30:00-05:00",45.40499877929688,45.459999084472656,45.31999969482422,45.45000076293945,45.45000076293945,24751
"PRGS","Progress Software Corporation - Common Stock","2021-03-11 15:30:00-05:00",45.43999862670898,45.59999847412109,45.38999938964844,45.560001373291016,45.560001373291016,51463
"PRGS","Progress Software Corporation - Common Stock","2021-03-11 16:00:00-05:00",45.54,45.54,45.54,45.54,45.54,0
"PRGS","Progress Software Corporation - Common Stock","2021-03-12 08:00:00-05:00",45.54,45.54,45.54,45.54,45.54,0
"PRGS","Progress Software Corporation - Common Stock","2021-03-12 09:30:00-05:00",45.54999923706055,45.58599853515625,44.93999862670898,45.130001068115234,45.130001068115234,19274
"PRGS","Progress Software Corporation - Common Stock","2021-03-12 10:30:00-05:00",45.16999816894531,45.2400016784668,45.04999923706055,45.09000015258789,45.09000015258789,8599
"PRGS","Progress Software Corporation - Common Stock","2021-03-12 11:30:00-05:00",45.18999862670898,45.27000045776367,44.93999862670898,45.25,45.25,11231
"PRGS","Progress Software Corporation - Common Stock","2021-03-12 12:30:00-05:00",45.25,45.41999816894531,45.209999084472656,45.33000183105469,45.33000183105469,14543
"PRGS","Progress Software Corporation - Common Stock","2021-03-12 13:30:00-05:00",45.33000183105469,45.34999847412109,45.119998931884766,45.31999969482422,45.31999969482422,13448
"PRGS","Progress Software Corporation - Common Stock","2021-03-12 14:30:00-05:00",45.34000015258789,45.470001220703125,45.2400016784668,45.34999847412109,45.34999847412109,20800
"PRGS","Progress Software Corporation - Common Stock","2021-03-12 15:30:00-05:00",45.35499954223633,45.61000061035156,45.35499954223633,45.45000076293945,45.45000076293945,42567
"PRGS","Progress Software Corporation - Common Stock","2021-03-12 16:00:00-05:00",45.45,45.45,45.45,45.45,45.45,0
"PRGS","Progress Software Corporation - Common Stock","2021-03-15 08:00:00-04:00",45.45,45.45,45.45,45.45,45.45,0
"PRGS","Progress Software Corporation - Common Stock","2021-03-15 09:30:00-04:00",45.2400016784668,45.5,45.0,45.13999938964844,45.13999938964844,25426
"PRGS","Progress Software Corporation - Common Stock","2021-03-15 10:30:00-04:00",45.15999984741211,45.56999969482422,45.05009841918945,45.34000015258789,45.34000015258789,21392
"PRGS","Progress Software Corporation - Common Stock","2021-03-15 11:30:00-04:00",45.34000015258789,45.43000030517578,45.02999877929688,45.38999938964844,45.38999938964844,23349
"PRGS","Progress Software Corporation - Common Stock","2021-03-15 12:30:00-04:00",45.459999084472656,45.59999847412109,45.459999084472656,45.54999923706055,45.54999923706055,15197
"PRGS","Progress Software Corporation - Common Stock","2021-03-15 13:30:00-04:00",45.540000915527344,45.540000915527344,45.310001373291016,45.40999984741211,45.40999984741211,22773
"PRGS","Progress Software Corporation - Common Stock","2021-03-15 14:30:00-04:00",45.415000915527344,45.43000030517578,45.150001525878906,45.15999984741211,45.15999984741211,22965
"PRGS","Progress Software Corporation - Common Stock","2021-03-15 15:30:00-04:00",45.15499877929688,45.41999816894531,45.119998931884766,45.36000061035156,45.36000061035156,41219
"PRGS","Progress Software Corporation - Common Stock","2021-03-15 16:00:00-04:00",45.4,45.4,45.205,45.205,45.205,0
"PRGS","Progress Software Corporation - Common Stock","2021-03-16 08:00:00-04:00",45.4,45.4,45.4,45.4,45.4,0
"PRGS","Progress Software Corporation - Common Stock","2021-03-16 09:00:00-04:00",45.4,45.4,45.4,45.4,45.4,0
"PRGS","Progress Software Corporation - Common Stock","2021-03-16 09:30:00-04:00",45.11000061035156,45.290000915527344,44.875,45.040000915527344,45.040000915527344,27079
"PRGS","Progress Software Corporation - Common Stock","2021-03-16 10:30:00-04:00",44.9900016784668,45.03499984741211,44.58000183105469,44.68000030517578,44.68000030517578,17419
"PRGS","Progress Software Corporation - Common Stock","2021-03-16 11:30:00-04:00",44.68000030517578,44.95000076293945,44.540000915527344,44.7400016784668,44.7400016784668,17576
"PRGS","Progress Software Corporation - Common Stock","2021-03-16 12:30:00-04:00",44.79999923706055,44.86000061035156,44.72999954223633,44.83000183105469,44.83000183105469,20531
"PRGS","Progress Software Corporation - Common Stock","2021-03-16 13:30:00-04:00",44.790000915527344,44.81999969482422,44.68999862670898,44.68999862670898,44.68999862670898,17708
"PRGS","Progress Software Corporation - Common Stock","2021-03-16 14:30:00-04:00",44.685001373291016,44.75,44.58000183105469,44.66999816894531,44.66999816894531,19567
"PRGS","Progress Software Corporation - Common Stock","2021-03-16 15:30:00-04:00",44.63999938964844,44.880001068115234,44.59000015258789,44.650001525878906,44.650001525878906,44197
"PRGS","Progress Software Corporation - Common Stock","2021-03-16 16:00:00-04:00",44.61,44.7194,44.61,44.7194,44.7194,0
"PRGS","Progress Software Corporation - Common Stock","2021-03-17 08:00:00-04:00",43.93,44.61,43.93,44.61,44.61,0
"PRGS","Progress Software Corporation - Common Stock","2021-03-17 09:30:00-04:00",44.5099983215332,44.5099983215332,43.810001373291016,44.18999862670898,44.18999862670898,24423
"PRGS","Progress Software Corporation - Common Stock","2021-03-17 10:30:00-04:00",44.18000030517578,44.45000076293945,44.130001068115234,44.45000076293945,44.45000076293945,17966
"PRGS","Progress Software Corporation - Common Stock","2021-03-17 11:30:00-04:00",44.41999816894531,44.45000076293945,44.150001525878906,44.27999877929688,44.27999877929688,18559
"PRGS","Progress Software Corporation - Common Stock","2021-03-17 12:30:00-04:00",44.22999954223633,44.38999938964844,44.158199310302734,44.38999938964844,44.38999938964844,16411
"PRGS","Progress Software Corporation - Common Stock","2021-03-17 13:30:00-04:00",44.380001068115234,44.77000045776367,44.27999877929688,44.54999923706055,44.54999923706055,18445
"PRGS","Progress Software Corporation - Common Stock","2021-03-17 14:30:00-04:00",44.52999877929688,45.150001525878906,44.47999954223633,44.79499816894531,44.79499816894531,34983
"PRGS","Progress Software Corporation - Common Stock","2021-03-17 15:30:00-04:00",44.77999877929688,44.880001068115234,44.45000076293945,44.81999969482422,44.81999969482422,61414
"PRGS","Progress Software Corporation - Common Stock","2021-03-17 16:00:00-04:00",44.82,44.82,44.82,44.82,44.82,0
"PRGS","Progress Software Corporation - Common Stock","2021-03-17 17:00:00-04:00",43.5,43.5,43.5,43.5,43.5,0
"PRGS","Progress Software Corporation - Common Stock","2021-03-18 08:00:00-04:00",44.82,44.82,44.82,44.82,44.82,0
"PRGS","Progress Software Corporation - Common Stock","2021-03-18 09:30:00-04:00",44.34999847412109,44.58000183105469,44.0099983215332,44.35499954223633,44.35499954223633,28893
"PRGS","Progress Software Corporation - Common Stock","2021-03-18 10:30:00-04:00",44.31999969482422,44.41999816894531,44.02000045776367,44.41999816894531,44.41999816894531,24685
"PRGS","Progress Software Corporation - Common Stock","2021-03-18 11:30:00-04:00",44.369998931884766,44.38999938964844,43.93000030517578,44.27000045776367,44.27000045776367,24989
"PRGS","Progress Software Corporation - Common Stock","2021-03-18 12:30:00-04:00",44.27999877929688,44.27999877929688,43.95000076293945,44.18000030517578,44.18000030517578,22135
"PRGS","Progress Software Corporation - Common Stock","2021-03-18 13:30:00-04:00",44.21500015258789,44.21500015258789,43.665000915527344,43.66999816894531,43.66999816894531,23129
"PRGS","Progress Software Corporation - Common Stock","2021-03-18 14:30:00-04:00",43.70000076293945,43.70000076293945,43.459999084472656,43.54999923706055,43.54999923706055,44004
"PRGS","Progress Software Corporation - Common Stock","2021-03-18 15:30:00-04:00",43.52999877929688,43.61000061035156,42.9900016784668,43.06999969482422,43.06999969482422,104589
"PRGS","Progress Software Corporation - Common Stock","2021-03-18 16:00:00-04:00",43.07,43.07,43.07,43.07,43.07,57817
"PRGS","Progress Software Corporation - Common Stock","2021-03-18 18:00:00-04:00",43.07,43.07,43.07,43.07,43.07,0
"PRGS","Progress Software Corporation - Common Stock","2021-03-19 08:00:00-04:00",43.07,43.07,43.07,43.07,43.07,0
"PRGS","Progress Software Corporation - Common Stock","2021-03-19 09:30:00-04:00",42.7599983215332,43.72999954223633,42.7599983215332,43.27000045776367,43.27000045776367,164697
"PRGS","Progress Software Corporation - Common Stock","2021-03-19 10:30:00-04:00",43.27000045776367,43.6150016784668,43.060001373291016,43.369998931884766,43.369998931884766,47700
"PRGS","Progress Software Corporation - Common Stock","2021-03-19 11:30:00-04:00",43.43000030517578,44.11000061035156,43.41999816894531,43.95000076293945,43.95000076293945,24595
"PRGS","Progress Software Corporation - Common Stock","2021-03-19 12:30:00-04:00",43.97999954223633,44.08000183105469,43.68000030517578,43.68000030517578,43.68000030517578,31001
"PRGS","Progress Software Corporation - Common Stock","2021-03-19 13:30:00-04:00",43.720001220703125,43.93999862670898,43.63999938964844,43.900001525878906,43.900001525878906,30090
"PRGS","Progress Software Corporation - Common Stock","2021-03-19 14:30:00-04:00",43.900001525878906,44.11000061035156,43.900001525878906,44.060001373291016,44.060001373291016,27899
"PRGS","Progress Software Corporation - Common Stock","2021-03-19 15:30:00-04:00",44.02000045776367,44.16999816894531,43.7599983215332,43.83000183105469,43.83000183105469,77018
"PRGS","Progress Software Corporation - Common Stock","2021-03-19 16:00:00-04:00",43.86,43.862,43.07,43.86,43.86,0
"PRGS","Progress Software Corporation - Common Stock","2021-03-19 17:00:00-04:00",43.86,43.86,43.86,43.86,43.86,0
"PRGS","Progress Software Corporation - Common Stock","2021-03-22 08:00:00-04:00",43.86,43.86,43.86,43.86,43.86,0
"PRGS","Progress Software Corporation - Common Stock","2021-03-22 09:30:00-04:00",43.970001220703125,44.709999084472656,43.88999938964844,44.369998931884766,44.369998931884766,28295
"PRGS","Progress Software Corporation - Common Stock","2021-03-22 10:30:00-04:00",44.415000915527344,44.415000915527344,44.08000183105469,44.18000030517578,44.18000030517578,18939
"PRGS","Progress Software Corporation - Common Stock","2021-03-22 11:30:00-04:00",44.185001373291016,44.380001068115234,44.130001068115234,44.25,44.25,11302
"PRGS","Progress Software Corporation - Common Stock","2021-03-22 12:30:00-04:00",44.255001068115234,44.45500183105469,44.22999954223633,44.40999984741211,44.40999984741211,11892
"PRGS","Progress Software Corporation - Common Stock","2021-03-22 13:30:00-04:00",44.41999816894531,44.540000915527344,44.40999984741211,44.43000030517578,44.43000030517578,12827
"PRGS","Progress Software Corporation - Common Stock","2021-03-22 14:30:00-04:00",44.459999084472656,44.55500030517578,44.345001220703125,44.380001068115234,44.380001068115234,16514
"PRGS","Progress Software Corporation - Common Stock","2021-03-22 15:30:00-04:00",44.36000061035156,44.45000076293945,44.1349983215332,44.27999877929688,44.27999877929688,38094
"PRGS","Progress Software Corporation - Common Stock","2021-03-22 16:00:00-04:00",44.27,44.27,44.27,44.27,44.27,28250
"PRGS","Progress Software Corporation - Common Stock","2021-03-22 17:00:00-04:00",44.27,44.27,44.15,44.15,44.15,0
"PRGS","Progress Software Corporation - Common Stock","2021-03-23 09:00:00-04:00",44.27,44.27,44.27,44.27,44.27,0
"PRGS","Progress Software Corporation - Common Stock","2021-03-23 09:30:00-04:00",44.18999862670898,44.52999877929688,43.7599983215332,43.93880081176758,43.93880081176758,17515
"PRGS","Progress Software Corporation - Common Stock","2021-03-23 10:30:00-04:00",43.84999847412109,44.025001525878906,43.52000045776367,43.9900016784668,43.9900016784668,20810
"PRGS","Progress Software Corporation - Common Stock","2021-03-23 11:30:00-04:00",44.02000045776367,44.02000045776367,43.68000030517578,43.75,43.75,11496
"PRGS","Progress Software Corporation - Common Stock","2021-03-23 12:30:00-04:00",43.7599983215332,43.810001373291016,43.65999984741211,43.65999984741211,43.65999984741211,23254
"PRGS","Progress Software Corporation - Common Stock","2021-03-23 13:30:00-04:00",43.63999938964844,43.63999938964844,43.40999984741211,43.5,43.5,21644
"PRGS","Progress Software Corporation - Common Stock","2021-03-23 14:30:00-04:00",43.5,43.51750183105469,43.04999923706055,43.095001220703125,43.095001220703125,27005
"PRGS","Progress Software Corporation - Common Stock","2021-03-23 15:30:00-04:00",43.08000183105469,43.08000183105469,42.790000915527344,42.90999984741211,42.90999984741211,67241
"PRGS","Progress Software Corporation - Common Stock","2021-03-23 16:00:00-04:00",42.91,42.91,42.91,42.91,42.91,0
"PRGS","Progress Software Corporation - Common Stock","2021-03-23 17:00:00-04:00",42.91,42.91,42.91,42.91,42.91,0
"PRGS","Progress Software Corporation - Common Stock","2021-03-24 05:00:00-04:00",42.91,42.91,42.91,42.91,42.91,0
"PRGS","Progress Software Corporation - Common Stock","2021-03-24 08:00:00-04:00",42.91,42.91,42.91,42.91,42.91,0
"PRGS","Progress Software Corporation - Common Stock","2021-03-24 09:30:00-04:00",43.33000183105469,43.7843017578125,42.68999862670898,42.709999084472656,42.709999084472656,26775
"PRGS","Progress Software Corporation - Common Stock","2021-03-24 10:30:00-04:00",42.7599983215332,43.2599983215332,42.7599983215332,43.025001525878906,43.025001525878906,26656
"PRGS","Progress Software Corporation - Common Stock","2021-03-24 11:30:00-04:00",42.994998931884766,42.994998931884766,42.52999877929688,42.79999923706055,42.79999923706055,17813
"PRGS","Progress Software Corporation - Common Stock","2021-03-24 12:30:00-04:00",42.79499816894531,42.92499923706055,42.400001525878906,42.560001373291016,42.560001373291016,16235
"PRGS","Progress Software Corporation - Common Stock","2021-03-24 13:30:00-04:00",42.55500030517578,42.81999969482422,42.47999954223633,42.47999954223633,42.47999954223633,20089
"PRGS","Progress Software Corporation - Common Stock","2021-03-24 14:30:00-04:00",42.43999862670898,42.58000183105469,42.15999984741211,42.15999984741211,42.15999984741211,29778
"PRGS","Progress Software Corporation - Common Stock","2021-03-24 15:30:00-04:00",42.150001525878906,42.22999954223633,41.810001373291016,41.81999969482422,41.81999969482422,60489
"PRGS","Progress Software Corporation - Common Stock","2021-03-24 16:00:00-04:00",41.82,42.5,41.65,41.65,41.65,0
"PRGS","Progress Software Corporation - Common Stock","2021-03-24 18:00:00-04:00",41.471,41.471,41.471,41.471,41.471,0
"PRGS","Progress Software Corporation - Common Stock","2021-03-25 04:00:00-04:00",41.82,41.82,41.82,41.82,41.82,0
"PRGS","Progress Software Corporation - Common Stock","2021-03-25 07:00:00-04:00",41.85,42.0,41.82,42.0,42.0,0
"PRGS","Progress Software Corporation - Common Stock","2021-03-25 08:00:00-04:00",41.66,41.66,41.52,41.52,41.52,0
"PRGS","Progress Software Corporation - Common Stock","2021-03-25 09:30:00-04:00",41.880001068115234,42.02999877929688,41.369998931884766,41.720001220703125,41.720001220703125,43620
"PRGS","Progress Software Corporation - Common Stock","2021-03-25 10:30:00-04:00",41.630001068115234,41.630001068115234,41.060001373291016,41.45000076293945,41.45000076293945,19476
"PRGS","Progress Software Corporation - Common Stock","2021-03-25 11:30:00-04:00",41.52999877929688,42.040000915527344,41.34999847412109,41.95000076293945,41.95000076293945,36260
"PRGS","Progress Software Corporation - Common Stock","2021-03-25 12:30:00-04:00",41.88999938964844,41.93000030517578,41.45000076293945,41.58000183105469,41.58000183105469,28671
"PRGS","Progress Software Corporation - Common Stock","2021-03-25 13:30:00-04:00",41.58000183105469,41.65999984741211,41.34999847412109,41.38999938964844,41.38999938964844,18917
"PRGS","Progress Software Corporation - Common Stock","2021-03-25 14:30:00-04:00",41.310001373291016,41.83000183105469,41.310001373291016,41.67499923706055,41.67499923706055,20568
"PRGS","Progress Software Corporation - Common Stock","2021-03-25 15:30:00-04:00",41.709999084472656,41.90999984741211,41.54999923706055,41.79999923706055,41.79999923706055,91695
"PRGS","Progress Software Corporation - Common Stock","2021-03-25 16:00:00-04:00",41.8,44.28,41.8,41.8,41.8,0
"PRGS","Progress Software Corporation - Common Stock","2021-03-25 17:00:00-04:00",42.6,42.9,42.6,42.9,42.9,0
"PRGS","Progress Software Corporation - Common Stock","2021-03-25 18:00:00-04:00",42.84,43.3,42.8,43.3,43.3,0
"PRGS","Progress Software Corporation - Common Stock","2021-03-25 19:00:00-04:00",42.9,43.3,42.9,43.3,43.3,0
"PRGS","Progress Software Corporation - Common Stock","2021-03-26 06:00:00-04:00",42.1,42.1,42.1,42.1,42.1,0
"PRGS","Progress Software Corporation - Common Stock","2021-03-26 07:00:00-04:00",42.1,42.1,42.1,42.1,42.1,0
"PRGS","Progress Software Corporation - Common Stock","2021-03-26 08:00:00-04:00",42.08,42.9,41.8,42.3,42.3,0
"PRGS","Progress Software Corporation - Common Stock","2021-03-26 09:00:00-04:00",43.4999,43.5,43.45,43.5,43.5,0
"PRGS","Progress Software Corporation - Common Stock","2021-03-26 09:30:00-04:00",43.5,44.33000183105469,43.22999954223633,43.68000030517578,43.68000030517578,87916
"PRGS","Progress Software Corporation - Common Stock","2021-03-26 10:30:00-04:00",43.73500061035156,44.2599983215332,43.3650016784668,43.77999877929688,43.77999877929688,43978
"PRGS","Progress Software Corporation - Common Stock","2021-03-26 11:30:00-04:00",43.80500030517578,43.97999954223633,43.470001220703125,43.88999938964844,43.88999938964844,43753
"PRGS","Progress Software Corporation - Common Stock","2021-03-26 12:30:00-04:00",43.915000915527344,43.915000915527344,43.52000045776367,43.54499816894531,43.54499816894531,39124
"PRGS","Progress Software Corporation - Common Stock","2021-03-26 13:30:00-04:00",43.47999954223633,43.630001068115234,43.34000015258789,43.5099983215332,43.5099983215332,34135
"PRGS","Progress Software Corporation - Common Stock","2021-03-26 14:30:00-04:00",43.5099983215332,43.68000030517578,43.31999969482422,43.59999847412109,43.59999847412109,53314
"PRGS","Progress Software Corporation - Common Stock","2021-03-26 15:30:00-04:00",43.619998931884766,44.310001373291016,43.58000183105469,44.27000045776367,44.27000045776367,75464
"PRGS","Progress Software Corporation - Common Stock","2021-03-26 16:00:00-04:00",44.27,44.27,44.27,44.27,44.27,0
"PRGS","Progress Software Corporation - Common Stock","2021-03-26 17:00:00-04:00",44.2,44.2,44.2,44.2,44.2,0
"PRGS","Progress Software Corporation - Common Stock","2021-03-29 08:00:00-04:00",44.27,44.27,44.27,44.27,44.27,0
"PRGS","Progress Software Corporation - Common Stock","2021-03-29 09:30:00-04:00",44.25,44.70000076293945,43.5,43.72999954223633,43.72999954223633,22449
"PRGS","Progress Software Corporation - Common Stock","2021-03-29 10:30:00-04:00",43.70000076293945,43.81999969482422,43.307498931884766,43.307498931884766,43.307498931884766,28032
"PRGS","Progress Software Corporation - Common Stock","2021-03-29 11:30:00-04:00",43.369998931884766,43.869998931884766,43.31999969482422,43.380001068115234,43.380001068115234,21912
"PRGS","Progress Software Corporation - Common Stock","2021-03-29 12:30:00-04:00",43.34999847412109,44.0,43.2400016784668,43.76499938964844,43.76499938964844,21857
"PRGS","Progress Software Corporation - Common Stock","2021-03-29 13:30:00-04:00",43.70000076293945,43.84999847412109,43.310001373291016,43.45000076293945,43.45000076293945,23374
"PRGS","Progress Software Corporation - Common Stock","2021-03-29 14:30:00-04:00",43.45000076293945,43.560001373291016,43.125,43.55500030517578,43.55500030517578,27730
"PRGS","Progress Software Corporation - Common Stock","2021-03-29 15:30:00-04:00",43.52999877929688,43.619998931884766,43.290000915527344,43.29999923706055,43.29999923706055,60910
"PRGS","Progress Software Corporation - Common Stock","2021-03-29 16:00:00-04:00",43.305,43.3053,43.3,43.305,43.305,0
"PRGS","Progress Software Corporation - Common Stock","2021-03-29 17:00:00-04:00",44.27,44.27,43.305,43.305,43.305,0
"PRGS","Progress Software Corporation - Common Stock","2021-03-30 08:00:00-04:00",43.305,43.305,43.305,43.305,43.305,0
"PRGS","Progress Software Corporation - Common Stock","2021-03-30 09:30:00-04:00",42.93999862670898,43.459999084472656,42.65999984741211,43.38999938964844,43.38999938964844,26384
"PRGS","Progress Software Corporation - Common Stock","2021-03-30 10:30:00-04:00",43.38999938964844,43.875,43.34000015258789,43.54999923706055,43.54999923706055,26107
"PRGS","Progress Software Corporation - Common Stock","2021-03-30 11:30:00-04:00",43.540000915527344,43.970001220703125,43.47999954223633,43.81499862670898,43.81499862670898,25627
"PRGS","Progress Software Corporation - Common Stock","2021-03-30 12:30:00-04:00",43.81999969482422,43.93000030517578,43.64500045776367,43.83000183105469,43.83000183105469,20246
"PRGS","Progress Software Corporation - Common Stock","2021-03-30 13:30:00-04:00",43.82500076293945,43.82500076293945,43.45000076293945,43.63999938964844,43.63999938964844,21917
"PRGS","Progress Software Corporation - Common Stock","2021-03-30 14:30:00-04:00",43.65499877929688,43.880001068115234,43.560001373291016,43.84999847412109,43.84999847412109,31473
"PRGS","Progress Software Corporation - Common Stock","2021-03-30 15:30:00-04:00",43.84000015258789,43.93999862670898,43.59000015258789,43.709999084472656,43.709999084472656,58046
"PRGS","Progress Software Corporation - Common Stock","2021-03-30 16:00:00-04:00",43.71,43.7101,43.71,43.7101,43.7101,0
"PRGS","Progress Software Corporation - Common Stock","2021-04-01 09:30:00-04:00",44.470001220703125,45.06999969482422,43.61859893798828,44.75,44.75,0
"PRGS","Progress Software Corporation - Common Stock","2021-04-01 10:30:00-04:00",44.75,45.060001373291016,44.70000076293945,45.0,45.0,16391
"PRGS","Progress Software Corporation - Common Stock","2021-04-01 11:30:00-04:00",45.060001373291016,45.060001373291016,44.84999847412109,44.88999938964844,44.88999938964844,14480
"PRGS","Progress Software Corporation - Common Stock","2021-04-01 12:30:00-04:00",44.900001525878906,44.93000030517578,44.630001068115234,44.630001068115234,44.630001068115234,9950
"PRGS","Progress Software Corporation - Common Stock","2021-04-01 13:30:00-04:00",44.70000076293945,44.81999969482422,44.650001525878906,44.78499984741211,44.78499984741211,12769
"PRGS","Progress Software Corporation - Common Stock","2021-04-01 14:30:00-04:00",44.790000915527344,44.880001068115234,44.540000915527344,44.65999984741211,44.65999984741211,15084
"PRGS","Progress Software Corporation - Common Stock","2021-04-01 15:30:00-04:00",44.65999984741211,45.09000015258789,44.65999984741211,45.060001373291016,45.060001373291016,53286
"PRGS","Progress Software Corporation - Common Stock","2021-04-01 16:00:00-04:00",45.04,45.04,45.04,45.04,45.04,36427
"PRGS","Progress Software Corporation - Common Stock","2021-04-01 19:00:00-04:00",45.47,45.49,45.47,45.49,45.49,0
"PRGS","Progress Software Corporation - Common Stock","2021-04-05 08:00:00-04:00",45.2,45.2,45.04,45.04,45.04,0
"PRGS","Progress Software Corporation - Common Stock","2021-04-05 09:30:00-04:00",45.060001373291016,45.400001525878906,44.8671989440918,45.36000061035156,45.36000061035156,30045
"PRGS","Progress Software Corporation - Common Stock","2021-04-05 10:30:00-04:00",45.35919952392578,45.380001068115234,45.25659942626953,45.34000015258789,45.34000015258789,11161
"PRGS","Progress Software Corporation - Common Stock","2021-04-05 11:30:00-04:00",45.34000015258789,46.68000030517578,45.34000015258789,46.68000030517578,46.68000030517578,142182
"PRGS","Progress Software Corporation - Common Stock","2021-04-05 12:30:00-04:00",46.625,47.7599983215332,46.54999923706055,47.2400016784668,47.2400016784668,158075
"PRGS","Progress Software Corporation - Common Stock","2021-04-05 13:30:00-04:00",47.24700164794922,47.41830062866211,46.650001525878906,46.84999847412109,46.84999847412109,146238
"PRGS","Progress Software Corporation - Common Stock","2021-04-05 14:30:00-04:00",46.869998931884766,46.880001068115234,45.75,46.369998931884766,46.369998931884766,127447
"PRGS","Progress Software Corporation - Common Stock","2021-04-05 15:30:00-04:00",46.410301208496094,46.68000030517578,46.290000915527344,46.5,46.5,55669
"PRGS","Progress Software Corporation - Common Stock","2021-04-05 16:00:00-04:00",46.52,47.65,46.52,46.6,46.6,0
"PRGS","Progress Software Corporation - Common Stock","2021-04-05 19:00:00-04:00",47.0,47.0,47.0,47.0,47.0,0
"PRGS","Progress Software Corporation - Common Stock","2021-04-06 07:00:00-04:00",47.28,47.65,47.0,47.0,47.0,0
"PRGS","Progress Software Corporation - Common Stock","2021-04-06 08:00:00-04:00",46.6,47.6496,46.6,47.6496,47.6496,0
"PRGS","Progress Software Corporation - Common Stock","2021-04-06 09:00:00-04:00",47.0,47.15,46.8,46.8,46.8,0
"PRGS","Progress Software Corporation - Common Stock","2021-04-06 09:30:00-04:00",46.93000030517578,47.0,46.060001373291016,46.72999954223633,46.72999954223633,33015
"PRGS","Progress Software Corporation - Common Stock","2021-04-06 10:30:00-04:00",46.7599983215332,46.84999847412109,46.45000076293945,46.77999877929688,46.77999877929688,44022
"PRGS","Progress Software Corporation - Common Stock","2021-04-06 11:30:00-04:00",46.83000183105469,46.95500183105469,46.68000030517578,46.7599983215332,46.7599983215332,13393
"PRGS","Progress Software Corporation - Common Stock","2021-04-06 12:30:00-04:00",46.75,46.75,46.36000061035156,46.38999938964844,46.38999938964844,16826
"PRGS","Progress Software Corporation - Common Stock","2021-04-06 13:30:00-04:00",46.38999938964844,46.54999923706055,46.29499816894531,46.42499923706055,46.42499923706055,17362
"PRGS","Progress Software Corporation - Common Stock","2021-04-06 14:30:00-04:00",46.43999862670898,46.790000915527344,46.36000061035156,46.66999816894531,46.66999816894531,30175
"PRGS","Progress Software Corporation - Common Stock","2021-04-06 15:30:00-04:00",46.68000030517578,46.91999816894531,46.650001525878906,46.77999877929688,46.77999877929688,72409
"PRGS","Progress Software Corporation - Common Stock","2021-04-06 16:00:00-04:00",46.78,46.8,46.78,46.8,46.8,0
"PRGS","Progress Software Corporation - Common Stock","2021-04-06 17:00:00-04:00",46.8,46.8,46.8,46.8,46.8,0
"PRGS","Progress Software Corporation - Common Stock","2021-04-07 09:30:00-04:00",46.83000183105469,46.83000183105469,46.25,46.369998931884766,46.369998931884766,15850
"PRGS","Progress Software Corporation - Common Stock","2021-04-07 10:30:00-04:00",46.36000061035156,46.45000076293945,46.15999984741211,46.22999954223633,46.22999954223633,10182
"PRGS","Progress Software Corporation - Common Stock","2021-04-07 11:30:00-04:00",46.20000076293945,46.22499847412109,45.90999984741211,46.040000915527344,46.040000915527344,14068
"PRGS","Progress Software Corporation - Common Stock","2021-04-07 12:30:00-04:00",46.084999084472656,46.209999084472656,45.95500183105469,45.970001220703125,45.970001220703125,12821
"PRGS","Progress Software Corporation - Common Stock","2021-04-07 13:30:00-04:00",45.970001220703125,46.150001525878906,45.95000076293945,46.06999969482422,46.06999969482422,18315
"PRGS","Progress Software Corporation - Common Stock","2021-04-07 14:30:00-04:00",46.119998931884766,46.22999954223633,45.95000076293945,45.994998931884766,45.994998931884766,14999
"PRGS","Progress Software Corporation - Common Stock","2021-04-07 15:30:00-04:00",45.9900016784668,46.20000076293945,45.94499969482422,46.19990158081055,46.19990158081055,30292
"PRGS","Progress Software Corporation - Common Stock","2021-04-07 16:00:00-04:00",46.2,46.2,46.2,46.2,46.2,0
"PRGS","Progress Software Corporation - Common Stock","2021-04-07 17:00:00-04:00",45.82,45.82,44.0,44.0,44.0,0
"PRGS","Progress Software Corporation - Common Stock","2021-04-07 19:00:00-04:00",44.0,44.24,44.0,44.24,44.24,0
"PRGS","Progress Software Corporation - Common Stock","2021-04-08 04:00:00-04:00",46.0,46.0,45.21,45.21,45.21,0
"PRGS","Progress Software Corporation - Common Stock","2021-04-08 08:00:00-04:00",45.28,45.3,44.0,44.0,44.0,0
"PRGS","Progress Software Corporation - Common Stock","2021-04-08 09:00:00-04:00",44.5,44.8,43.98,44.07,44.07,0
"PRGS","Progress Software Corporation - Common Stock","2021-04-08 09:30:00-04:00",44.20000076293945,45.22499847412109,42.810001373291016,44.38999938964844,44.38999938964844,253810
"PRGS","Progress Software Corporation - Common Stock","2021-04-08 10:30:00-04:00",44.41999816894531,44.75,44.33000183105469,44.369998931884766,44.369998931884766,94799
"PRGS","Progress Software Corporation - Common Stock","2021-04-08 11:30:00-04:00",44.33000183105469,44.45500183105469,43.7400016784668,43.90999984741211,43.90999984741211,135256
"PRGS","Progress Software Corporation - Common Stock","2021-04-08 12:30:00-04:00",43.900001525878906,43.97999954223633,43.34999847412109,43.40999984741211,43.40999984741211,132585
"PRGS","Progress Software Corporation - Common Stock","2021-04-08 13:30:00-04:00",43.380001068115234,44.0099983215332,43.119998931884766,43.91999816894531,43.91999816894531,77642
"PRGS","Progress Software Corporation - Common Stock","2021-04-08 14:30:00-04:00",43.91999816894531,44.68000030517578,43.915000915527344,44.47999954223633,44.47999954223633,130170
"PRGS","Progress Software Corporation - Common Stock","2021-04-08 15:30:00-04:00",44.48500061035156,45.16999816894531,44.48500061035156,45.0,45.0,290281
"PRGS","Progress Software Corporation - Common Stock","2021-04-08 16:00:00-04:00",44.96,45.01,44.94,44.94,44.94,0
"PRGS","Progress Software Corporation - Common Stock","2021-04-08 17:00:00-04:00",44.84,44.84,44.79,44.79,44.79,0
"PRGS","Progress Software Corporation - Common Stock","2021-04-08 18:00:00-04:00",44.7,44.7,44.56,44.7,44.7,0
"PRGS","Progress Software Corporation - Common Stock","2021-04-09 04:00:00-04:00",45.65,45.65,45.65,45.65,45.65,0
"PRGS","Progress Software Corporation - Common Stock","2021-04-09 07:00:00-04:00",45.8,45.8,45.8,45.8,45.8,0
"PRGS","Progress Software Corporation - Common Stock","2021-04-09 08:00:00-04:00",44.95,45.0,44.94,44.94,44.94,0
"PRGS","Progress Software Corporation - Common Stock","2021-04-09 09:00:00-04:00",44.95,45.1,44.411,44.421,44.421,0
"PRGS","Progress Software Corporation - Common Stock","2021-04-09 09:30:00-04:00",44.79999923706055,44.84999847412109,44.0099983215332,44.560001373291016,44.560001373291016,1346020
"PRGS","Progress Software Corporation - Common Stock","2021-04-09 10:30:00-04:00",44.4900016784668,44.9900016784668,44.34000015258789,44.83000183105469,44.83000183105469,212671
"PRGS","Progress Software Corporation - Common Stock","2021-04-09 11:30:00-04:00",44.75,44.810001373291016,44.22999954223633,44.43999862670898,44.43999862670898,51320
"PRGS","Progress Software Corporation - Common Stock","2021-04-09 12:30:00-04:00",44.41999816894531,44.68000030517578,44.34000015258789,44.4900016784668,44.4900016784668,69743
"PRGS","Progress Software Corporation - Common Stock","2021-04-09 13:30:00-04:00",44.52000045776367,44.880001068115234,44.52000045776367,44.59999847412109,44.59999847412109,23484
"PRGS","Progress Software Corporation - Common Stock","2021-04-09 14:30:00-04:00",44.59999847412109,44.84999847412109,44.54999923706055,44.84000015258789,44.84000015258789,59039
"PRGS","Progress Software Corporation - Common Stock","2021-04-09 15:30:00-04:00",44.83000183105469,44.86000061035156,44.470001220703125,44.790000915527344,44.790000915527344,208533
"PRGS","Progress Software Corporation - Common Stock","2021-04-09 16:00:00-04:00",44.79,44.98,44.41,44.55,44.55,0
"PRGS","Progress Software Corporation - Common Stock","2021-04-09 17:00:00-04:00",44.55,44.79,44.41,44.79,44.79,0
"PRGS","Progress Software Corporation - Common Stock","2021-04-12 08:00:00-04:00",44.79,44.85,44.79,44.85,44.85,0
"PRGS","Progress Software Corporation - Common Stock","2021-04-12 09:30:00-04:00",45.02000045776367,45.20000076293945,44.68000030517578,44.959999084472656,44.959999084472656,32704
"PRGS","Progress Software Corporation - Common Stock","2021-04-12 10:30:00-04:00",44.970001220703125,44.970001220703125,44.70000076293945,44.93000030517578,44.93000030517578,22624
"PRGS","Progress Software Corporation - Common Stock","2021-04-12 11:30:00-04:00",44.970001220703125,45.040000915527344,44.81999969482422,45.0,45.0,13387
"PRGS","Progress Software Corporation - Common Stock","2021-04-12 12:30:00-04:00",45.005001068115234,45.040000915527344,44.869998931884766,44.869998931884766,44.869998931884766,14799
"PRGS","Progress Software Corporation - Common Stock","2021-04-12 13:30:00-04:00",44.91999816894531,45.06999969482422,44.86000061035156,44.93999862670898,44.93999862670898,27401
"PRGS","Progress Software Corporation - Common Stock","2021-04-12 14:30:00-04:00",44.88999938964844,45.02000045776367,44.72999954223633,44.959999084472656,44.959999084472656,26458
"PRGS","Progress Software Corporation - Common Stock","2021-04-12 15:30:00-04:00",44.970001220703125,45.11000061035156,44.959999084472656,45.02000045776367,45.02000045776367,40260
"PRGS","Progress Software Corporation - Common Stock","2021-04-12 16:00:00-04:00",45.04,45.69,44.79,45.04,45.04,0
"PRGS","Progress Software Corporation - Common Stock","2021-04-12 17:00:00-04:00",45.04,45.04,45.04,45.04,45.04,0
"PRGS","Progress Software Corporation - Common Stock","2021-04-13 08:00:00-04:00",45.04,45.04,45.04,45.04,45.04,0
"PRGS","Progress Software Corporation - Common Stock","2021-04-13 09:30:00-04:00",45.04999923706055,45.369998931884766,44.845001220703125,45.06999969482422,45.06999969482422,40500
"PRGS","Progress Software Corporation - Common Stock","2021-04-13 10:30:00-04:00",45.11000061035156,45.380001068115234,44.9900016784668,45.22499847412109,45.22499847412109,18349
"PRGS","Progress Software Corporation - Common Stock","2021-04-13 11:30:00-04:00",45.18999862670898,45.34000015258789,45.08000183105469,45.290000915527344,45.290000915527344,13140
"PRGS","Progress Software Corporation - Common Stock","2021-04-13 12:30:00-04:00",45.290000915527344,45.31999969482422,45.060001373291016,45.2599983215332,45.2599983215332,44523
"PRGS","Progress Software Corporation - Common Stock","2021-04-13 13:30:00-04:00",45.18999862670898,45.59000015258789,45.18999862670898,45.47999954223633,45.47999954223633,35289
"PRGS","Progress Software Corporation - Common Stock","2021-04-13 14:30:00-04:00",45.43999862670898,45.5,45.2400016784668,45.255001068115234,45.255001068115234,23234
"PRGS","Progress Software Corporation - Common Stock","2021-04-13 15:30:00-04:00",45.2400016784668,45.369998931884766,45.13999938964844,45.220001220703125,45.220001220703125,73421
"PRGS","Progress Software Corporation - Common Stock","2021-04-13 16:00:00-04:00",45.22,45.245,45.2,45.245,45.245,0
"PRGS","Progress Software Corporation - Common Stock","2021-04-14 09:30:00-04:00",45.22999954223633,46.2400016784668,45.20000076293945,46.20000076293945,46.20000076293945,34368
"PRGS","Progress Software Corporation - Common Stock","2021-04-14 10:30:00-04:00",46.21189880371094,46.27999877929688,45.93999862670898,46.0,46.0,20947
"PRGS","Progress Software Corporation - Common Stock","2021-04-14 11:30:00-04:00",46.0,46.060001373291016,45.720001220703125,45.77999877929688,45.77999877929688,18793
"PRGS","Progress Software Corporation - Common Stock","2021-04-14 12:30:00-04:00",45.810001373291016,46.02999877929688,45.810001373291016,45.95000076293945,45.95000076293945,14220
"PRGS","Progress Software Corporation - Common Stock","2021-04-14 13:30:00-04:00",45.92499923706055,45.959999084472656,45.643798828125,45.91999816894531,45.91999816894531,20259
"PRGS","Progress Software Corporation - Common Stock","2021-04-14 14:30:00-04:00",45.91999816894531,45.91999816894531,45.40999984741211,45.63999938964844,45.63999938964844,153827
"PRGS","Progress Software Corporation - Common Stock","2021-04-14 15:30:00-04:00",45.61000061035156,45.68999862670898,45.43000030517578,45.52000045776367,45.52000045776367,263050
"PRGS","Progress Software Corporation - Common Stock","2021-04-14 16:00:00-04:00",45.51,46.2,45.08,46.2,46.2,0
"PRGS","Progress Software Corporation - Common Stock","2021-04-14 17:00:00-04:00",46.24,46.24,46.24,46.24,46.24,0
"PRGS","Progress Software Corporation - Common Stock","2021-04-15 08:00:00-04:00",45.51,45.51,45.51,45.51,45.51,0
"PRGS","Progress Software Corporation - Common Stock","2021-04-15 09:00:00-04:00",45.75,45.75,45.51,45.51,45.51,0
"PRGS","Progress Software Corporation - Common Stock","2021-04-15 09:30:00-04:00",45.75,46.04999923706055,45.5099983215332,45.77999877929688,45.77999877929688,106038
"PRGS","Progress Software Corporation - Common Stock","2021-04-15 10:30:00-04:00",45.75,45.91999816894531,45.68000030517578,45.84999847412109,45.84999847412109,16550
"PRGS","Progress Software Corporation - Common Stock","2021-04-15 11:30:00-04:00",45.84999847412109,46.09000015258789,45.83200073242188,46.02999877929688,46.02999877929688,18915
"PRGS","Progress Software Corporation - Common Stock","2021-04-15 12:30:00-04:00",46.02999877929688,46.04999923706055,45.68000030517578,45.790000915527344,45.790000915527344,14137
"PRGS","Progress Software Corporation - Common Stock","2021-04-15 13:30:00-04:00",45.775001525878906,45.93000030517578,45.709999084472656,45.810001373291016,45.810001373291016,13271
"PRGS","Progress Software Corporation - Common Stock","2021-04-15 14:30:00-04:00",45.81999969482422,45.84999847412109,45.66999816894531,45.720001220703125,45.720001220703125,17450
"PRGS","Progress Software Corporation - Common Stock","2021-04-15 15:30:00-04:00",45.72499847412109,45.852500915527344,45.650001525878906,45.72999954223633,45.72999954223633,47296
"PRGS","Progress Software Corporation - Common Stock","2021-04-15 16:00:00-04:00",45.75,45.75,45.75,45.75,45.75,0
"PRGS","Progress Software Corporation - Common Stock","2021-04-16 08:00:00-04:00",45.75,45.75,45.75,45.75,45.75,0
"PRGS","Progress Software Corporation - Common Stock","2021-04-16 09:30:00-04:00",46.0099983215332,46.0099983215332,45.130001068115234,45.33000183105469,45.33000183105469,32380
"PRGS","Progress Software Corporation - Common Stock","2021-04-16 10:30:00-04:00",45.33000183105469,45.40999984741211,45.2400016784668,45.2400016784668,45.2400016784668,21998
"PRGS","Progress Software Corporation - Common Stock","2021-04-16 11:30:00-04:00",45.2599983215332,45.3849983215332,45.220001220703125,45.25,45.25,13167
"PRGS","Progress Software Corporation - Common Stock","2021-04-16 12:30:00-04:00",45.25,45.47999954223633,45.15999984741211,45.470001220703125,45.470001220703125,12736
"PRGS","Progress Software Corporation - Common Stock","2021-04-16 13:30:00-04:00",45.5099983215332,45.630001068115234,45.43000030517578,45.43000030517578,45.43000030517578,34007
"PRGS","Progress Software Corporation - Common Stock","2021-04-16 14:30:00-04:00",45.4900016784668,45.650001525878906,45.41999816894531,45.57500076293945,45.57500076293945,12384
"PRGS","Progress Software Corporation - Common Stock","2021-04-16 15:30:00-04:00",45.525001525878906,45.63999938964844,45.41999816894531,45.52000045776367,45.52000045776367,28057
"PRGS","Progress Software Corporation - Common Stock","2021-04-16 16:00:00-04:00",45.48,45.48,45.48,45.48,45.48,0
"PRGS","Progress Software Corporation - Common Stock","2021-04-19 07:00:00-04:00",45.48,45.48,45.48,45.48,45.48,0
"PRGS","Progress Software Corporation - Common Stock","2021-04-19 08:00:00-04:00",45.48,45.48,45.48,45.48,45.48,0
"PRGS","Progress Software Corporation - Common Stock","2021-04-19 09:30:00-04:00",45.5,45.560001373291016,44.78499984741211,44.84999847412109,44.84999847412109,27090
"PRGS","Progress Software Corporation - Common Stock","2021-04-19 10:30:00-04:00",44.79999923706055,44.959999084472656,44.40999984741211,44.90999984741211,44.90999984741211,43233
"PRGS","Progress Software Corporation - Common Stock","2021-04-19 11:30:00-04:00",44.91999816894531,45.130001068115234,44.86000061035156,44.97999954223633,44.97999954223633,25339
"PRGS","Progress Software Corporation - Common Stock","2021-04-19 12:30:00-04:00",44.95000076293945,45.18999862670898,44.90999984741211,45.09999847412109,45.09999847412109,22454
"PRGS","Progress Software Corporation - Common Stock","2021-04-19 13:30:00-04:00",45.1349983215332,45.22999954223633,45.02000045776367,45.15999984741211,45.15999984741211,196125
"PRGS","Progress Software Corporation - Common Stock","2021-04-19 14:30:00-04:00",45.150001525878906,45.38999938964844,45.060001373291016,45.060001373291016,45.060001373291016,235429
"PRGS","Progress Software Corporation - Common Stock","2021-04-19 15:30:00-04:00",44.9900016784668,45.09000015258789,44.869998931884766,45.040000915527344,45.040000915527344,47310
"PRGS","Progress Software Corporation - Common Stock","2021-04-19 16:00:00-04:00",45.1,45.2,45.1,45.2,45.2,0
"PRGS","Progress Software Corporation - Common Stock","2021-04-19 17:00:00-04:00",45.1,45.1,45.1,45.1,45.1,0
"PRGS","Progress Software Corporation - Common Stock","2021-04-20 09:30:00-04:00",45.15999984741211,45.310001373291016,44.77999877929688,44.8380012512207,44.8380012512207,23437
"PRGS","Progress Software Corporation - Common Stock","2021-04-20 10:30:00-04:00",44.77999877929688,45.06999969482422,44.68000030517578,44.70000076293945,44.70000076293945,32432
"PRGS","Progress Software Corporation - Common Stock","2021-04-20 11:30:00-04:00",44.709999084472656,45.310001373291016,44.58000183105469,45.13999938964844,45.13999938964844,79658
"PRGS","Progress Software Corporation - Common Stock","2021-04-20 12:30:00-04:00",45.15999984741211,45.15999984741211,44.56999969482422,44.66999816894531,44.66999816894531,67111
"PRGS","Progress Software Corporation - Common Stock","2021-04-20 13:30:00-04:00",44.70000076293945,44.93999862670898,44.47999954223633,44.81999969482422,44.81999969482422,54346
"PRGS","Progress Software Corporation - Common Stock","2021-04-20 14:30:00-04:00",44.77000045776367,44.77000045776367,44.470001220703125,44.4900016784668,44.4900016784668,41658
"PRGS","Progress Software Corporation - Common Stock","2021-04-20 15:30:00-04:00",44.5099983215332,44.72999954223633,44.43999862670898,44.560001373291016,44.560001373291016,87913
"PRGS","Progress Software Corporation - Common Stock","2021-04-20 16:00:00-04:00",44.54,44.6,44.54,44.54,44.54,39877
"PRGS","Progress Software Corporation - Common Stock","2021-04-20 17:00:00-04:00",44.54,44.54,44.41,44.41,44.41,0
"PRGS","Progress Software Corporation - Common Stock","2021-04-21 08:00:00-04:00",44.54,44.54,44.54,44.54,44.54,0
"PRGS","Progress Software Corporation - Common Stock","2021-04-21 09:30:00-04:00",44.560001373291016,44.935001373291016,44.06999969482422,44.880001068115234,44.880001068115234,17900
"PRGS","Progress Software Corporation - Common Stock","2021-04-21 10:30:00-04:00",44.970001220703125,44.97999954223633,44.56999969482422,44.56999969482422,44.56999969482422,14715
"PRGS","Progress Software Corporation - Common Stock","2021-04-21 11:30:00-04:00",44.56999969482422,45.08000183105469,44.56999969482422,45.0,45.0,21838
"PRGS","Progress Software Corporation - Common Stock","2021-04-21 12:30:00-04:00",45.02379989624024,45.27000045776367,44.9900016784668,45.130001068115234,45.130001068115234,20026
"PRGS","Progress Software Corporation - Common Stock","2021-04-21 13:30:00-04:00",45.09999847412109,45.209999084472656,45.040000915527344,45.209999084472656,45.209999084472656,92914
"PRGS","Progress Software Corporation - Common Stock","2021-04-21 14:30:00-04:00",45.18000030517578,45.83000183105469,45.18000030517578,45.45000076293945,45.45000076293945,111321
"PRGS","Progress Software Corporation - Common Stock","2021-04-21 15:30:00-04:00",45.459999084472656,45.52999877929688,45.220001220703125,45.2599983215332,45.2599983215332,77749
"PRGS","Progress Software Corporation - Common Stock","2021-04-21 16:00:00-04:00",45.255,45.38,44.75,44.75,44.75,0
"PRGS","Progress Software Corporation - Common Stock","2021-04-22 09:30:00-04:00",45.400001525878906,45.709999084472656,45.119998931884766,45.56999969482422,45.56999969482422,61765
"PRGS","Progress Software Corporation - Common Stock","2021-04-22 10:30:00-04:00",45.59999847412109,45.7400016784668,45.5,45.65999984741211,45.65999984741211,100724
"PRGS","Progress Software Corporation - Common Stock","2021-04-22 11:30:00-04:00",45.619998931884766,45.77999877929688,45.61000061035156,45.75,45.75,27333
"PRGS","Progress Software Corporation - Common Stock","2021-04-22 12:30:00-04:00",45.75,46.09999847412109,45.630001068115234,46.09999847412109,46.09999847412109,127879
"PRGS","Progress Software Corporation - Common Stock","2021-04-22 13:30:00-04:00",46.119998931884766,46.209999084472656,45.65499877929688,46.20000076293945,46.20000076293945,93438
"PRGS","Progress Software Corporation - Common Stock","2021-04-22 14:30:00-04:00",46.150001525878906,46.70000076293945,46.150001525878906,46.650001525878906,46.650001525878906,181165
"PRGS","Progress Software Corporation - Common Stock","2021-04-22 15:30:00-04:00",46.59999847412109,47.130001068115234,46.540000915527344,46.83000183105469,46.83000183105469,199171
"PRGS","Progress Software Corporation - Common Stock","2021-04-22 16:00:00-04:00",46.85,46.85,46.5,46.5,46.5,0
"PRGS","Progress Software Corporation - Common Stock","2021-04-23 09:30:00-04:00",46.84999847412109,47.400001525878906,46.61000061035156,47.130001068115234,47.130001068115234,184339
"PRGS","Progress Software Corporation - Common Stock","2021-04-23 10:30:00-04:00",47.11000061035156,47.16999816894531,46.68000030517578,47.0,47.0,75486
"PRGS","Progress Software Corporation - Common Stock","2021-04-23 11:30:00-04:00",46.97999954223633,47.22999954223633,46.869998931884766,46.869998931884766,46.869998931884766,58996
"PRGS","Progress Software Corporation - Common Stock","2021-04-23 12:30:00-04:00",46.93999862670898,47.02000045776367,46.869998931884766,46.959999084472656,46.959999084472656,33041
"PRGS","Progress Software Corporation - Common Stock","2021-04-23 13:30:00-04:00",46.95000076293945,46.970001220703125,46.77999877929688,46.83000183105469,46.83000183105469,32033
"PRGS","Progress Software Corporation - Common Stock","2021-04-23 14:30:00-04:00",46.84999847412109,47.02000045776367,46.77999877929688,46.84000015258789,46.84000015258789,37135
"PRGS","Progress Software Corporation - Common Stock","2021-04-23 15:30:00-04:00",46.84000015258789,46.91999816894531,46.59000015258789,46.61000061035156,46.61000061035156,76820
"PRGS","Progress Software Corporation - Common Stock","2021-04-23 16:00:00-04:00",46.61,46.61,46.609,46.609,46.609,0
"PRGS","Progress Software Corporation - Common Stock","2021-04-26 07:00:00-04:00",46.61,46.61,46.61,46.61,46.61,0
"PRGS","Progress Software Corporation - Common Stock","2021-04-26 09:30:00-04:00",46.720001220703125,46.82099914550781,46.31999969482422,46.43999862670898,46.43999862670898,34486
"PRGS","Progress Software Corporation - Common Stock","2021-04-26 10:30:00-04:00",46.45000076293945,46.63999938964844,46.43000030517578,46.4900016784668,46.4900016784668,25238
"PRGS","Progress Software Corporation - Common Stock","2021-04-26 11:30:00-04:00",46.45000076293945,46.5,46.20000076293945,46.2599983215332,46.2599983215332,43931
"PRGS","Progress Software Corporation - Common Stock","2021-04-26 12:30:00-04:00",46.25,46.31999969482422,46.16999816894531,46.25,46.25,25442
"PRGS","Progress Software Corporation - Common Stock","2021-04-26 13:30:00-04:00",46.209999084472656,46.27000045776367,46.0,46.02000045776367,46.02000045776367,24170
"PRGS","Progress Software Corporation - Common Stock","2021-04-26 14:30:00-04:00",46.04499816894531,46.13999938964844,45.95000076293945,46.02000045776367,46.02000045776367,34853
"PRGS","Progress Software Corporation - Common Stock","2021-04-26 15:30:00-04:00",46.02000045776367,46.130001068115234,45.84000015258789,45.91999816894531,45.91999816894531,67989
"PRGS","Progress Software Corporation - Common Stock","2021-04-26 16:00:00-04:00",45.93,45.93,45.93,45.93,45.93,0
"PRGS","Progress Software Corporation - Common Stock","2021-04-26 18:00:00-04:00",45.93,45.93,45.93,45.93,45.93,0
"PRGS","Progress Software Corporation - Common Stock","2021-04-27 08:00:00-04:00",45.93,45.93,45.93,45.93,45.93,0
"PRGS","Progress Software Corporation - Common Stock","2021-04-27 09:30:00-04:00",45.83000183105469,46.0,45.32500076293945,45.59999847412109,45.59999847412109,25283
"PRGS","Progress Software Corporation - Common Stock","2021-04-27 10:30:00-04:00",45.560001373291016,45.560001373291016,45.25,45.33000183105469,45.33000183105469,17749
"PRGS","Progress Software Corporation - Common Stock","2021-04-27 11:30:00-04:00",45.310001373291016,45.52999877929688,45.220001220703125,45.52999877929688,45.52999877929688,21322
"PRGS","Progress Software Corporation - Common Stock","2021-04-27 12:30:00-04:00",45.52999877929688,45.52999877929688,45.290000915527344,45.31999969482422,45.31999969482422,20498
"PRGS","Progress Software Corporation - Common Stock","2021-04-27 13:30:00-04:00",45.33000183105469,45.33000183105469,45.1349983215332,45.2400016784668,45.2400016784668,21547
"PRGS","Progress Software Corporation - Common Stock","2021-04-27 14:30:00-04:00",45.20000076293945,45.22999954223633,44.9900016784668,45.119998931884766,45.119998931884766,27470
"PRGS","Progress Software Corporation - Common Stock","2021-04-27 15:30:00-04:00",45.11000061035156,45.27000045776367,45.04999923706055,45.25,45.25,55566
"PRGS","Progress Software Corporation - Common Stock","2021-04-27 16:00:00-04:00",45.23,45.26,45.23,45.23,45.23,0
"PRGS","Progress Software Corporation - Common Stock","2021-04-28 09:30:00-04:00",45.2599983215332,45.34000015258789,44.93999862670898,45.13999938964844,45.13999938964844,14035
"PRGS","Progress Software Corporation - Common Stock","2021-04-28 10:30:00-04:00",45.13999938964844,45.68000030517578,45.09000015258789,45.36000061035156,45.36000061035156,23172
"PRGS","Progress Software Corporation - Common Stock","2021-04-28 11:30:00-04:00",45.38999938964844,45.40999984741211,45.13999938964844,45.33000183105469,45.33000183105469,16776
"PRGS","Progress Software Corporation - Common Stock","2021-04-28 12:30:00-04:00",45.33000183105469,45.38999938964844,45.20000076293945,45.36000061035156,45.36000061035156,60599
"PRGS","Progress Software Corporation - Common Stock","2021-04-28 13:30:00-04:00",45.33000183105469,45.52999877929688,45.29999923706055,45.459999084472656,45.459999084472656,38187
"PRGS","Progress Software Corporation - Common Stock","2021-04-28 14:30:00-04:00",45.400001525878906,45.58000183105469,45.26499938964844,45.290000915527344,45.290000915527344,27391
"PRGS","Progress Software Corporation - Common Stock","2021-04-28 15:30:00-04:00",45.310001373291016,45.33000183105469,45.09000015258789,45.15999984741211,45.15999984741211,146014
"PRGS","Progress Software Corporation - Common Stock","2021-04-28 16:00:00-04:00",45.14,45.15,45.14,45.14,45.14,0
"PRGS","Progress Software Corporation - Common Stock","2021-04-29 08:00:00-04:00",45.14,45.14,45.14,45.14,45.14,0
"PRGS","Progress Software Corporation - Common Stock","2021-04-29 09:30:00-04:00",45.5099983215332,45.8849983215332,45.04999923706055,45.22999954223633,45.22999954223633,33538
"PRGS","Progress Software Corporation - Common Stock","2021-04-29 10:30:00-04:00",45.16999816894531,45.34999847412109,44.880001068115234,44.900001525878906,44.900001525878906,12729
"PRGS","Progress Software Corporation - Common Stock","2021-04-29 11:30:00-04:00",44.86000061035156,44.8650016784668,44.494998931884766,44.630001068115234,44.630001068115234,14512
"PRGS","Progress Software Corporation - Common Stock","2021-04-29 12:30:00-04:00",44.650001525878906,44.86000061035156,44.650001525878906,44.77999877929688,44.77999877929688,17613
"PRGS","Progress Software Corporation - Common Stock","2021-04-29 13:30:00-04:00",44.790000915527344,44.88999938964844,44.709999084472656,44.709999084472656,44.709999084472656,17989
"PRGS","Progress Software Corporation - Common Stock","2021-04-29 14:30:00-04:00",44.709999084472656,45.040000915527344,44.66999816894531,44.900001525878906,44.900001525878906,31607
"PRGS","Progress Software Corporation - Common Stock","2021-04-29 15:30:00-04:00",44.91999816894531,45.08000183105469,44.84000015258789,44.86000061035156,44.86000061035156,82209
"PRGS","Progress Software Corporation - Common Stock","2021-04-29 16:00:00-04:00",44.86,44.86,44.86,44.86,44.86,82819
"PRGS","Progress Software Corporation - Common Stock","2021-04-29 17:00:00-04:00",45.38,45.38,45.38,45.38,45.38,0
"PRGS","Progress Software Corporation - Common Stock","2021-05-03 09:30:00-04:00",43.7599983215332,43.9900016784668,43.5,43.65999984741211,43.65999984741211,0
"PRGS","Progress Software Corporation - Common Stock","2021-05-03 10:30:00-04:00",43.66999816894531,43.97999954223633,43.66999816894531,43.81999969482422,43.81999969482422,23908
"PRGS","Progress Software Corporation - Common Stock","2021-05-03 11:30:00-04:00",43.81999969482422,44.09999847412109,43.81999969482422,43.959999084472656,43.959999084472656,41756
"PRGS","Progress Software Corporation - Common Stock","2021-05-03 12:30:00-04:00",43.97999954223633,44.040000915527344,43.8468017578125,43.970001220703125,43.970001220703125,20950
"PRGS","Progress Software Corporation - Common Stock","2021-05-03 13:30:00-04:00",43.95500183105469,44.220001220703125,43.88999938964844,44.209999084472656,44.209999084472656,20210
"PRGS","Progress Software Corporation - Common Stock","2021-05-03 14:30:00-04:00",44.290000915527344,44.31999969482422,44.166500091552734,44.27000045776367,44.27000045776367,26879
"PRGS","Progress Software Corporation - Common Stock","2021-05-03 15:30:00-04:00",44.25,44.29999923706055,44.13999938964844,44.22999954223633,44.22999954223633,45047
"PRGS","Progress Software Corporation - Common Stock","2021-05-03 16:00:00-04:00",44.22,44.25,44.219,44.22,44.22,0
"PRGS","Progress Software Corporation - Common Stock","2021-05-03 17:00:00-04:00",44.22,44.22,44.22,44.22,44.22,0
"PRGS","Progress Software Corporation - Common Stock","2021-05-04 09:30:00-04:00",44.0099983215332,44.130001068115234,43.66619873046875,43.66999816894531,43.66999816894531,18843
"PRGS","Progress Software Corporation - Common Stock","2021-05-04 10:30:00-04:00",43.72999954223633,43.810001373291016,43.310001373291016,43.400001525878906,43.400001525878906,20656
"PRGS","Progress Software Corporation - Common Stock","2021-05-04 11:30:00-04:00",43.38999938964844,43.54999923706055,43.18000030517578,43.52000045776367,43.52000045776367,21254
"PRGS","Progress Software Corporation - Common Stock","2021-05-04 12:30:00-04:00",43.52000045776367,43.61000061035156,43.41999816894531,43.470001220703125,43.470001220703125,36360
"PRGS","Progress Software Corporation - Common Stock","2021-05-04 13:30:00-04:00",43.43999862670898,43.650001525878906,43.369998931884766,43.380001068115234,43.380001068115234,19440
"PRGS","Progress Software Corporation - Common Stock","2021-05-04 14:30:00-04:00",43.43999862670898,43.52999877929688,43.40499877929688,43.43999862670898,43.43999862670898,25936
"PRGS","Progress Software Corporation - Common Stock","2021-05-04 15:30:00-04:00",43.47999954223633,43.59000015258789,43.34000015258789,43.5,43.5,39428
"PRGS","Progress Software Corporation - Common Stock","2021-05-04 16:00:00-04:00",43.51,43.51,43.4974,43.4974,43.4974,0
"PRGS","Progress Software Corporation - Common Stock","2021-05-04 17:00:00-04:00",43.51,43.51,43.51,43.51,43.51,0
"PRGS","Progress Software Corporation - Common Stock","2021-05-05 08:00:00-04:00",43.51,43.51,43.51,43.51,43.51,0
"PRGS","Progress Software Corporation - Common Stock","2021-05-05 09:30:00-04:00",43.619998931884766,43.880001068115234,43.400001525878906,43.540000915527344,43.540000915527344,34667
"PRGS","Progress Software Corporation - Common Stock","2021-05-05 10:30:00-04:00",43.540000915527344,43.91999816894531,43.38999938964844,43.869998931884766,43.869998931884766,12896
"PRGS","Progress Software Corporation - Common Stock","2021-05-05 11:30:00-04:00",43.81999969482422,43.86000061035156,43.720001220703125,43.720001220703125,43.720001220703125,7965
"PRGS","Progress Software Corporation - Common Stock","2021-05-05 12:30:00-04:00",43.72999954223633,43.77000045776367,43.52999877929688,43.665000915527344,43.665000915527344,13983
"PRGS","Progress Software Corporation - Common Stock","2021-05-05 13:30:00-04:00",43.66999816894531,43.84999847412109,43.66999816894531,43.77000045776367,43.77000045776367,13764
"PRGS","Progress Software Corporation - Common Stock","2021-05-05 14:30:00-04:00",43.77000045776367,43.810001373291016,43.525001525878906,43.66999816894531,43.66999816894531,48272
"PRGS","Progress Software Corporation - Common Stock","2021-05-05 15:30:00-04:00",43.65999984741211,44.15999984741211,43.64500045776367,43.81999969482422,43.81999969482422,79036
"PRGS","Progress Software Corporation - Common Stock","2021-05-05 16:00:00-04:00",43.8,43.8,43.799,43.799,43.799,0
"PRGS","Progress Software Corporation - Common Stock","2021-05-06 08:00:00-04:00",43.8,43.8,43.8,43.8,43.8,0
"PRGS","Progress Software Corporation - Common Stock","2021-05-06 09:30:00-04:00",43.77999877929688,43.9900016784668,43.119998931884766,43.16999816894531,43.16999816894531,19622
"PRGS","Progress Software Corporation - Common Stock","2021-05-06 10:30:00-04:00",43.209999084472656,43.470001220703125,43.18000030517578,43.43999862670898,43.43999862670898,13728
"PRGS","Progress Software Corporation - Common Stock","2021-05-06 11:30:00-04:00",43.43000030517578,43.769901275634766,43.39500045776367,43.619998931884766,43.619998931884766,11596
"PRGS","Progress Software Corporation - Common Stock","2021-05-06 12:30:00-04:00",43.56499862670898,43.68999862670898,43.400001525878906,43.470001220703125,43.470001220703125,16792
"PRGS","Progress Software Corporation - Common Stock","2021-05-06 13:30:00-04:00",43.5,43.650001525878906,43.47999954223633,43.52000045776367,43.52000045776367,22809
"PRGS","Progress Software Corporation - Common Stock","2021-05-06 14:30:00-04:00",43.470001220703125,43.5,43.27000045776367,43.4900016784668,43.4900016784668,19918
"PRGS","Progress Software Corporation - Common Stock","2021-05-06 15:30:00-04:00",43.45500183105469,43.810001373291016,43.45500183105469,43.79999923706055,43.79999923706055,46222
"PRGS","Progress Software Corporation - Common Stock","2021-05-06 16:00:00-04:00",43.8,43.8,43.6401,43.8,43.8,0
"PRGS","Progress Software Corporation - Common Stock","2021-05-07 09:00:00-04:00",43.8,43.8,43.8,43.8,43.8,0
"PRGS","Progress Software Corporation - Common Stock","2021-05-07 09:30:00-04:00",43.58000183105469,43.994998931884766,43.43000030517578,43.810001373291016,43.810001373291016,83020
"PRGS","Progress Software Corporation - Common Stock","2021-05-07 10:30:00-04:00",43.81999969482422,43.93000030517578,43.56999969482422,43.68000030517578,43.68000030517578,25363
"PRGS","Progress Software Corporation - Common Stock","2021-05-07 11:30:00-04:00",43.64649963378906,43.709999084472656,43.43999862670898,43.630001068115234,43.630001068115234,11901
"PRGS","Progress Software Corporation - Common Stock","2021-05-07 12:30:00-04:00",43.619998931884766,43.70000076293945,43.560001373291016,43.61000061035156,43.61000061035156,12195
"PRGS","Progress Software Corporation - Common Stock","2021-05-07 13:30:00-04:00",43.59000015258789,43.97999954223633,43.59000015258789,43.91210174560547,43.91210174560547,34984
"PRGS","Progress Software Corporation - Common Stock","2021-05-07 14:30:00-04:00",43.93000030517578,44.150001525878906,43.915000915527344,44.13999938964844,44.13999938964844,29341
"PRGS","Progress Software Corporation - Common Stock","2021-05-07 15:30:00-04:00",44.130001068115234,44.20000076293945,43.970001220703125,44.130001068115234,44.130001068115234,43285
"PRGS","Progress Software Corporation - Common Stock","2021-05-07 16:00:00-04:00",44.17,44.17,44.17,44.17,44.17,0
"PRGS","Progress Software Corporation - Common Stock","2021-05-10 09:00:00-04:00",44.2,44.2,44.2,44.2,44.2,0
"PRGS","Progress Software Corporation - Common Stock","2021-05-10 09:30:00-04:00",44.310001373291016,44.33000183105469,43.650001525878906,44.310001373291016,44.310001373291016,71638
"PRGS","Progress Software Corporation - Common Stock","2021-05-10 10:30:00-04:00",44.29499816894531,44.45000076293945,44.2400016784668,44.31499862670898,44.31499862670898,49937
"PRGS","Progress Software Corporation - Common Stock","2021-05-10 11:30:00-04:00",44.34999847412109,44.41999816894531,44.150001525878906,44.18000030517578,44.18000030517578,44201
"PRGS","Progress Software Corporation - Common Stock","2021-05-10 12:30:00-04:00",44.150001525878906,44.25,44.04499816894531,44.04499816894531,44.04499816894531,35683
"PRGS","Progress Software Corporation - Common Stock","2021-05-10 13:30:00-04:00",44.02000045776367,44.130001068115234,43.77999877929688,43.89500045776367,43.89500045776367,68189
"PRGS","Progress Software Corporation - Common Stock","2021-05-10 14:30:00-04:00",43.86000061035156,43.86000061035156,43.52000045776367,43.65999984741211,43.65999984741211,61712
"PRGS","Progress Software Corporation - Common Stock","2021-05-10 15:30:00-04:00",43.650001525878906,43.66999816894531,43.43999862670898,43.52000045776367,43.52000045776367,137191
"PRGS","Progress Software Corporation - Common Stock","2021-05-10 16:00:00-04:00",43.51,43.9507,43.51,43.9507,43.9507,0
"PRGS","Progress Software Corporation - Common Stock","2021-05-11 08:00:00-04:00",42.52,42.52,42.5,42.5,42.5,0
"PRGS","Progress Software Corporation - Common Stock","2021-05-11 09:30:00-04:00",42.84000015258789,43.4900016784668,42.369998931884766,43.125,43.125,94153
"PRGS","Progress Software Corporation - Common Stock","2021-05-11 10:30:00-04:00",43.13999938964844,43.33000183105469,42.970001220703125,43.22999954223633,43.22999954223633,65806
"PRGS","Progress Software Corporation - Common Stock","2021-05-11 11:30:00-04:00",43.220001220703125,43.29999923706055,42.9900016784668,43.0,43.0,44486
"PRGS","Progress Software Corporation - Common Stock","2021-05-11 12:30:00-04:00",42.98500061035156,43.15999984741211,42.834999084472656,43.119998931884766,43.119998931884766,43087
"PRGS","Progress Software Corporation - Common Stock","2021-05-11 13:30:00-04:00",43.09000015258789,43.29999923706055,43.04999923706055,43.290000915527344,43.290000915527344,38302
"PRGS","Progress Software Corporation - Common Stock","2021-05-11 14:30:00-04:00",43.27999877929688,43.31999969482422,43.08000183105469,43.290000915527344,43.290000915527344,46328
"PRGS","Progress Software Corporation - Common Stock","2021-05-11 15:30:00-04:00",43.29999923706055,43.43999862670898,43.04999923706055,43.41999816894531,43.41999816894531,94263
"PRGS","Progress Software Corporation - Common Stock","2021-05-11 16:00:00-04:00",43.42,43.42,43.1296,43.1296,43.1296,0
"PRGS","Progress Software Corporation - Common Stock","2021-05-12 08:00:00-04:00",43.42,43.42,43.42,43.42,43.42,0
"PRGS","Progress Software Corporation - Common Stock","2021-05-12 09:30:00-04:00",43.09000015258789,43.36000061035156,41.97999954223633,42.650001525878906,42.650001525878906,73769
"PRGS","Progress Software Corporation - Common Stock","2021-05-12 10:30:00-04:00",42.619998931884766,42.720001220703125,42.2599983215332,42.38999938964844,42.38999938964844,42445
"PRGS","Progress Software Corporation - Common Stock","2021-05-12 11:30:00-04:00",42.34999847412109,42.4900016784668,42.095001220703125,42.20000076293945,42.20000076293945,49875
"PRGS","Progress Software Corporation - Common Stock","2021-05-12 12:30:00-04:00",42.18000030517578,42.70000076293945,42.169898986816406,42.470001220703125,42.470001220703125,49916
"PRGS","Progress Software Corporation - Common Stock","2021-05-12 13:30:00-04:00",42.41999816894531,42.5099983215332,42.25,42.29999923706055,42.29999923706055,40824
"PRGS","Progress Software Corporation - Common Stock","2021-05-12 14:30:00-04:00",42.2599983215332,42.400001525878906,42.0,42.1150016784668,42.1150016784668,58283
"PRGS","Progress Software Corporation - Common Stock","2021-05-12 15:30:00-04:00",42.09000015258789,42.40999984741211,42.04999923706055,42.34999847412109,42.34999847412109,104872
"PRGS","Progress Software Corporation - Common Stock","2021-05-12 16:00:00-04:00",42.26,42.3483,42.26,42.3483,42.3483,0
"PRGS","Progress Software Corporation - Common Stock","2021-05-13 08:00:00-04:00",42.26,42.26,42.26,42.26,42.26,0
"PRGS","Progress Software Corporation - Common Stock","2021-05-13 09:30:00-04:00",42.630001068115234,43.27000045776367,42.310001373291016,43.09000015258789,43.09000015258789,75738
"PRGS","Progress Software Corporation - Common Stock","2021-05-13 10:30:00-04:00",43.09999847412109,43.20000076293945,42.790000915527344,42.790000915527344,42.790000915527344,45507
"PRGS","Progress Software Corporation - Common Stock","2021-05-13 11:30:00-04:00",42.77000045776367,42.90999984741211,42.59000015258789,42.81499862670898,42.81499862670898,65137
"PRGS","Progress Software Corporation - Common Stock","2021-05-13 12:30:00-04:00",42.810001373291016,42.83000183105469,42.4900016784668,42.65999984741211,42.65999984741211,48679
"PRGS","Progress Software Corporation - Common Stock","2021-05-13 13:30:00-04:00",42.630001068115234,43.119998931884766,42.56499862670898,43.09000015258789,43.09000015258789,43921
"PRGS","Progress Software Corporation - Common Stock","2021-05-13 14:30:00-04:00",43.13999938964844,43.38999938964844,43.060001373291016,43.375,43.375,55890
"PRGS","Progress Software Corporation - Common Stock","2021-05-13 15:30:00-04:00",43.400001525878906,43.5,43.209999084472656,43.290000915527344,43.290000915527344,109711
"PRGS","Progress Software Corporation - Common Stock","2021-05-13 16:00:00-04:00",43.31,43.31,43.0321,43.0321,43.0321,0
"PRGS","Progress Software Corporation - Common Stock","2021-05-14 08:00:00-04:00",43.31,43.31,43.31,43.31,43.31,0
"PRGS","Progress Software Corporation - Common Stock","2021-05-14 09:30:00-04:00",43.72999954223633,44.13999938964844,43.29999923706055,44.11000061035156,44.11000061035156,66175
"PRGS","Progress Software Corporation - Common Stock","2021-05-14 10:30:00-04:00",44.11000061035156,44.33000183105469,43.86000061035156,43.88999938964844,43.88999938964844,45703
"PRGS","Progress Software Corporation - Common Stock","2021-05-14 11:30:00-04:00",43.86000061035156,44.040000915527344,43.81999969482422,43.88999938964844,43.88999938964844,40877
"PRGS","Progress Software Corporation - Common Stock","2021-05-14 12:30:00-04:00",43.90999984741211,43.93000030517578,43.70000076293945,43.81999969482422,43.81999969482422,43081
"PRGS","Progress Software Corporation - Common Stock","2021-05-14 13:30:00-04:00",43.810001373291016,44.20000076293945,43.77000045776367,44.119998931884766,44.119998931884766,33685
"PRGS","Progress Software Corporation - Common Stock","2021-05-14 14:30:00-04:00",44.18000030517578,44.290000915527344,44.09000015258789,44.130001068115234,44.130001068115234,47623
"PRGS","Progress Software Corporation - Common Stock","2021-05-14 15:30:00-04:00",44.150001525878906,44.34000015258789,44.040000915527344,44.2599983215332,44.2599983215332,99286
"PRGS","Progress Software Corporation - Common Stock","2021-05-14 16:00:00-04:00",44.27,44.27,44.0,44.27,44.27,0
"PRGS","Progress Software Corporation - Common Stock","2021-05-17 09:30:00-04:00",44.130001068115234,44.130001068115234,43.650001525878906,43.7400016784668,43.7400016784668,53517
"PRGS","Progress Software Corporation - Common Stock","2021-05-17 10:30:00-04:00",43.7400016784668,44.209999084472656,43.650001525878906,44.15499877929688,44.15499877929688,46907
"PRGS","Progress Software Corporation - Common Stock","2021-05-17 11:30:00-04:00",44.13999938964844,44.310001373291016,44.02000045776367,44.150001525878906,44.150001525878906,43584
"PRGS","Progress Software Corporation - Common Stock","2021-05-17 12:30:00-04:00",44.18000030517578,44.27999877929688,43.93999862670898,44.09000015258789,44.09000015258789,38504
"PRGS","Progress Software Corporation - Common Stock","2021-05-17 13:30:00-04:00",44.11000061035156,44.34999847412109,43.9900016784668,44.33000183105469,44.33000183105469,41052
"PRGS","Progress Software Corporation - Common Stock","2021-05-17 14:30:00-04:00",44.33000183105469,44.43999862670898,44.20000076293945,44.41999816894531,44.41999816894531,45667
"PRGS","Progress Software Corporation - Common Stock","2021-05-17 15:30:00-04:00",44.43000030517578,44.43999862670898,44.11000061035156,44.34999847412109,44.34999847412109,93815
"PRGS","Progress Software Corporation - Common Stock","2021-05-17 16:00:00-04:00",44.32,44.32,44.1528,44.32,44.32,0
"PRGS","Progress Software Corporation - Common Stock","2021-05-17 17:00:00-04:00",44.32,44.32,44.32,44.32,44.32,0
"PRGS","Progress Software Corporation - Common Stock","2021-05-18 08:00:00-04:00",44.32,44.32,44.32,44.32,44.32,0
"PRGS","Progress Software Corporation - Common Stock","2021-05-18 09:30:00-04:00",44.34000015258789,44.415000915527344,43.92499923706055,44.36000061035156,44.36000061035156,62582
"PRGS","Progress Software Corporation - Common Stock","2021-05-18 10:30:00-04:00",44.31999969482422,44.5099983215332,44.25,44.25,44.25,45149
"PRGS","Progress Software Corporation - Common Stock","2021-05-18 11:30:00-04:00",44.2400016784668,44.28499984741211,44.11000061035156,44.209999084472656,44.209999084472656,43570
"PRGS","Progress Software Corporation - Common Stock","2021-05-18 12:30:00-04:00",44.209999084472656,44.33000183105469,44.09999847412109,44.18000030517578,44.18000030517578,40675
"PRGS","Progress Software Corporation - Common Stock","2021-05-18 13:30:00-04:00",44.20000076293945,44.209999084472656,43.84999847412109,43.85499954223633,43.85499954223633,41483
"PRGS","Progress Software Corporation - Common Stock","2021-05-18 14:30:00-04:00",43.84000015258789,43.900001525878906,43.65999984741211,43.86000061035156,43.86000061035156,51194
"PRGS","Progress Software Corporation - Common Stock","2021-05-18 15:30:00-04:00",43.86000061035156,43.90499877929688,43.540000915527344,43.650001525878906,43.650001525878906,99469
"PRGS","Progress Software Corporation - Common Stock","2021-05-18 16:00:00-04:00",43.66,44.158752,43.66,43.9822,43.9822,0
"PRGS","Progress Software Corporation - Common Stock","2021-05-18 17:00:00-04:00",43.66,43.66,43.66,43.66,43.66,0
"PRGS","Progress Software Corporation - Common Stock","2021-05-19 09:30:00-04:00",43.0,43.720001220703125,42.91999816894531,43.04999923706055,43.04999923706055,55444
"PRGS","Progress Software Corporation - Common Stock","2021-05-19 10:30:00-04:00",43.025001525878906,43.38999938964844,42.81999969482422,43.15999984741211,43.15999984741211,50337
"PRGS","Progress Software Corporation - Common Stock","2021-05-19 11:30:00-04:00",43.150001525878906,43.29999923706055,43.06999969482422,43.2599983215332,43.2599983215332,37032
"PRGS","Progress Software Corporation - Common Stock","2021-05-19 12:30:00-04:00",43.2599983215332,43.38999938964844,43.119998931884766,43.130001068115234,43.130001068115234,37626
"PRGS","Progress Software Corporation - Common Stock","2021-05-19 13:30:00-04:00",43.119998931884766,43.56999969482422,43.04999923706055,43.56499862670898,43.56499862670898,43208
"PRGS","Progress Software Corporation - Common Stock","2021-05-19 14:30:00-04:00",43.58000183105469,43.810001373291016,43.34999847412109,43.78499984741211,43.78499984741211,75487
"PRGS","Progress Software Corporation - Common Stock","2021-05-19 15:30:00-04:00",43.79999923706055,43.79999923706055,43.45000076293945,43.7599983215332,43.7599983215332,95650
"PRGS","Progress Software Corporation - Common Stock","2021-05-19 16:00:00-04:00",43.73,43.73,43.3688,43.73,43.73,0
"PRGS","Progress Software Corporation - Common Stock","2021-05-20 09:30:00-04:00",43.75,43.97999954223633,43.2599983215332,43.77000045776367,43.77000045776367,79083
"PRGS","Progress Software Corporation - Common Stock","2021-05-20 10:30:00-04:00",43.744998931884766,43.88999938964844,43.68999862670898,43.88999938964844,43.88999938964844,50105
"PRGS","Progress Software Corporation - Common Stock","2021-05-20 11:30:00-04:00",43.93999862670898,44.040000915527344,43.68999862670898,43.790000915527344,43.790000915527344,46266
"PRGS","Progress Software Corporation - Common Stock","2021-05-20 12:30:00-04:00",43.77000045776367,43.77000045776367,43.52000045776367,43.68000030517578,43.68000030517578,39956
"PRGS","Progress Software Corporation - Common Stock","2021-05-20 13:30:00-04:00",43.70000076293945,43.83000183105469,43.61000061035156,43.81499862670898,43.81499862670898,52172
"PRGS","Progress Software Corporation - Common Stock","2021-05-20 14:30:00-04:00",43.83000183105469,44.125,43.68999862670898,44.08000183105469,44.08000183105469,210894
"PRGS","Progress Software Corporation - Common Stock","2021-05-20 15:30:00-04:00",44.11000061035156,44.220001220703125,44.02999877929688,44.20000076293945,44.20000076293945,100926
"PRGS","Progress Software Corporation - Common Stock","2021-05-20 16:00:00-04:00",44.2,44.2,43.8677,43.8677,43.8677,0
"PRGS","Progress Software Corporation - Common Stock","2021-05-21 08:00:00-04:00",44.2,44.2,44.2,44.2,44.2,0
"PRGS","Progress Software Corporation - Common Stock","2021-05-21 09:30:00-04:00",44.43999862670898,44.84000015258789,43.88999938964844,44.01499938964844,44.01499938964844,201286
"PRGS","Progress Software Corporation - Common Stock","2021-05-21 10:30:00-04:00",43.97499847412109,44.150001525878906,43.84000015258789,44.040000915527344,44.040000915527344,66736
"PRGS","Progress Software Corporation - Common Stock","2021-05-21 11:30:00-04:00",43.970001220703125,44.06999969482422,43.83000183105469,43.880001068115234,43.880001068115234,55188
"PRGS","Progress Software Corporation - Common Stock","2021-05-21 12:30:00-04:00",43.88999938964844,43.970001220703125,43.790000915527344,43.880001068115234,43.880001068115234,148073
"PRGS","Progress Software Corporation - Common Stock","2021-05-21 13:30:00-04:00",43.8849983215332,44.040000915527344,43.88199996948242,43.915000915527344,43.915000915527344,51731
"PRGS","Progress Software Corporation - Common Stock","2021-05-21 14:30:00-04:00",43.93000030517578,43.959999084472656,43.7599983215332,43.84000015258789,43.84000015258789,74249
"PRGS","Progress Software Corporation - Common Stock","2021-05-21 15:30:00-04:00",43.82500076293945,43.84000015258789,43.61000061035156,43.72999954223633,43.72999954223633,137807
"PRGS","Progress Software Corporation - Common Stock","2021-05-21 16:00:00-04:00",43.73,43.9529,43.73,43.8415,43.8415,0
"PRGS","Progress Software Corporation - Common Stock","2021-05-24 08:00:00-04:00",43.73,43.73,43.73,43.73,43.73,0
"PRGS","Progress Software Corporation - Common Stock","2021-05-24 09:30:00-04:00",43.93000030517578,44.29999923706055,43.650001525878906,44.14500045776367,44.14500045776367,52411
"PRGS","Progress Software Corporation - Common Stock","2021-05-24 10:30:00-04:00",44.16999816894531,44.494998931884766,44.11000061035156,44.45500183105469,44.45500183105469,46283
"PRGS","Progress Software Corporation - Common Stock","2021-05-24 11:30:00-04:00",44.43999862670898,44.47999954223633,44.150001525878906,44.2599983215332,44.2599983215332,38301
"PRGS","Progress Software Corporation - Common Stock","2021-05-24 12:30:00-04:00",44.2400016784668,44.38999938964844,44.15999984741211,44.38999938964844,44.38999938964844,37544
"PRGS","Progress Software Corporation - Common Stock","2021-05-24 13:30:00-04:00",44.400001525878906,44.52999877929688,44.369998931884766,44.52000045776367,44.52000045776367,35424
"PRGS","Progress Software Corporation - Common Stock","2021-05-24 14:30:00-04:00",44.52999877929688,44.77999877929688,44.5099983215332,44.66999816894531,44.66999816894531,48453
"PRGS","Progress Software Corporation - Common Stock","2021-05-24 15:30:00-04:00",44.65999984741211,44.67499923706055,44.33000183105469,44.4900016784668,44.4900016784668,110608
"PRGS","Progress Software Corporation - Common Stock","2021-05-24 16:00:00-04:00",44.47,44.48,44.3824,44.48,44.48,0
"PRGS","Progress Software Corporation - Common Stock","2021-05-25 08:00:00-04:00",45.93,45.93,45.93,45.93,45.93,0
"PRGS","Progress Software Corporation - Common Stock","2021-05-25 09:00:00-04:00",44.48,44.48,44.48,44.48,44.48,0
"PRGS","Progress Software Corporation - Common Stock","2021-05-25 09:30:00-04:00",44.63999938964844,44.650001525878906,44.20000076293945,44.310001373291016,44.310001373291016,56312
"PRGS","Progress Software Corporation - Common Stock","2021-05-25 10:30:00-04:00",44.310001373291016,44.584999084472656,44.20000076293945,44.34999847412109,44.34999847412109,45127
"PRGS","Progress Software Corporation - Common Stock","2021-05-25 11:30:00-04:00",44.36000061035156,44.47999954223633,44.220001220703125,44.470001220703125,44.470001220703125,30245
"PRGS","Progress Software Corporation - Common Stock","2021-05-25 12:30:00-04:00",44.459999084472656,44.52000045776367,44.06999969482422,44.15999984741211,44.15999984741211,42905
"PRGS","Progress Software Corporation - Common Stock","2021-05-25 13:30:00-04:00",44.150001525878906,44.23379898071289,44.0,44.02999877929688,44.02999877929688,39839
"PRGS","Progress Software Corporation - Common Stock","2021-05-25 14:30:00-04:00",44.0099983215332,44.18000030517578,43.9900016784668,44.15499877929688,44.15499877929688,52889
"PRGS","Progress Software Corporation - Common Stock","2021-05-25 15:30:00-04:00",44.130001068115234,44.220001220703125,44.04999923706055,44.18999862670898,44.18999862670898,151983
"PRGS","Progress Software Corporation - Common Stock","2021-05-25 16:00:00-04:00",44.2,44.2113,44.2,44.2113,44.2113,0
"PRGS","Progress Software Corporation - Common Stock","2021-05-26 07:00:00-04:00",44.21,44.21,44.0,44.0,44.0,0
"PRGS","Progress Software Corporation - Common Stock","2021-05-26 08:00:00-04:00",44.0,44.0,44.0,44.0,44.0,0
"PRGS","Progress Software Corporation - Common Stock","2021-05-26 09:30:00-04:00",44.290000915527344,44.40999984741211,43.880001068115234,44.2400016784668,44.2400016784668,50629
"PRGS","Progress Software Corporation - Common Stock","2021-05-26 10:30:00-04:00",44.23500061035156,44.540000915527344,44.185001373291016,44.220001220703125,44.220001220703125,36735
"PRGS","Progress Software Corporation - Common Stock","2021-05-26 11:30:00-04:00",44.16999816894531,44.42499923706055,44.13999938964844,44.33000183105469,44.33000183105469,28544
"PRGS","Progress Software Corporation - Common Stock","2021-05-26 12:30:00-04:00",44.34999847412109,44.48500061035156,44.33000183105469,44.40999984741211,44.40999984741211,24806
"PRGS","Progress Software Corporation - Common Stock","2021-05-26 13:30:00-04:00",44.369998931884766,44.45000076293945,44.2599983215332,44.43999862670898,44.43999862670898,27450
"PRGS","Progress Software Corporation - Common Stock","2021-05-26 14:30:00-04:00",44.45000076293945,44.540000915527344,44.43999862670898,44.45000076293945,44.45000076293945,38847
"PRGS","Progress Software Corporation - Common Stock","2021-05-26 15:30:00-04:00",44.43999862670898,44.63999938964844,44.31999969482422,44.630001068115234,44.630001068115234,117770
"PRGS","Progress Software Corporation - Common Stock","2021-05-26 16:00:00-04:00",44.61,44.61,44.4122,44.61,44.61,0
"PRGS","Progress Software Corporation - Common Stock","2021-05-27 07:00:00-04:00",44.88,44.88,44.88,44.88,44.88,0
"PRGS","Progress Software Corporation - Common Stock","2021-05-27 09:30:00-04:00",44.869998931884766,45.29999923706055,44.47999954223633,45.27999877929688,45.27999877929688,68577
"PRGS","Progress Software Corporation - Common Stock","2021-05-27 10:30:00-04:00",45.29499816894531,45.720001220703125,45.27000045776367,45.720001220703125,45.720001220703125,57628
"PRGS","Progress Software Corporation - Common Stock","2021-05-27 11:30:00-04:00",45.71500015258789,45.900001525878906,45.63999938964844,45.83000183105469,45.83000183105469,46402
"PRGS","Progress Software Corporation - Common Stock","2021-05-27 12:30:00-04:00",45.84000015258789,45.900001525878906,45.790000915527344,45.79999923706055,45.79999923706055,36152
"PRGS","Progress Software Corporation - Common Stock","2021-05-27 13:30:00-04:00",45.79499816894531,45.79999923706055,45.56999969482422,45.67499923706055,45.67499923706055,39017
"PRGS","Progress Software Corporation - Common Stock","2021-05-27 14:30:00-04:00",45.66999816894531,45.82500076293945,45.66999816894531,45.70000076293945,45.70000076293945,69876
"PRGS","Progress Software Corporation - Common Stock","2021-05-27 15:30:00-04:00",45.720001220703125,45.720001220703125,45.290000915527344,45.540000915527344,45.540000915527344,155913
"PRGS","Progress Software Corporation - Common Stock","2021-05-27 16:00:00-04:00",45.49,45.5163,45.484314,45.484314,45.484314,0
"PRGS","Progress Software Corporation - Common Stock","2021-05-28 09:30:00-04:00",45.630001068115234,45.630001068115234,45.18999862670898,45.29999923706055,45.29999923706055,29914
"PRGS","Progress Software Corporation - Common Stock","2021-05-28 10:30:00-04:00",45.310001373291016,45.54999923706055,45.20000076293945,45.4900016784668,45.4900016784668,40256
"PRGS","Progress Software Corporation - Common Stock","2021-05-28 11:30:00-04:00",45.4900016784668,45.630001068115234,45.34000015258789,45.34000015258789,45.34000015258789,26781
"PRGS","Progress Software Corporation - Common Stock","2021-05-28 12:30:00-04:00",45.33000183105469,45.34999847412109,45.02999877929688,45.02999877929688,45.02999877929688,19870
"PRGS","Progress Software Corporation - Common Stock","2021-05-28 13:30:00-04:00",45.04999923706055,45.18000030517578,44.93999862670898,44.970001220703125,44.970001220703125,24079
"PRGS","Progress Software Corporation - Common Stock","2021-05-28 14:30:00-04:00",45.0099983215332,45.0099983215332,44.650001525878906,44.720001220703125,44.720001220703125,46421
"PRGS","Progress Software Corporation - Common Stock","2021-05-28 15:30:00-04:00",44.70000076293945,44.77999877929688,44.52000045776367,44.56999969482422,44.56999969482422,75567
"PRGS","Progress Software Corporation - Common Stock","2021-05-28 16:00:00-04:00",44.57,44.57,44.57,44.57,44.57,40745
"PRGS","Progress Software Corporation - Common Stock","2021-05-28 17:00:00-04:00",44.5,44.5,44.5,44.5,44.5,0
"PRGS","Progress Software Corporation - Common Stock","2021-05-28 19:00:00-04:00",44.26,44.26,44.26,44.26,44.26,0
"PRGS","Progress Software Corporation - Common Stock","2021-06-01 07:00:00-04:00",44.62,44.62,44.62,44.62,44.62,0
"PRGS","Progress Software Corporation - Common Stock","2021-06-01 09:30:00-04:00",44.7400016784668,45.16999816894531,44.43000030517578,44.880001068115234,44.880001068115234,36296
"PRGS","Progress Software Corporation - Common Stock","2021-06-01 10:30:00-04:00",44.95000076293945,45.15999984741211,44.900001525878906,45.09999847412109,45.09999847412109,26002
"PRGS","Progress Software Corporation - Common Stock","2021-06-01 11:30:00-04:00",45.04999923706055,45.27000045776367,45.04999923706055,45.27000045776367,45.27000045776367,25422
"PRGS","Progress Software Corporation - Common Stock","2021-06-01 12:30:00-04:00",45.290000915527344,45.54499816894531,45.2599983215332,45.5099983215332,45.5099983215332,47244
"PRGS","Progress Software Corporation - Common Stock","2021-06-01 13:30:00-04:00",45.52999877929688,45.59000015258789,45.470001220703125,45.5099983215332,45.5099983215332,20170
"PRGS","Progress Software Corporation - Common Stock","2021-06-01 14:30:00-04:00",45.5099983215332,45.650001525878906,45.5099983215332,45.560001373291016,45.560001373291016,24561
"PRGS","Progress Software Corporation - Common Stock","2021-06-01 15:30:00-04:00",45.54499816894531,45.560001373291016,45.43000030517578,45.5099983215332,45.5099983215332,42636
"PRGS","Progress Software Corporation - Common Stock","2021-06-01 16:00:00-04:00",45.48,45.48,45.4798,45.48,45.48,0
"PRGS","Progress Software Corporation - Common Stock","2021-06-01 17:00:00-04:00",45.48,45.48,45.48,45.48,45.48,0
"PRGS","Progress Software Corporation - Common Stock","2021-06-02 09:30:00-04:00",45.400001525878906,45.630001068115234,45.16999816894531,45.42499923706055,45.42499923706055,26520
"PRGS","Progress Software Corporation - Common Stock","2021-06-02 10:30:00-04:00",45.380001068115234,45.46500015258789,45.18999862670898,45.2400016784668,45.2400016784668,22320
"PRGS","Progress Software Corporation - Common Stock","2021-06-02 11:30:00-04:00",45.18000030517578,45.290000915527344,45.095001220703125,45.150001525878906,45.150001525878906,18625
"PRGS","Progress Software Corporation - Common Stock","2021-06-02 12:30:00-04:00",45.130001068115234,45.15999984741211,44.900001525878906,44.97999954223633,44.97999954223633,21665
"PRGS","Progress Software Corporation - Common Stock","2021-06-02 13:30:00-04:00",44.970001220703125,44.970001220703125,44.709999084472656,44.7599983215332,44.7599983215332,24846
"PRGS","Progress Software Corporation - Common Stock","2021-06-02 14:30:00-04:00",44.7599983215332,44.7599983215332,44.59000015258789,44.630001068115234,44.630001068115234,43363
"PRGS","Progress Software Corporation - Common Stock","2021-06-02 15:30:00-04:00",44.619998931884766,44.7599983215332,44.58000183105469,44.75,44.75,48075
"PRGS","Progress Software Corporation - Common Stock","2021-06-02 16:00:00-04:00",44.74,44.74,44.74,44.74,44.74,0
"PRGS","Progress Software Corporation - Common Stock","2021-06-03 07:00:00-04:00",44.75,44.75,44.75,44.75,44.75,0
"PRGS","Progress Software Corporation - Common Stock","2021-06-03 09:30:00-04:00",44.59000015258789,44.994998931884766,44.209999084472656,44.709999084472656,44.709999084472656,22026
"PRGS","Progress Software Corporation - Common Stock","2021-06-03 10:30:00-04:00",44.68000030517578,44.869998931884766,44.55039978027344,44.68999862670898,44.68999862670898,20978
"PRGS","Progress Software Corporation - Common Stock","2021-06-03 11:30:00-04:00",44.7599983215332,44.95000076293945,44.66999816894531,44.880001068115234,44.880001068115234,19374
"PRGS","Progress Software Corporation - Common Stock","2021-06-03 12:30:00-04:00",44.880001068115234,45.09999847412109,44.86000061035156,45.09999847412109,45.09999847412109,29016
"PRGS","Progress Software Corporation - Common Stock","2021-06-03 13:30:00-04:00",45.09999847412109,45.15999984741211,44.9900016784668,45.14500045776367,45.14500045776367,22984
"PRGS","Progress Software Corporation - Common Stock","2021-06-03 14:30:00-04:00",45.13999938964844,45.220001220703125,45.08000183105469,45.18999862670898,45.18999862670898,40875
"PRGS","Progress Software Corporation - Common Stock","2021-06-03 15:30:00-04:00",45.22999954223633,45.380001068115234,45.20000076293945,45.33000183105469,45.33000183105469,80081
"PRGS","Progress Software Corporation - Common Stock","2021-06-03 16:00:00-04:00",45.34,45.72,45.34,45.72,45.72,0
"PRGS","Progress Software Corporation - Common Stock","2021-06-04 07:00:00-04:00",45.2,45.2,45.2,45.2,45.2,0
"PRGS","Progress Software Corporation - Common Stock","2021-06-04 09:00:00-04:00",45.75,45.81,45.75,45.81,45.81,0
"PRGS","Progress Software Corporation - Common Stock","2021-06-04 09:30:00-04:00",45.560001373291016,45.93999862670898,45.47999954223633,45.91999816894531,45.91999816894531,25144
"PRGS","Progress Software Corporation - Common Stock","2021-06-04 10:30:00-04:00",45.95000076293945,46.2400016784668,45.95000076293945,46.16999816894531,46.16999816894531,20363
"PRGS","Progress Software Corporation - Common Stock","2021-06-04 11:30:00-04:00",46.16999816894531,46.27999877929688,46.060001373291016,46.2400016784668,46.2400016784668,14670
"PRGS","Progress Software Corporation - Common Stock","2021-06-04 12:30:00-04:00",46.22999954223633,46.27000045776367,46.130001068115234,46.2400016784668,46.2400016784668,13887
"PRGS","Progress Software Corporation - Common Stock","2021-06-04 13:30:00-04:00",46.25,46.43999862670898,46.220001220703125,46.27999877929688,46.27999877929688,19991
"PRGS","Progress Software Corporation - Common Stock","2021-06-04 14:30:00-04:00",46.27000045776367,46.29999923706055,46.08000183105469,46.09000015258789,46.09000015258789,20181
"PRGS","Progress Software Corporation - Common Stock","2021-06-04 15:30:00-04:00",46.09999847412109,46.220001220703125,46.09999847412109,46.15999984741211,46.15999984741211,41482
"PRGS","Progress Software Corporation - Common Stock","2021-06-04 16:00:00-04:00",46.11,46.11,46.11,46.11,46.11,38698
"PRGS","Progress Software Corporation - Common Stock","2021-06-07 09:30:00-04:00",46.15999984741211,46.630001068115234,46.11000061035156,46.22999954223633,46.22999954223633,0
"PRGS","Progress Software Corporation - Common Stock","2021-06-07 10:30:00-04:00",46.209999084472656,46.220001220703125,46.09999847412109,46.130001068115234,46.130001068115234,16715
"PRGS","Progress Software Corporation - Common Stock","2021-06-07 11:30:00-04:00",46.06999969482422,46.18000030517578,46.02000045776367,46.150001525878906,46.150001525878906,15397
"PRGS","Progress Software Corporation - Common Stock","2021-06-07 12:30:00-04:00",46.125,46.13999938964844,46.0,46.02999877929688,46.02999877929688,11839
"PRGS","Progress Software Corporation - Common Stock","2021-06-07 13:30:00-04:00",45.97999954223633,46.09999847412109,45.93999862670898,45.970001220703125,45.970001220703125,18755
"PRGS","Progress Software Corporation - Common Stock","2021-06-07 14:30:00-04:00",45.970001220703125,46.09000015258789,45.91999816894531,46.07500076293945,46.07500076293945,18136
"PRGS","Progress Software Corporation - Common Stock","2021-06-07 15:30:00-04:00",46.03499984741211,46.11000061035156,45.95500183105469,46.11000061035156,46.11000061035156,36156
"PRGS","Progress Software Corporation - Common Stock","2021-06-07 16:00:00-04:00",46.09,46.1536,46.09,46.1536,46.1536,0
"PRGS","Progress Software Corporation - Common Stock","2021-06-07 17:00:00-04:00",46.09,46.09,46.09,46.09,46.09,0
"PRGS","Progress Software Corporation - Common Stock","2021-06-08 07:00:00-04:00",46.16,46.16,46.16,46.16,46.16,0
"PRGS","Progress Software Corporation - Common Stock","2021-06-08 08:00:00-04:00",46.09,46.43,46.09,46.24,46.24,0
"PRGS","Progress Software Corporation - Common Stock","2021-06-08 09:30:00-04:00",46.959999084472656,47.0,46.63999938964844,46.90999984741211,46.90999984741211,102663
"PRGS","Progress Software Corporation - Common Stock","2021-06-08 10:30:00-04:00",46.900001525878906,46.900001525878906,46.59000015258789,46.65999984741211,46.65999984741211,17574
"PRGS","Progress Software Corporation - Common Stock","2021-06-08 11:30:00-04:00",46.630001068115234,46.81999969482422,46.59999847412109,46.81999969482422,46.81999969482422,14184
"PRGS","Progress Software Corporation - Common Stock","2021-06-08 12:30:00-04:00",46.81499862670898,46.900001525878906,46.70000076293945,46.70000076293945,46.70000076293945,11834
"PRGS","Progress Software Corporation - Common Stock","2021-06-08 13:30:00-04:00",46.72999954223633,46.880001068115234,46.68000030517578,46.880001068115234,46.880001068115234,14702
"PRGS","Progress Software Corporation - Common Stock","2021-06-08 14:30:00-04:00",46.900001525878906,46.95000076293945,46.84999847412109,46.928001403808594,46.928001403808594,17840
"PRGS","Progress Software Corporation - Common Stock","2021-06-08 15:30:00-04:00",46.915000915527344,46.93000030517578,46.65999984741211,46.66999816894531,46.66999816894531,40757
"PRGS","Progress Software Corporation - Common Stock","2021-06-08 16:00:00-04:00",46.71,46.71,46.71,46.71,46.71,0
"PRGS","Progress Software Corporation - Common Stock","2021-06-09 08:00:00-04:00",46.71,46.71,46.71,46.71,46.71,0
"PRGS","Progress Software Corporation - Common Stock","2021-06-09 09:30:00-04:00",46.65999984741211,46.95000076293945,46.619998931884766,46.77000045776367,46.77000045776367,27391
"PRGS","Progress Software Corporation - Common Stock","2021-06-09 10:30:00-04:00",46.720001220703125,46.81999969482422,46.6150016784668,46.7400016784668,46.7400016784668,57203
"PRGS","Progress Software Corporation - Common Stock","2021-06-09 11:30:00-04:00",46.79999923706055,46.79999923706055,46.650001525878906,46.76499938964844,46.76499938964844,106499
"PRGS","Progress Software Corporation - Common Stock","2021-06-09 12:30:00-04:00",46.7599983215332,47.08000183105469,46.7599983215332,47.04999923706055,47.04999923706055,15894
"PRGS","Progress Software Corporation - Common Stock","2021-06-09 13:30:00-04:00",47.040000915527344,47.119998931884766,46.95000076293945,46.9900016784668,46.9900016784668,12094
"PRGS","Progress Software Corporation - Common Stock","2021-06-09 14:30:00-04:00",46.97999954223633,47.119998931884766,46.97999954223633,47.06499862670898,47.06499862670898,20079
"PRGS","Progress Software Corporation - Common Stock","2021-06-09 15:30:00-04:00",47.02999877929688,47.08000183105469,47.0099983215332,47.04999923706055,47.04999923706055,31294
"PRGS","Progress Software Corporation - Common Stock","2021-06-09 16:00:00-04:00",47.05,47.05,46.62,46.62,46.62,0
"PRGS","Progress Software Corporation - Common Stock","2021-06-10 09:30:00-04:00",47.459999084472656,47.52999877929688,46.77000045776367,46.84000015258789,46.84000015258789,29790
"PRGS","Progress Software Corporation - Common Stock","2021-06-10 10:30:00-04:00",46.8650016784668,46.88999938964844,46.61000061035156,46.77000045776367,46.77000045776367,13543
"PRGS","Progress Software Corporation - Common Stock","2021-06-10 11:30:00-04:00",46.77999877929688,46.81999969482422,46.66999816894531,46.68999862670898,46.68999862670898,12374
"PRGS","Progress Software Corporation - Common Stock","2021-06-10 12:30:00-04:00",46.66999816894531,46.95000076293945,46.665000915527344,46.77999877929688,46.77999877929688,35382
"PRGS","Progress Software Corporation - Common Stock","2021-06-10 13:30:00-04:00",46.744998931884766,46.90999984741211,46.744998931884766,46.84999847412109,46.84999847412109,69178
"PRGS","Progress Software Corporation - Common Stock","2021-06-10 14:30:00-04:00",46.85499954223633,46.93999862670898,46.84999847412109,46.86000061035156,46.86000061035156,15133
"PRGS","Progress Software Corporation - Common Stock","2021-06-10 15:30:00-04:00",46.86000061035156,47.0099983215332,46.84000015258789,47.0099983215332,47.0099983215332,56802
"PRGS","Progress Software Corporation - Common Stock","2021-06-10 16:00:00-04:00",46.99,46.99,46.9179,46.92,46.92,0
"PRGS","Progress Software Corporation - Common Stock","2021-06-11 09:00:00-04:00",46.99,46.99,46.99,46.99,46.99,0
"PRGS","Progress Software Corporation - Common Stock","2021-06-11 09:30:00-04:00",47.29999923706055,47.61000061035156,47.02999877929688,47.43999862670898,47.43999862670898,73250
"PRGS","Progress Software Corporation - Common Stock","2021-06-11 10:30:00-04:00",47.41999816894531,47.66999816894531,47.369998931884766,47.56999969482422,47.56999969482422,53302
"PRGS","Progress Software Corporation - Common Stock","2021-06-11 11:30:00-04:00",47.560001373291016,47.709999084472656,47.5099983215332,47.61000061035156,47.61000061035156,23693
"PRGS","Progress Software Corporation - Common Stock","2021-06-11 12:30:00-04:00",47.650001525878906,47.81999969482422,47.63999938964844,47.77000045776367,47.77000045776367,30268
"PRGS","Progress Software Corporation - Common Stock","2021-06-11 13:30:00-04:00",47.77000045776367,47.900001525878906,47.7400016784668,47.84999847412109,47.84999847412109,37891
"PRGS","Progress Software Corporation - Common Stock","2021-06-11 14:30:00-04:00",47.81499862670898,47.97999954223633,47.79999923706055,47.959999084472656,47.959999084472656,47074
"PRGS","Progress Software Corporation - Common Stock","2021-06-11 15:30:00-04:00",47.959999084472656,48.16999816894531,47.95000076293945,48.130001068115234,48.130001068115234,63215
"PRGS","Progress Software Corporation - Common Stock","2021-06-11 16:00:00-04:00",48.15,48.15,48.15,48.15,48.15,24335
"PRGS","Progress Software Corporation - Common Stock","2021-06-14 08:00:00-04:00",48.15,48.15,48.15,48.15,48.15,0
"PRGS","Progress Software Corporation - Common Stock","2021-06-14 09:30:00-04:00",48.2400016784668,48.29999923706055,47.34999847412109,47.40999984741211,47.40999984741211,41612
"PRGS","Progress Software Corporation - Common Stock","2021-06-14 10:30:00-04:00",47.41999816894531,47.59999847412109,47.20000076293945,47.540000915527344,47.540000915527344,22766
"PRGS","Progress Software Corporation - Common Stock","2021-06-14 11:30:00-04:00",47.52999877929688,47.560001373291016,47.36000061035156,47.459999084472656,47.459999084472656,18302
"PRGS","Progress Software Corporation - Common Stock","2021-06-14 12:30:00-04:00",47.470001220703125,47.470001220703125,47.29999923706055,47.36000061035156,47.36000061035156,18020
"PRGS","Progress Software Corporation - Common Stock","2021-06-14 13:30:00-04:00",47.3849983215332,47.47999954223633,47.310001373291016,47.38999938964844,47.38999938964844,19480
"PRGS","Progress Software Corporation - Common Stock","2021-06-14 14:30:00-04:00",47.38999938964844,47.470001220703125,47.310001373291016,47.41999816894531,47.41999816894531,19646
"PRGS","Progress Software Corporation - Common Stock","2021-06-14 15:30:00-04:00",47.40499877929688,47.52999877929688,47.369998931884766,47.52999877929688,47.52999877929688,46409
"PRGS","Progress Software Corporation - Common Stock","2021-06-14 16:00:00-04:00",47.49,47.49,47.485,47.49,47.49,0
"PRGS","Progress Software Corporation - Common Stock","2021-06-14 17:00:00-04:00",48.0,48.0,48.0,48.0,48.0,0
"PRGS","Progress Software Corporation - Common Stock","2021-06-15 08:00:00-04:00",48.2999,48.2999,48.2999,48.2999,48.2999,0
"PRGS","Progress Software Corporation - Common Stock","2021-06-15 09:30:00-04:00",47.52999877929688,47.880001068115234,47.22999954223633,47.230098724365234,47.230098724365234,15973
"PRGS","Progress Software Corporation - Common Stock","2021-06-15 10:30:00-04:00",47.18000030517578,47.33000183105469,47.15999984741211,47.15999984741211,47.15999984741211,26023
"PRGS","Progress Software Corporation - Common Stock","2021-06-15 11:30:00-04:00",47.16999816894531,47.43000030517578,47.06999969482422,47.43000030517578,47.43000030517578,12327
"PRGS","Progress Software Corporation - Common Stock","2021-06-15 12:30:00-04:00",47.43999862670898,47.470001220703125,47.310001373291016,47.33000183105469,47.33000183105469,11806
"PRGS","Progress Software Corporation - Common Stock","2021-06-15 13:30:00-04:00",47.310001373291016,47.34999847412109,46.88999938964844,46.88999938964844,46.88999938964844,25744
"PRGS","Progress Software Corporation - Common Stock","2021-06-15 14:30:00-04:00",46.91999816894531,47.06999969482422,46.83000183105469,46.84000015258789,46.84000015258789,27532
"PRGS","Progress Software Corporation - Common Stock","2021-06-15 15:30:00-04:00",46.83000183105469,47.0099983215332,46.81999969482422,46.970001220703125,46.970001220703125,34611
"PRGS","Progress Software Corporation - Common Stock","2021-06-15 16:00:00-04:00",47.0,47.0,47.0,47.0,47.0,0
"PRGS","Progress Software Corporation - Common Stock","2021-06-16 09:00:00-04:00",47.0,47.0,47.0,47.0,47.0,0
"PRGS","Progress Software Corporation - Common Stock","2021-06-16 09:30:00-04:00",46.81999969482422,46.84000015258789,46.68000030517578,46.81999969482422,46.81999969482422,21880
"PRGS","Progress Software Corporation - Common Stock","2021-06-16 10:30:00-04:00",46.81999969482422,47.06999969482422,46.77000045776367,47.06999969482422,47.06999969482422,13470
"PRGS","Progress Software Corporation - Common Stock","2021-06-16 11:30:00-04:00",47.06999969482422,47.11000061035156,46.77999877929688,46.79650115966797,46.79650115966797,22027
"PRGS","Progress Software Corporation - Common Stock","2021-06-16 12:30:00-04:00",46.790000915527344,46.93999862670898,46.720001220703125,46.900001525878906,46.900001525878906,15069
"PRGS","Progress Software Corporation - Common Stock","2021-06-16 13:30:00-04:00",46.90999984741211,46.91999816894531,46.119998931884766,46.43000030517578,46.43000030517578,30173
"PRGS","Progress Software Corporation - Common Stock","2021-06-16 14:30:00-04:00",46.43000030517578,46.72499847412109,46.13999938964844,46.650001525878906,46.650001525878906,40813
"PRGS","Progress Software Corporation - Common Stock","2021-06-16 15:30:00-04:00",46.65499877929688,46.68000030517578,46.29999923706055,46.459999084472656,46.459999084472656,66642
"PRGS","Progress Software Corporation - Common Stock","2021-06-16 16:00:00-04:00",46.48,46.48,46.48,46.48,46.48,0
"PRGS","Progress Software Corporation - Common Stock","2021-06-17 07:00:00-04:00",46.0,46.0,46.0,46.0,46.0,0
"PRGS","Progress Software Corporation - Common Stock","2021-06-17 08:00:00-04:00",46.48,48.0,46.48,48.0,48.0,0
"PRGS","Progress Software Corporation - Common Stock","2021-06-17 09:30:00-04:00",46.5099983215332,46.75,46.40999984741211,46.630001068115234,46.630001068115234,22108
"PRGS","Progress Software Corporation - Common Stock","2021-06-17 10:30:00-04:00",46.630001068115234,47.220001220703125,46.60499954223633,47.220001220703125,47.220001220703125,21703
"PRGS","Progress Software Corporation - Common Stock","2021-06-17 11:30:00-04:00",47.20000076293945,47.244998931884766,46.38999938964844,46.45000076293945,46.45000076293945,37596
"PRGS","Progress Software Corporation - Common Stock","2021-06-17 12:30:00-04:00",46.45000076293945,46.68000030517578,46.41999816894531,46.665000915527344,46.665000915527344,26990
"PRGS","Progress Software Corporation - Common Stock","2021-06-17 13:30:00-04:00",46.68999862670898,46.720001220703125,46.54999923706055,46.630001068115234,46.630001068115234,18152
"PRGS","Progress Software Corporation - Common Stock","2021-06-17 14:30:00-04:00",46.630001068115234,46.790000915527344,46.59999847412109,46.72499847412109,46.72499847412109,22586
"PRGS","Progress Software Corporation - Common Stock","2021-06-17 15:30:00-04:00",46.75,46.810001373291016,46.540000915527344,46.650001525878906,46.650001525878906,44920
"PRGS","Progress Software Corporation - Common Stock","2021-06-17 16:00:00-04:00",46.63,46.9,46.63,46.9,46.9,0
"PRGS","Progress Software Corporation - Common Stock","2021-06-17 17:00:00-04:00",46.32,46.32,46.32,46.32,46.32,0
"PRGS","Progress Software Corporation - Common Stock","2021-06-18 09:30:00-04:00",46.290000915527344,46.5099983215332,45.93999862670898,46.08000183105469,46.08000183105469,111106
"PRGS","Progress Software Corporation - Common Stock","2021-06-18 10:30:00-04:00",46.060001373291016,46.119998931884766,45.72999954223633,45.72999954223633,45.72999954223633,21601
"PRGS","Progress Software Corporation - Common Stock","2021-06-18 11:30:00-04:00",45.69499969482422,45.95000076293945,45.69499969482422,45.93000030517578,45.93000030517578,25071
"PRGS","Progress Software Corporation - Common Stock","2021-06-18 12:30:00-04:00",45.93999862670898,45.9900016784668,45.50630187988281,45.56999969482422,45.56999969482422,26844
"PRGS","Progress Software Corporation - Common Stock","2021-06-18 13:30:00-04:00",45.56999969482422,45.63899993896485,45.45000076293945,45.47999954223633,45.47999954223633,21028
"PRGS","Progress Software Corporation - Common Stock","2021-06-18 14:30:00-04:00",45.43999862670898,45.45000076293945,45.22999954223633,45.38999938964844,45.38999938964844,34533
"PRGS","Progress Software Corporation - Common Stock","2021-06-18 15:30:00-04:00",45.400001525878906,45.45000076293945,45.220001220703125,45.2599983215332,45.2599983215332,62063
"PRGS","Progress Software Corporation - Common Stock","2021-06-18 16:00:00-04:00",45.26,45.28,45.26,45.2634,45.2634,0
"PRGS","Progress Software Corporation - Common Stock","2021-06-18 18:00:00-04:00",45.3,45.3,45.28,45.28,45.28,0
"PRGS","Progress Software Corporation - Common Stock","2021-06-21 08:00:00-04:00",45.26,45.26,45.26,45.26,45.26,0
"PRGS","Progress Software Corporation - Common Stock","2021-06-21 09:30:00-04:00",45.43999862670898,45.75,45.290000915527344,45.66999816894531,45.66999816894531,29181
"PRGS","Progress Software Corporation - Common Stock","2021-06-21 10:30:00-04:00",45.7400016784668,45.93999862670898,45.66999816894531,45.93999862670898,45.93999862670898,22367
"PRGS","Progress Software Corporation - Common Stock","2021-06-21 11:30:00-04:00",45.95000076293945,45.994998931884766,45.810001373291016,45.81999969482422,45.81999969482422,13712
"PRGS","Progress Software Corporation - Common Stock","2021-06-21 12:30:00-04:00",45.83000183105469,45.93999862670898,45.650001525878906,45.68000030517578,45.68000030517578,18068
"PRGS","Progress Software Corporation - Common Stock","2021-06-21 13:30:00-04:00",45.68999862670898,45.81999969482422,45.65499877929688,45.790000915527344,45.790000915527344,14019
"PRGS","Progress Software Corporation - Common Stock","2021-06-21 14:30:00-04:00",45.72999954223633,45.81999969482422,45.56999969482422,45.59999847412109,45.59999847412109,19434
"PRGS","Progress Software Corporation - Common Stock","2021-06-21 15:30:00-04:00",45.61000061035156,45.68999862670898,45.525001525878906,45.63999938964844,45.63999938964844,39479
"PRGS","Progress Software Corporation - Common Stock","2021-06-21 16:00:00-04:00",45.64,45.64,45.64,45.64,45.64,0
"PRGS","Progress Software Corporation - Common Stock","2021-06-22 08:00:00-04:00",45.64,45.64,45.64,45.64,45.64,0
"PRGS","Progress Software Corporation - Common Stock","2021-06-22 09:30:00-04:00",45.45000076293945,45.755001068115234,44.790000915527344,45.09000015258789,45.09000015258789,36521
"PRGS","Progress Software Corporation - Common Stock","2021-06-22 10:30:00-04:00",45.119998931884766,45.5099983215332,45.09000015258789,45.31999969482422,45.31999969482422,14658
"PRGS","Progress Software Corporation - Common Stock","2021-06-22 11:30:00-04:00",45.34999847412109,45.52999877929688,45.310001373291016,45.5,45.5,13978
"PRGS","Progress Software Corporation - Common Stock","2021-06-22 12:30:00-04:00",45.5,45.5,45.2599983215332,45.27000045776367,45.27000045776367,16986
"PRGS","Progress Software Corporation - Common Stock","2021-06-22 13:30:00-04:00",45.2599983215332,45.34999847412109,45.2599983215332,45.34999847412109,45.34999847412109,12672
"PRGS","Progress Software Corporation - Common Stock","2021-06-22 14:30:00-04:00",45.34999847412109,45.650001525878906,45.31999969482422,45.619998931884766,45.619998931884766,18353
"PRGS","Progress Software Corporation - Common Stock","2021-06-22 15:30:00-04:00",45.61000061035156,45.650001525878906,45.43999862670898,45.5,45.5,29087
"PRGS","Progress Software Corporation - Common Stock","2021-06-22 16:00:00-04:00",45.49,45.49,45.489,45.49,45.49,0
"PRGS","Progress Software Corporation - Common Stock","2021-06-22 17:00:00-04:00",45.29,45.29,45.29,45.29,45.29,0
"PRGS","Progress Software Corporation - Common Stock","2021-06-23 08:00:00-04:00",45.49,45.49,45.49,45.49,45.49,0
"PRGS","Progress Software Corporation - Common Stock","2021-06-23 09:30:00-04:00",45.5,46.09000015258789,45.5,46.040000915527344,46.040000915527344,43119
"PRGS","Progress Software Corporation - Common Stock","2021-06-23 10:30:00-04:00",45.97990036010742,45.97990036010742,45.52999877929688,45.58000183105469,45.58000183105469,21379
"PRGS","Progress Software Corporation - Common Stock","2021-06-23 11:30:00-04:00",45.56999969482422,45.630001068115234,45.470001220703125,45.59000015258789,45.59000015258789,21039
"PRGS","Progress Software Corporation - Common Stock","2021-06-23 12:30:00-04:00",45.59999847412109,45.77000045776367,45.47999954223633,45.720001220703125,45.720001220703125,17081
"PRGS","Progress Software Corporation - Common Stock","2021-06-23 13:30:00-04:00",45.68999862670898,45.71500015258789,45.55500030517578,45.59000015258789,45.59000015258789,17359
"PRGS","Progress Software Corporation - Common Stock","2021-06-23 14:30:00-04:00",45.59999847412109,45.59999847412109,45.47499847412109,45.54999923706055,45.54999923706055,27225
"PRGS","Progress Software Corporation - Common Stock","2021-06-23 15:30:00-04:00",45.54999923706055,45.61000061035156,45.43000030517578,45.52999877929688,45.52999877929688,58538
"PRGS","Progress Software Corporation - Common Stock","2021-06-23 16:00:00-04:00",45.53,45.53,45.53,45.53,45.53,0
"PRGS","Progress Software Corporation - Common Stock","2021-06-24 07:00:00-04:00",45.99,46.35,45.99,46.35,46.35,0
"PRGS","Progress Software Corporation - Common Stock","2021-06-24 09:00:00-04:00",46.82,46.82,45.53,46.81,46.81,0
"PRGS","Progress Software Corporation - Common Stock","2021-06-24 09:30:00-04:00",45.880001068115234,46.269901275634766,45.62900161743164,46.269901275634766,46.269901275634766,40062
"PRGS","Progress Software Corporation - Common Stock","2021-06-24 10:30:00-04:00",46.22999954223633,46.29999923706055,45.97999954223633,46.11000061035156,46.11000061035156,36853
"PRGS","Progress Software Corporation - Common Stock","2021-06-24 11:30:00-04:00",46.119998931884766,46.15999984741211,46.0,46.13999938964844,46.13999938964844,19898
"PRGS","Progress Software Corporation - Common Stock","2021-06-24 12:30:00-04:00",46.14500045776367,46.27000045776367,46.119998931884766,46.150001525878906,46.150001525878906,22440
"PRGS","Progress Software Corporation - Common Stock","2021-06-24 13:30:00-04:00",46.130001068115234,46.310001373291016,46.0,46.310001373291016,46.310001373291016,24258
"PRGS","Progress Software Corporation - Common Stock","2021-06-24 14:30:00-04:00",46.31999969482422,46.33000183105469,46.18999862670898,46.2400016784668,46.2400016784668,43306
"PRGS","Progress Software Corporation - Common Stock","2021-06-24 15:30:00-04:00",46.2599983215332,46.27000045776367,46.060001373291016,46.15999984741211,46.15999984741211,169983
"PRGS","Progress Software Corporation - Common Stock","2021-06-24 16:00:00-04:00",46.06,48.02,46.0,46.0,46.0,0
"PRGS","Progress Software Corporation - Common Stock","2021-06-24 17:00:00-04:00",45.585,46.06,45.49,45.49,45.49,0
"PRGS","Progress Software Corporation - Common Stock","2021-06-24 18:00:00-04:00",45.49,45.5,45.43,45.5,45.5,0
"PRGS","Progress Software Corporation - Common Stock","2021-06-24 19:00:00-04:00",45.35,45.35,45.3,45.3,45.3,0
"PRGS","Progress Software Corporation - Common Stock","2021-06-25 07:00:00-04:00",45.49,46.0,45.49,45.99,45.99,0
"PRGS","Progress Software Corporation - Common Stock","2021-06-25 09:00:00-04:00",45.0,45.6,45.0,45.25,45.25,0
"PRGS","Progress Software Corporation - Common Stock","2021-06-25 09:30:00-04:00",44.84999847412109,46.77280044555664,44.84999847412109,46.40999984741211,46.40999984741211,76695
"PRGS","Progress Software Corporation - Common Stock","2021-06-25 10:30:00-04:00",46.42499923706055,46.77999877929688,46.380001068115234,46.54999923706055,46.54999923706055,45958
"PRGS","Progress Software Corporation - Common Stock","2021-06-25 11:30:00-04:00",46.61000061035156,46.88999938964844,46.52000045776367,46.77999877929688,46.77999877929688,30155
"PRGS","Progress Software Corporation - Common Stock","2021-06-25 12:30:00-04:00",46.77999877929688,46.95000076293945,46.43000030517578,46.45000076293945,46.45000076293945,41505
"PRGS","Progress Software Corporation - Common Stock","2021-06-25 13:30:00-04:00",46.422000885009766,46.54999923706055,46.422000885009766,46.43000030517578,46.43000030517578,21184
"PRGS","Progress Software Corporation - Common Stock","2021-06-25 14:30:00-04:00",46.43000030517578,46.58000183105469,46.380001068115234,46.52000045776367,46.52000045776367,39841
"PRGS","Progress Software Corporation - Common Stock","2021-06-25 15:30:00-04:00",46.540000915527344,46.83000183105469,46.43999862670898,46.52000045776367,46.52000045776367,87268
"PRGS","Progress Software Corporation - Common Stock","2021-06-25 16:00:00-04:00",46.51,46.5174,46.42,46.42,46.42,0
"PRGS","Progress Software Corporation - Common Stock","2021-06-28 08:00:00-04:00",46.51,46.51,46.51,46.51,46.51,0
"PRGS","Progress Software Corporation - Common Stock","2021-06-28 09:30:00-04:00",47.290000915527344,47.290000915527344,46.400001525878906,46.810001373291016,46.810001373291016,29629
"PRGS","Progress Software Corporation - Common Stock","2021-06-28 10:30:00-04:00",46.790000915527344,46.880001068115234,46.59000015258789,46.59000015258789,46.59000015258789,22301
"PRGS","Progress Software Corporation - Common Stock","2021-06-28 11:30:00-04:00",46.56999969482422,46.66999816894531,46.31999969482422,46.34999847412109,46.34999847412109,21317
"PRGS","Progress Software Corporation - Common Stock","2021-06-28 12:30:00-04:00",46.230098724365234,46.36000061035156,46.18999862670898,46.290000915527344,46.290000915527344,27840
"PRGS","Progress Software Corporation - Common Stock","2021-06-28 13:30:00-04:00",46.27999877929688,46.505001068115234,46.27999877929688,46.44499969482422,46.44499969482422,22156
"PRGS","Progress Software Corporation - Common Stock","2021-06-28 14:30:00-04:00",46.44499969482422,46.56999969482422,46.36000061035156,46.560001373291016,46.560001373291016,32185
"PRGS","Progress Software Corporation - Common Stock","2021-06-28 15:30:00-04:00",46.560001373291016,46.720001220703125,46.494998931884766,46.61000061035156,46.61000061035156,52030
"PRGS","Progress Software Corporation - Common Stock","2021-06-28 16:00:00-04:00",46.61,46.61,46.61,46.61,46.61,0
"PRGS","Progress Software Corporation - Common Stock","2021-06-28 17:00:00-04:00",46.61,46.61,46.61,46.61,46.61,0
"PRGS","Progress Software Corporation - Common Stock","2021-06-29 09:00:00-04:00",46.61,46.61,46.61,46.61,46.61,0
"PRGS","Progress Software Corporation - Common Stock","2021-06-29 09:30:00-04:00",46.630001068115234,46.91999816894531,46.310001373291016,46.5099983215332,46.5099983215332,18643
"PRGS","Progress Software Corporation - Common Stock","2021-06-29 10:30:00-04:00",46.52999877929688,46.68999862670898,46.470001220703125,46.68999862670898,46.68999862670898,14600
"PRGS","Progress Software Corporation - Common Stock","2021-06-29 11:30:00-04:00",46.66999816894531,46.66999816894531,46.540000915527344,46.59999847412109,46.59999847412109,13202
"PRGS","Progress Software Corporation - Common Stock","2021-06-29 12:30:00-04:00",46.59999847412109,46.869998931884766,46.59000015258789,46.869998931884766,46.869998931884766,13132
"PRGS","Progress Software Corporation - Common Stock","2021-06-29 13:30:00-04:00",46.81999969482422,46.81999969482422,46.630001068115234,46.68000030517578,46.68000030517578,21189
"PRGS","Progress Software Corporation - Common Stock","2021-06-29 14:30:00-04:00",46.650001525878906,46.775001525878906,46.61000061035156,46.77000045776367,46.77000045776367,16307
"PRGS","Progress Software Corporation - Common Stock","2021-06-29 15:30:00-04:00",46.7599983215332,46.77999877929688,46.68999862670898,46.7400016784668,46.7400016784668,43068
"PRGS","Progress Software Corporation - Common Stock","2021-06-29 16:00:00-04:00",46.75,46.75,46.7097,46.7097,46.7097,0
"PRGS","Progress Software Corporation - Common Stock","2021-07-01 09:00:00-04:00",46.25,46.25,46.25,46.25,46.25,0
"PRGS","Progress Software Corporation - Common Stock","2021-07-01 09:30:00-04:00",45.63999938964844,46.7400016784668,45.63999938964844,46.7400016784668,46.7400016784668,17604
"PRGS","Progress Software Corporation - Common Stock","2021-07-01 10:30:00-04:00",46.65999984741211,46.720001220703125,46.369998931884766,46.41999816894531,46.41999816894531,22216
"PRGS","Progress Software Corporation - Common Stock","2021-07-01 11:30:00-04:00",46.4900016784668,46.52999877929688,46.369998931884766,46.5,46.5,15856
"PRGS","Progress Software Corporation - Common Stock","2021-07-01 12:30:00-04:00",46.4900016784668,46.4900016784668,46.36000061035156,46.415000915527344,46.415000915527344,9462
"PRGS","Progress Software Corporation - Common Stock","2021-07-01 13:30:00-04:00",46.40999984741211,46.44499969482422,46.34999847412109,46.40999984741211,46.40999984741211,12250
"PRGS","Progress Software Corporation - Common Stock","2021-07-01 14:30:00-04:00",46.43000030517578,46.75,46.43000030517578,46.65999984741211,46.65999984741211,30839
"PRGS","Progress Software Corporation - Common Stock","2021-07-01 15:30:00-04:00",46.63999938964844,46.880001068115234,46.61000061035156,46.84999847412109,46.84999847412109,68441
"PRGS","Progress Software Corporation - Common Stock","2021-07-01 16:00:00-04:00",46.84,46.84,46.84,46.84,46.84,0
"PRGS","Progress Software Corporation - Common Stock","2021-07-02 09:30:00-04:00",47.18999862670898,47.2599983215332,46.88999938964844,47.130001068115234,47.130001068115234,27131
"PRGS","Progress Software Corporation - Common Stock","2021-07-02 10:30:00-04:00",47.119998931884766,47.2400016784668,47.09999847412109,47.220001220703125,47.220001220703125,18819
"PRGS","Progress Software Corporation - Common Stock","2021-07-02 11:30:00-04:00",47.18000030517578,47.34999847412109,47.125,47.1349983215332,47.1349983215332,15258
"PRGS","Progress Software Corporation - Common Stock","2021-07-02 12:30:00-04:00",47.06669998168945,47.33000183105469,47.06669998168945,47.31999969482422,47.31999969482422,14589
"PRGS","Progress Software Corporation - Common Stock","2021-07-02 13:30:00-04:00",47.31999969482422,47.43999862670898,47.29040145874024,47.415000915527344,47.415000915527344,26671
"PRGS","Progress Software Corporation - Common Stock","2021-07-02 14:30:00-04:00",47.380001068115234,47.45000076293945,47.334999084472656,47.38999938964844,47.38999938964844,14634
"PRGS","Progress Software Corporation - Common Stock","2021-07-02 15:30:00-04:00",47.38999938964844,47.47999954223633,47.22999954223633,47.33000183105469,47.33000183105469,40312
"PRGS","Progress Software Corporation - Common Stock","2021-07-02 16:00:00-04:00",47.31,47.31,47.31,47.31,47.31,0
"PRGS","Progress Software Corporation - Common Stock","2021-07-06 09:30:00-04:00",47.41999816894531,47.41999816894531,46.7599983215332,46.83000183105469,46.83000183105469,15996
"PRGS","Progress Software Corporation - Common Stock","2021-07-06 10:30:00-04:00",46.81999969482422,46.86000061035156,46.334999084472656,46.435001373291016,46.435001373291016,22942
"PRGS","Progress Software Corporation - Common Stock","2021-07-06 11:30:00-04:00",46.43000030517578,46.775001525878906,46.43000030517578,46.52999877929688,46.52999877929688,21720
"PRGS","Progress Software Corporation - Common Stock","2021-07-06 12:30:00-04:00",46.4900016784668,46.68999862670898,46.380001068115234,46.65999984741211,46.65999984741211,10571
"PRGS","Progress Software Corporation - Common Stock","2021-07-06 13:30:00-04:00",46.68999862670898,46.84000015258789,46.63999938964844,46.78499984741211,46.78499984741211,12138
"PRGS","Progress Software Corporation - Common Stock","2021-07-06 14:30:00-04:00",46.79999923706055,46.86000061035156,46.72999954223633,46.77000045776367,46.77000045776367,21734
"PRGS","Progress Software Corporation - Common Stock","2021-07-06 15:30:00-04:00",46.75,46.75,46.43000030517578,46.43999862670898,46.43999862670898,119510
"PRGS","Progress Software Corporation - Common Stock","2021-07-06 16:00:00-04:00",46.44,46.44,46.44,46.44,46.44,0
"PRGS","Progress Software Corporation - Common Stock","2021-07-07 08:00:00-04:00",46.44,46.44,46.44,46.44,46.44,0
"PRGS","Progress Software Corporation - Common Stock","2021-07-07 09:30:00-04:00",46.4900016784668,46.70000076293945,45.959999084472656,45.959999084472656,45.959999084472656,16205
"PRGS","Progress Software Corporation - Common Stock","2021-07-07 10:30:00-04:00",45.95000076293945,46.11000061035156,45.68000030517578,46.06999969482422,46.06999969482422,15220
"PRGS","Progress Software Corporation - Common Stock","2021-07-07 11:30:00-04:00",46.06999969482422,46.38999938964844,46.04999923706055,46.25,46.25,21699
"PRGS","Progress Software Corporation - Common Stock","2021-07-07 12:30:00-04:00",46.25,46.27999877929688,45.959999084472656,45.959999084472656,45.959999084472656,17928
"PRGS","Progress Software Corporation - Common Stock","2021-07-07 13:30:00-04:00",45.959999084472656,46.06999969482422,45.869998931884766,45.90999984741211,45.90999984741211,26707
"PRGS","Progress Software Corporation - Common Stock","2021-07-07 14:30:00-04:00",45.91999816894531,46.25,45.845001220703125,46.119998931884766,46.119998931884766,41637
"PRGS","Progress Software Corporation - Common Stock","2021-07-07 15:30:00-04:00",46.119998931884766,46.119998931884766,45.97999954223633,46.0,46.0,29771
"PRGS","Progress Software Corporation - Common Stock","2021-07-07 16:00:00-04:00",46.01,46.01,46.01,46.01,46.01,0
"PRGS","Progress Software Corporation - Common Stock","2021-07-08 09:30:00-04:00",45.34000015258789,45.7400016784668,45.02999877929688,45.40999984741211,45.40999984741211,25142
"PRGS","Progress Software Corporation - Common Stock","2021-07-08 10:30:00-04:00",45.4900016784668,45.61000061035156,45.20000076293945,45.59999847412109,45.59999847412109,16847
"PRGS","Progress Software Corporation - Common Stock","2021-07-08 11:30:00-04:00",45.584999084472656,45.720001220703125,45.41999816894531,45.58000183105469,45.58000183105469,24935
"PRGS","Progress Software Corporation - Common Stock","2021-07-08 12:30:00-04:00",45.59999847412109,45.77000045776367,45.43000030517578,45.58000183105469,45.58000183105469,17531
"PRGS","Progress Software Corporation - Common Stock","2021-07-08 13:30:00-04:00",45.625,45.630001068115234,45.36000061035156,45.38999938964844,45.38999938964844,23207
"PRGS","Progress Software Corporation - Common Stock","2021-07-08 14:30:00-04:00",45.30500030517578,45.45000076293945,45.20000076293945,45.40999984741211,45.40999984741211,24184
"PRGS","Progress Software Corporation - Common Stock","2021-07-08 15:30:00-04:00",45.40999984741211,45.459999084472656,45.209999084472656,45.369998931884766,45.369998931884766,52997
"PRGS","Progress Software Corporation - Common Stock","2021-07-08 16:00:00-04:00",45.34,45.34,45.34,45.34,45.34,57705
"PRGS","Progress Software Corporation - Common Stock","2021-07-09 08:00:00-04:00",45.34,45.34,45.34,45.34,45.34,0
"PRGS","Progress Software Corporation - Common Stock","2021-07-09 09:30:00-04:00",45.43999862670898,45.86000061035156,45.34000015258789,45.7599983215332,45.7599983215332,22724
"PRGS","Progress Software Corporation - Common Stock","2021-07-09 10:30:00-04:00",45.72499847412109,45.790000915527344,45.61000061035156,45.650001525878906,45.650001525878906,14164
"PRGS","Progress Software Corporation - Common Stock","2021-07-09 11:30:00-04:00",45.66999816894531,45.81999969482422,45.560001373291016,45.744998931884766,45.744998931884766,14935
"PRGS","Progress Software Corporation - Common Stock","2021-07-09 12:30:00-04:00",45.720001220703125,45.869998931884766,45.720001220703125,45.810001373291016,45.810001373291016,8742
"PRGS","Progress Software Corporation - Common Stock","2021-07-09 13:30:00-04:00",45.79999923706055,45.90999984741211,45.70000076293945,45.86000061035156,45.86000061035156,45187
"PRGS","Progress Software Corporation - Common Stock","2021-07-09 14:30:00-04:00",45.845001220703125,45.970001220703125,45.845001220703125,45.86000061035156,45.86000061035156,15873
"PRGS","Progress Software Corporation - Common Stock","2021-07-09 15:30:00-04:00",45.84999847412109,45.91999816894531,45.81499862670898,45.83000183105469,45.83000183105469,36612
"PRGS","Progress Software Corporation - Common Stock","2021-07-09 16:00:00-04:00",45.86,45.86,45.86,45.86,45.86,0
"PRGS","Progress Software Corporation - Common Stock","2021-07-12 06:00:00-04:00",45.86,45.86,45.86,45.86,45.86,0
"PRGS","Progress Software Corporation - Common Stock","2021-07-12 09:30:00-04:00",45.68000030517578,45.88999938964844,45.38999938964844,45.77000045776367,45.77000045776367,19007
"PRGS","Progress Software Corporation - Common Stock","2021-07-12 10:30:00-04:00",45.709999084472656,45.84000015258789,45.54999923706055,45.650001525878906,45.650001525878906,31079
"PRGS","Progress Software Corporation - Common Stock","2021-07-12 11:30:00-04:00",45.68999862670898,45.970001220703125,45.63999938964844,45.900001525878906,45.900001525878906,17815
"PRGS","Progress Software Corporation - Common Stock","2021-07-12 12:30:00-04:00",45.86000061035156,45.900001525878906,45.77000045776367,45.81999969482422,45.81999969482422,16909
"PRGS","Progress Software Corporation - Common Stock","2021-07-12 13:30:00-04:00",45.84999847412109,46.02000045776367,45.84999847412109,46.02000045776367,46.02000045776367,17478
"PRGS","Progress Software Corporation - Common Stock","2021-07-12 14:30:00-04:00",46.040000915527344,46.095001220703125,45.91999816894531,46.0099983215332,46.0099983215332,45668
"PRGS","Progress Software Corporation - Common Stock","2021-07-12 15:30:00-04:00",46.02000045776367,46.27999877929688,46.0,46.08000183105469,46.08000183105469,62070
"PRGS","Progress Software Corporation - Common Stock","2021-07-12 16:00:00-04:00",46.13,46.13,46.13,46.13,46.13,0
"PRGS","Progress Software Corporation - Common Stock","2021-07-12 17:00:00-04:00",46.13,46.13,46.13,46.13,46.13,0
"PRGS","Progress Software Corporation - Common Stock","2021-07-13 09:30:00-04:00",46.0,46.220001220703125,45.61000061035156,45.630001068115234,45.630001068115234,17782
"PRGS","Progress Software Corporation - Common Stock","2021-07-13 10:30:00-04:00",45.6349983215332,45.81499862670898,45.58000183105469,45.79999923706055,45.79999923706055,16253
"PRGS","Progress Software Corporation - Common Stock","2021-07-13 11:30:00-04:00",45.81930160522461,45.86000061035156,45.59999847412109,45.619998931884766,45.619998931884766,9476
"PRGS","Progress Software Corporation - Common Stock","2021-07-13 12:30:00-04:00",45.60499954223633,45.68999862670898,45.459999084472656,45.5099983215332,45.5099983215332,25078
"PRGS","Progress Software Corporation - Common Stock","2021-07-13 13:30:00-04:00",45.5099983215332,45.630001068115234,45.41999816894531,45.60499954223633,45.60499954223633,21287
"PRGS","Progress Software Corporation - Common Stock","2021-07-13 14:30:00-04:00",45.56999969482422,45.6150016784668,45.380001068115234,45.41999816894531,45.41999816894531,22920
"PRGS","Progress Software Corporation - Common Stock","2021-07-13 15:30:00-04:00",45.43999862670898,45.52999877929688,45.380001068115234,45.400001525878906,45.400001525878906,35397
"PRGS","Progress Software Corporation - Common Stock","2021-07-13 16:00:00-04:00",45.43,45.43,45.43,45.43,45.43,0
"PRGS","Progress Software Corporation - Common Stock","2021-07-14 08:00:00-04:00",45.45,45.45,45.45,45.45,45.45,0
"PRGS","Progress Software Corporation - Common Stock","2021-07-14 09:00:00-04:00",45.93,46.66,45.93,46.2,46.2,0
"PRGS","Progress Software Corporation - Common Stock","2021-07-14 09:30:00-04:00",45.790000915527344,45.90999984741211,45.11000061035156,45.119998931884766,45.119998931884766,18429
"PRGS","Progress Software Corporation - Common Stock","2021-07-14 10:30:00-04:00",45.09999847412109,45.25,44.84000015258789,44.84000015258789,44.84000015258789,27556
"PRGS","Progress Software Corporation - Common Stock","2021-07-14 11:30:00-04:00",44.86000061035156,44.9900016784668,44.720001220703125,44.90999984741211,44.90999984741211,22683
"PRGS","Progress Software Corporation - Common Stock","2021-07-14 12:30:00-04:00",44.88999938964844,45.02000045776367,44.77000045776367,44.880001068115234,44.880001068115234,25967
"PRGS","Progress Software Corporation - Common Stock","2021-07-14 13:30:00-04:00",44.900001525878906,45.220001220703125,44.900001525878906,45.15999984741211,45.15999984741211,34749
"PRGS","Progress Software Corporation - Common Stock","2021-07-14 14:30:00-04:00",45.130001068115234,45.43000030517578,45.08000183105469,45.31999969482422,45.31999969482422,35146
"PRGS","Progress Software Corporation - Common Stock","2021-07-14 15:30:00-04:00",45.33000183105469,45.34999847412109,45.119998931884766,45.13999938964844,45.13999938964844,37053
"PRGS","Progress Software Corporation - Common Stock","2021-07-14 16:00:00-04:00",45.12,45.73,45.12,45.73,45.73,0
"PRGS","Progress Software Corporation - Common Stock","2021-07-14 18:00:00-04:00",45.3,45.3,45.3,45.3,45.3,0
"PRGS","Progress Software Corporation - Common Stock","2021-07-15 07:00:00-04:00",45.13,45.13,45.13,45.13,45.13,0
"PRGS","Progress Software Corporation - Common Stock","2021-07-15 09:30:00-04:00",45.040000915527344,45.470001220703125,44.880001068115234,44.9900016784668,44.9900016784668,21901
"PRGS","Progress Software Corporation - Common Stock","2021-07-15 10:30:00-04:00",44.95000076293945,45.08000183105469,44.75,45.08000183105469,45.08000183105469,12036
"PRGS","Progress Software Corporation - Common Stock","2021-07-15 11:30:00-04:00",45.04499816894531,45.275001525878906,45.0099983215332,45.2400016784668,45.2400016784668,12763
"PRGS","Progress Software Corporation - Common Stock","2021-07-15 12:30:00-04:00",45.220001220703125,45.29999923706055,45.01499938964844,45.05210113525391,45.05210113525391,14410
"PRGS","Progress Software Corporation - Common Stock","2021-07-15 13:30:00-04:00",45.040000915527344,45.040000915527344,44.75,44.90999984741211,44.90999984741211,15287
"PRGS","Progress Software Corporation - Common Stock","2021-07-15 14:30:00-04:00",44.88999938964844,45.06999969482422,44.790000915527344,44.92499923706055,44.92499923706055,18214
"PRGS","Progress Software Corporation - Common Stock","2021-07-15 15:30:00-04:00",44.95000076293945,45.150001525878906,44.91999816894531,45.09999847412109,45.09999847412109,38684
"PRGS","Progress Software Corporation - Common Stock","2021-07-15 16:00:00-04:00",45.13,45.13,45.13,45.13,45.13,0
"PRGS","Progress Software Corporation - Common Stock","2021-07-16 09:30:00-04:00",45.38999938964844,45.64500045776367,45.130001068115234,45.18999862670898,45.18999862670898,19015
"PRGS","Progress Software Corporation - Common Stock","2021-07-16 10:30:00-04:00",45.209999084472656,45.400001525878906,45.209999084472656,45.29999923706055,45.29999923706055,14090
"PRGS","Progress Software Corporation - Common Stock","2021-07-16 11:30:00-04:00",45.27000045776367,45.36000061035156,45.20000076293945,45.2400016784668,45.2400016784668,11449
"PRGS","Progress Software Corporation - Common Stock","2021-07-16 12:30:00-04:00",45.2400016784668,45.26499938964844,44.95000076293945,44.959999084472656,44.959999084472656,15404
"PRGS","Progress Software Corporation - Common Stock","2021-07-16 13:30:00-04:00",44.970001220703125,44.97999954223633,44.790000915527344,44.86000061035156,44.86000061035156,13300
"PRGS","Progress Software Corporation - Common Stock","2021-07-16 14:30:00-04:00",44.869998931884766,44.880001068115234,44.61000061035156,44.61000061035156,44.61000061035156,30701
"PRGS","Progress Software Corporation - Common Stock","2021-07-16 15:30:00-04:00",44.6150016784668,44.63999938964844,44.38999938964844,44.47999954223633,44.47999954223633,39821
"PRGS","Progress Software Corporation - Common Stock","2021-07-16 16:00:00-04:00",44.46,44.46,44.46,44.46,44.46,0
"PRGS","Progress Software Corporation - Common Stock","2021-07-19 07:00:00-04:00",44.35,44.35,44.35,44.35,44.35,0
"PRGS","Progress Software Corporation - Common Stock","2021-07-19 08:00:00-04:00",44.26,44.35,43.4,43.4,43.4,0
"PRGS","Progress Software Corporation - Common Stock","2021-07-19 09:30:00-04:00",43.790000915527344,44.34000015258789,43.59999847412109,43.834999084472656,43.834999084472656,67556
"PRGS","Progress Software Corporation - Common Stock","2021-07-19 10:30:00-04:00",43.81999969482422,44.2400016784668,43.790000915527344,43.84999847412109,43.84999847412109,89639
"PRGS","Progress Software Corporation - Common Stock","2021-07-19 11:30:00-04:00",43.84999847412109,44.130001068115234,43.75,43.81499862670898,43.81499862670898,83728
"PRGS","Progress Software Corporation - Common Stock","2021-07-19 12:30:00-04:00",43.77999877929688,44.0099983215332,43.630001068115234,43.84999847412109,43.84999847412109,62360
"PRGS","Progress Software Corporation - Common Stock","2021-07-19 13:30:00-04:00",43.84000015258789,43.95000076293945,43.7400016784668,43.88999938964844,43.88999938964844,58212
"PRGS","Progress Software Corporation - Common Stock","2021-07-19 14:30:00-04:00",43.91999816894531,44.040000915527344,43.845001220703125,44.005001068115234,44.005001068115234,67550
"PRGS","Progress Software Corporation - Common Stock","2021-07-19 15:30:00-04:00",43.97999954223633,44.060001373291016,43.88999938964844,44.04999923706055,44.04999923706055,59722
"PRGS","Progress Software Corporation - Common Stock","2021-07-19 16:00:00-04:00",44.05,44.05,44.019,44.02,44.02,0
"PRGS","Progress Software Corporation - Common Stock","2021-07-20 09:30:00-04:00",44.310001373291016,45.4900016784668,44.18999862670898,45.27000045776367,45.27000045776367,39492
"PRGS","Progress Software Corporation - Common Stock","2021-07-20 10:30:00-04:00",45.2400016784668,45.650001525878906,45.18999862670898,45.5099983215332,45.5099983215332,30504
"PRGS","Progress Software Corporation - Common Stock","2021-07-20 11:30:00-04:00",45.5,45.65999984741211,45.36000061035156,45.54999923706055,45.54999923706055,24857
"PRGS","Progress Software Corporation - Common Stock","2021-07-20 12:30:00-04:00",45.630001068115234,45.83000183105469,45.52000045776367,45.57899856567383,45.57899856567383,23592
"PRGS","Progress Software Corporation - Common Stock","2021-07-20 13:30:00-04:00",45.59000015258789,45.84999847412109,45.494998931884766,45.84999847412109,45.84999847412109,24938
"PRGS","Progress Software Corporation - Common Stock","2021-07-20 14:30:00-04:00",45.88999938964844,45.915000915527344,45.63999938964844,45.90999984741211,45.90999984741211,52098
"PRGS","Progress Software Corporation - Common Stock","2021-07-20 15:30:00-04:00",45.869998931884766,45.95000076293945,45.540000915527344,45.61000061035156,45.61000061035156,101192
"PRGS","Progress Software Corporation - Common Stock","2021-07-20 16:00:00-04:00",45.58,45.58,45.58,45.58,45.58,0
"PRGS","Progress Software Corporation - Common Stock","2021-07-21 09:30:00-04:00",45.630001068115234,46.4900016784668,45.630001068115234,46.11000061035156,46.11000061035156,40303
"PRGS","Progress Software Corporation - Common Stock","2021-07-21 10:30:00-04:00",46.10499954223633,46.16999816894531,45.92449951171875,45.97999954223633,45.97999954223633,41090
"PRGS","Progress Software Corporation - Common Stock","2021-07-21 11:30:00-04:00",45.915000915527344,46.09000015258789,45.869998931884766,45.869998931884766,45.869998931884766,24383
"PRGS","Progress Software Corporation - Common Stock","2021-07-21 12:30:00-04:00",45.86000061035156,46.02999877929688,45.86000061035156,45.994998931884766,45.994998931884766,17397
"PRGS","Progress Software Corporation - Common Stock","2021-07-21 13:30:00-04:00",46.02999877929688,46.095001220703125,46.0099983215332,46.060001373291016,46.060001373291016,15862
"PRGS","Progress Software Corporation - Common Stock","2021-07-21 14:30:00-04:00",46.095001220703125,46.31499862670898,46.08000183105469,46.125,46.125,41030
"PRGS","Progress Software Corporation - Common Stock","2021-07-21 15:30:00-04:00",46.119998931884766,46.220001220703125,46.0099983215332,46.220001220703125,46.220001220703125,70983
"PRGS","Progress Software Corporation - Common Stock","2021-07-21 16:00:00-04:00",46.22,46.22,46.2,46.2,46.2,0
"PRGS","Progress Software Corporation - Common Stock","2021-07-22 09:30:00-04:00",46.220001220703125,46.52000045776367,45.68000030517578,45.68000030517578,45.68000030517578,13230
"PRGS","Progress Software Corporation - Common Stock","2021-07-22 10:30:00-04:00",45.68999862670898,45.75,45.5099983215332,45.619998931884766,45.619998931884766,8678
"PRGS","Progress Software Corporation - Common Stock","2021-07-22 11:30:00-04:00",45.650001525878906,45.7400016784668,45.52000045776367,45.650001525878906,45.650001525878906,18739
"PRGS","Progress Software Corporation - Common Stock","2021-07-22 12:30:00-04:00",45.650001525878906,45.650001525878906,45.5099983215332,45.56499862670898,45.56499862670898,14555
"PRGS","Progress Software Corporation - Common Stock","2021-07-22 13:30:00-04:00",45.56499862670898,45.6349983215332,45.5,45.58000183105469,45.58000183105469,15704
"PRGS","Progress Software Corporation - Common Stock","2021-07-22 14:30:00-04:00",45.560001373291016,45.79999923706055,45.560001373291016,45.720001220703125,45.720001220703125,15394
"PRGS","Progress Software Corporation - Common Stock","2021-07-22 15:30:00-04:00",45.709999084472656,45.79999923706055,45.59000015258789,45.790000915527344,45.790000915527344,48090
"PRGS","Progress Software Corporation - Common Stock","2021-07-22 16:00:00-04:00",45.79,45.79,45.79,45.79,45.79,0
"PRGS","Progress Software Corporation - Common Stock","2021-07-23 09:30:00-04:00",46.08000183105469,46.08000183105469,45.70500183105469,46.040000915527344,46.040000915527344,15466
"PRGS","Progress Software Corporation - Common Stock","2021-07-23 10:30:00-04:00",46.119998931884766,46.25,46.02000045776367,46.25,46.25,10473
"PRGS","Progress Software Corporation - Common Stock","2021-07-23 11:30:00-04:00",46.25,46.34999847412109,46.18000030517578,46.18000030517578,46.18000030517578,13500
"PRGS","Progress Software Corporation - Common Stock","2021-07-23 12:30:00-04:00",46.220001220703125,46.34999847412109,46.18000030517578,46.34999847412109,46.34999847412109,10958
"PRGS","Progress Software Corporation - Common Stock","2021-07-23 13:30:00-04:00",46.33000183105469,46.40999984741211,46.29999923706055,46.34000015258789,46.34000015258789,11863
"PRGS","Progress Software Corporation - Common Stock","2021-07-23 14:30:00-04:00",46.29999923706055,46.29999923706055,46.119998931884766,46.27000045776367,46.27000045776367,16026
"PRGS","Progress Software Corporation - Common Stock","2021-07-23 15:30:00-04:00",46.2400016784668,46.34000015258789,46.20000076293945,46.290000915527344,46.290000915527344,31240
"PRGS","Progress Software Corporation - Common Stock","2021-07-23 16:00:00-04:00",46.27,46.3,46.2344,46.3,46.3,0
"PRGS","Progress Software Corporation - Common Stock","2021-07-26 08:00:00-04:00",46.27,46.27,46.27,46.27,46.27,0
"PRGS","Progress Software Corporation - Common Stock","2021-07-26 09:00:00-04:00",46.27,46.27,46.27,46.27,46.27,0
"PRGS","Progress Software Corporation - Common Stock","2021-07-26 09:30:00-04:00",46.34999847412109,46.369998931884766,46.040000915527344,46.27000045776367,46.27000045776367,15353
"PRGS","Progress Software Corporation - Common Stock","2021-07-26 10:30:00-04:00",46.20500183105469,46.310001373291016,46.060001373291016,46.06999969482422,46.06999969482422,12281
"PRGS","Progress Software Corporation - Common Stock","2021-07-26 11:30:00-04:00",46.06999969482422,46.16999816894531,45.97249984741211,46.08000183105469,46.08000183105469,11958
"PRGS","Progress Software Corporation - Common Stock","2021-07-26 12:30:00-04:00",46.04999923706055,46.15499877929688,46.0,46.150001525878906,46.150001525878906,11267
"PRGS","Progress Software Corporation - Common Stock","2021-07-26 13:30:00-04:00",46.119998931884766,46.209999084472656,46.060001373291016,46.095001220703125,46.095001220703125,13490
"PRGS","Progress Software Corporation - Common Stock","2021-07-26 14:30:00-04:00",46.03499984741211,46.07500076293945,45.869998931884766,46.04999923706055,46.04999923706055,20490
"PRGS","Progress Software Corporation - Common Stock","2021-07-26 15:30:00-04:00",46.02000045776367,46.08000183105469,46.0099983215332,46.04999923706055,46.04999923706055,22510
"PRGS","Progress Software Corporation - Common Stock","2021-07-26 16:00:00-04:00",46.05,46.05,46.0485,46.05,46.05,0
"PRGS","Progress Software Corporation - Common Stock","2021-07-26 18:00:00-04:00",47.95,47.95,47.95,47.95,47.95,0
"PRGS","Progress Software Corporation - Common Stock","2021-07-27 09:30:00-04:00",45.900001525878906,46.16999816894531,45.61000061035156,45.880001068115234,45.880001068115234,32813
"PRGS","Progress Software Corporation - Common Stock","2021-07-27 10:30:00-04:00",45.86000061035156,45.970001220703125,45.709999084472656,45.7599983215332,45.7599983215332,18205
"PRGS","Progress Software Corporation - Common Stock","2021-07-27 11:30:00-04:00",45.7599983215332,45.7599983215332,45.45000076293945,45.59999847412109,45.59999847412109,20174
"PRGS","Progress Software Corporation - Common Stock","2021-07-27 12:30:00-04:00",45.540000915527344,45.56999969482422,45.2599983215332,45.33000183105469,45.33000183105469,13966
"PRGS","Progress Software Corporation - Common Stock","2021-07-27 13:30:00-04:00",45.33000183105469,45.630001068115234,45.310001373291016,45.61000061035156,45.61000061035156,9515
"PRGS","Progress Software Corporation - Common Stock","2021-07-27 14:30:00-04:00",45.625,45.65999984741211,45.560001373291016,45.650001525878906,45.650001525878906,13103
"PRGS","Progress Software Corporation - Common Stock","2021-07-27 15:30:00-04:00",45.61000061035156,45.68000030517578,45.540000915527344,45.66999816894531,45.66999816894531,195684
"PRGS","Progress Software Corporation - Common Stock","2021-07-27 16:00:00-04:00",45.65,45.65,45.6,45.65,45.65,0
"PRGS","Progress Software Corporation - Common Stock","2021-07-28 08:00:00-04:00",45.65,45.65,45.65,45.65,45.65,0
"PRGS","Progress Software Corporation - Common Stock","2021-07-28 09:30:00-04:00",45.244998931884766,46.09000015258789,45.244998931884766,45.560001373291016,45.560001373291016,24063
"PRGS","Progress Software Corporation - Common Stock","2021-07-28 10:30:00-04:00",45.595001220703125,46.08000183105469,45.52999877929688,46.06999969482422,46.06999969482422,16686
"PRGS","Progress Software Corporation - Common Stock","2021-07-28 11:30:00-04:00",46.02000045776367,46.10499954223633,45.959999084472656,46.060001373291016,46.060001373291016,14449
"PRGS","Progress Software Corporation - Common Stock","2021-07-28 12:30:00-04:00",46.02000045776367,46.11000061035156,46.0,46.060001373291016,46.060001373291016,7165
"PRGS","Progress Software Corporation - Common Stock","2021-07-28 13:30:00-04:00",46.0,46.22999954223633,45.959999084472656,46.22999954223633,46.22999954223633,30229
"PRGS","Progress Software Corporation - Common Stock","2021-07-28 14:30:00-04:00",46.20000076293945,46.47999954223633,46.18999862670898,46.29100036621094,46.29100036621094,16331
"PRGS","Progress Software Corporation - Common Stock","2021-07-28 15:30:00-04:00",46.30500030517578,46.36000061035156,46.13999938964844,46.209999084472656,46.209999084472656,26962
"PRGS","Progress Software Corporation - Common Stock","2021-07-28 16:00:00-04:00",46.15,46.15,46.1454,46.15,46.15,0
"PRGS","Progress Software Corporation - Common Stock","2021-07-29 08:00:00-04:00",46.1,47.0,46.1,47.0,47.0,0
"PRGS","Progress Software Corporation - Common Stock","2021-07-29 09:30:00-04:00",46.43000030517578,46.709999084472656,45.857200622558594,46.43999862670898,46.43999862670898,53115
"PRGS","Progress Software Corporation - Common Stock","2021-07-29 10:30:00-04:00",46.4900016784668,46.5,46.150001525878906,46.18000030517578,46.18000030517578,29151
"PRGS","Progress Software Corporation - Common Stock","2021-07-29 11:30:00-04:00",46.20000076293945,46.22999954223633,45.880001068115234,45.915000915527344,45.915000915527344,26679
"PRGS","Progress Software Corporation - Common Stock","2021-07-29 12:30:00-04:00",45.93000030517578,46.06999969482422,45.81999969482422,45.9900016784668,45.9900016784668,44757
"PRGS","Progress Software Corporation - Common Stock","2021-07-29 13:30:00-04:00",46.0,46.02000045776367,45.77999877929688,45.86000061035156,45.86000061035156,70741
"PRGS","Progress Software Corporation - Common Stock","2021-07-29 14:30:00-04:00",45.899898529052734,45.97999954223633,45.65999984741211,45.65999984741211,45.65999984741211,60887
"PRGS","Progress Software Corporation - Common Stock","2021-07-29 15:30:00-04:00",45.68999862670898,45.720001220703125,45.34999847412109,45.380001068115234,45.380001068115234,89858
"PRGS","Progress Software Corporation - Common Stock","2021-07-29 16:00:00-04:00",45.4,46.2,45.4,46.2,46.2,0
"PRGS","Progress Software Corporation - Common Stock","2021-07-30 08:00:00-04:00",45.4,45.4,45.4,45.4,45.4,0
"PRGS","Progress Software Corporation - Common Stock","2021-07-30 09:30:00-04:00",45.29999923706055,45.595001220703125,45.20000076293945,45.290000915527344,45.290000915527344,130759
"PRGS","Progress Software Corporation - Common Stock","2021-07-30 10:30:00-04:00",45.27000045776367,45.45000076293945,45.150001525878906,45.35499954223633,45.35499954223633,130795
"PRGS","Progress Software Corporation - Common Stock","2021-07-30 11:30:00-04:00",45.34000015258789,45.51499938964844,45.20000076293945,45.47999954223633,45.47999954223633,150587
"PRGS","Progress Software Corporation - Common Stock","2021-07-30 12:30:00-04:00",45.470001220703125,45.52999877929688,45.209999084472656,45.4900016784668,45.4900016784668,57677
"PRGS","Progress Software Corporation - Common Stock","2021-07-30 13:30:00-04:00",45.4900016784668,45.59999847412109,45.45000076293945,45.56999969482422,45.56999969482422,22168
"PRGS","Progress Software Corporation - Common Stock","2021-07-30 14:30:00-04:00",45.56999969482422,45.58000183105469,45.36000061035156,45.54999923706055,45.54999923706055,36841
"PRGS","Progress Software Corporation - Common Stock","2021-07-30 15:30:00-04:00",45.58000183105469,45.630001068115234,45.4900016784668,45.58000183105469,45.58000183105469,83413
"PRGS","Progress Software Corporation - Common Stock","2021-07-30 16:00:00-04:00",45.59,45.59,45.59,45.59,45.59,0
"PRGS","Progress Software Corporation - Common Stock","2021-08-02 08:00:00-04:00",45.59,45.59,45.59,45.59,45.59,0
"PRGS","Progress Software Corporation - Common Stock","2021-08-02 09:30:00-04:00",45.880001068115234,46.2599983215332,45.540000915527344,46.11000061035156,46.11000061035156,28986
"PRGS","Progress Software Corporation - Common Stock","2021-08-02 10:30:00-04:00",46.119998931884766,46.119998931884766,45.7599983215332,45.82500076293945,45.82500076293945,22140
"PRGS","Progress Software Corporation - Common Stock","2021-08-02 11:30:00-04:00",45.85499954223633,45.88999938964844,45.43999862670898,45.52000045776367,45.52000045776367,27575
"PRGS","Progress Software Corporation - Common Stock","2021-08-02 12:30:00-04:00",45.54999923706055,45.59000015258789,45.275001525878906,45.310001373291016,45.310001373291016,24382
"PRGS","Progress Software Corporation - Common Stock","2021-08-02 13:30:00-04:00",45.310001373291016,45.310001373291016,45.11000061035156,45.1150016784668,45.1150016784668,26971
"PRGS","Progress Software Corporation - Common Stock","2021-08-02 14:30:00-04:00",45.125,45.2400016784668,45.060001373291016,45.209999084472656,45.209999084472656,35701
"PRGS","Progress Software Corporation - Common Stock","2021-08-02 15:30:00-04:00",45.20000076293945,45.255001068115234,45.06999969482422,45.15999984741211,45.15999984741211,62351
"PRGS","Progress Software Corporation - Common Stock","2021-08-02 16:00:00-04:00",45.16,45.3185,45.16,45.3185,45.3185,0
"PRGS","Progress Software Corporation - Common Stock","2021-08-03 08:00:00-04:00",45.16,45.16,45.16,45.16,45.16,0
"PRGS","Progress Software Corporation - Common Stock","2021-08-03 09:30:00-04:00",45.40999984741211,46.0,44.869998931884766,45.36000061035156,45.36000061035156,25452
"PRGS","Progress Software Corporation - Common Stock","2021-08-03 10:30:00-04:00",45.41999816894531,45.505001068115234,45.2599983215332,45.46500015258789,45.46500015258789,22900
"PRGS","Progress Software Corporation - Common Stock","2021-08-03 11:30:00-04:00",45.47999954223633,45.77000045776367,45.47999954223633,45.75,45.75,19522
"PRGS","Progress Software Corporation - Common Stock","2021-08-03 12:30:00-04:00",45.720001220703125,45.93999862670898,45.70000076293945,45.93999862670898,45.93999862670898,17962
"PRGS","Progress Software Corporation - Common Stock","2021-08-03 13:30:00-04:00",45.91999816894531,46.08000183105469,45.880001068115234,45.91999816894531,45.91999816894531,22928
"PRGS","Progress Software Corporation - Common Stock","2021-08-03 14:30:00-04:00",45.90999984741211,46.060001373291016,45.84999847412109,45.9900016784668,45.9900016784668,29316
"PRGS","Progress Software Corporation - Common Stock","2021-08-03 15:30:00-04:00",45.98500061035156,46.13999938964844,45.83000183105469,45.97999954223633,45.97999954223633,67096
"PRGS","Progress Software Corporation - Common Stock","2021-08-03 16:00:00-04:00",45.98,46.09,45.8,46.05,46.05,0
"PRGS","Progress Software Corporation - Common Stock","2021-08-04 08:00:00-04:00",45.98,45.98,45.98,45.98,45.98,0
"PRGS","Progress Software Corporation - Common Stock","2021-08-04 09:30:00-04:00",45.65999984741211,45.84000015258789,45.47999954223633,45.54999923706055,45.54999923706055,21455
"PRGS","Progress Software Corporation - Common Stock","2021-08-04 10:30:00-04:00",45.459999084472656,45.47999954223633,45.08000183105469,45.09999847412109,45.09999847412109,18309
"PRGS","Progress Software Corporation - Common Stock","2021-08-04 11:30:00-04:00",45.10499954223633,45.10499954223633,44.900001525878906,44.970001220703125,44.970001220703125,25032
"PRGS","Progress Software Corporation - Common Stock","2021-08-04 12:30:00-04:00",44.970001220703125,45.15999984741211,44.91999816894531,45.15999984741211,45.15999984741211,23183
"PRGS","Progress Software Corporation - Common Stock","2021-08-04 13:30:00-04:00",45.165000915527344,45.400001525878906,45.13999938964844,45.33000183105469,45.33000183105469,21941
"PRGS","Progress Software Corporation - Common Stock","2021-08-04 14:30:00-04:00",45.31999969482422,45.59000015258789,45.25,45.46500015258789,45.46500015258789,62789
"PRGS","Progress Software Corporation - Common Stock","2021-08-04 15:30:00-04:00",45.46500015258789,45.46500015258789,45.290000915527344,45.31999969482422,45.31999969482422,41230
"PRGS","Progress Software Corporation - Common Stock","2021-08-04 16:00:00-04:00",45.29,46.13,45.29,46.13,46.13,0
"PRGS","Progress Software Corporation - Common Stock","2021-08-05 09:30:00-04:00",45.43000030517578,45.525001525878906,45.040000915527344,45.4900016784668,45.4900016784668,10869
"PRGS","Progress Software Corporation - Common Stock","2021-08-05 10:30:00-04:00",45.5099983215332,45.77999877929688,45.470001220703125,45.70000076293945,45.70000076293945,13692
"PRGS","Progress Software Corporation - Common Stock","2021-08-05 11:30:00-04:00",45.720001220703125,45.75,45.5,45.58000183105469,45.58000183105469,16075
"PRGS","Progress Software Corporation - Common Stock","2021-08-05 12:30:00-04:00",45.56999969482422,45.65999984741211,45.52000045776367,45.560001373291016,45.560001373291016,21008
"PRGS","Progress Software Corporation - Common Stock","2021-08-05 13:30:00-04:00",45.65999984741211,45.66999816894531,45.52999877929688,45.56999969482422,45.56999969482422,15628
"PRGS","Progress Software Corporation - Common Stock","2021-08-05 14:30:00-04:00",45.54999923706055,45.630001068115234,45.52999877929688,45.59000015258789,45.59000015258789,15336
"PRGS","Progress Software Corporation - Common Stock","2021-08-05 15:30:00-04:00",45.595001220703125,45.7599983215332,45.54999923706055,45.7599983215332,45.7599983215332,60365
"PRGS","Progress Software Corporation - Common Stock","2021-08-05 16:00:00-04:00",45.71,45.71,45.71,45.71,45.71,0
"PRGS","Progress Software Corporation - Common Stock","2021-08-06 09:30:00-04:00",45.75,46.15999984741211,45.59000015258789,45.79999923706055,45.79999923706055,26902
"PRGS","Progress Software Corporation - Common Stock","2021-08-06 10:30:00-04:00",45.77000045776367,46.06999969482422,45.720001220703125,46.0099983215332,46.0099983215332,19189
"PRGS","Progress Software Corporation - Common Stock","2021-08-06 11:30:00-04:00",45.994998931884766,46.040000915527344,45.875,45.875,45.875,20677
"PRGS","Progress Software Corporation - Common Stock","2021-08-06 12:30:00-04:00",45.86000061035156,46.0,45.84999847412109,45.90999984741211,45.90999984741211,19033
"PRGS","Progress Software Corporation - Common Stock","2021-08-06 13:30:00-04:00",45.915000915527344,46.130001068115234,45.915000915527344,46.09999847412109,46.09999847412109,23998
"PRGS","Progress Software Corporation - Common Stock","2021-08-06 14:30:00-04:00",46.15999984741211,46.15999984741211,46.0099983215332,46.09999847412109,46.09999847412109,37292
"PRGS","Progress Software Corporation - Common Stock","2021-08-06 15:30:00-04:00",46.130001068115234,46.31999969482422,46.119998931884766,46.27000045776367,46.27000045776367,61417
"PRGS","Progress Software Corporation - Common Stock","2021-08-06 16:00:00-04:00",46.26,46.26,46.0901,46.26,46.26,0
"PRGS","Progress Software Corporation - Common Stock","2021-08-09 08:00:00-04:00",46.26,46.26,46.26,46.26,46.26,0
"PRGS","Progress Software Corporation - Common Stock","2021-08-09 09:00:00-04:00",46.25,46.25,46.25,46.25,46.25,0
"PRGS","Progress Software Corporation - Common Stock","2021-08-09 09:30:00-04:00",46.18000030517578,46.34000015258789,45.88999938964844,45.97999954223633,45.97999954223633,26931
"PRGS","Progress Software Corporation - Common Stock","2021-08-09 10:30:00-04:00",46.0,46.11000061035156,45.84999847412109,45.93999862670898,45.93999862670898,34706
"PRGS","Progress Software Corporation - Common Stock","2021-08-09 11:30:00-04:00",45.93999862670898,46.20750045776367,45.93999862670898,46.14500045776367,46.14500045776367,42273
"PRGS","Progress Software Corporation - Common Stock","2021-08-09 12:30:00-04:00",46.20000076293945,46.52999877929688,46.16999816894531,46.22999954223633,46.22999954223633,23625
"PRGS","Progress Software Corporation - Common Stock","2021-08-09 13:30:00-04:00",46.18000030517578,46.33000183105469,45.90999984741211,45.91999816894531,45.91999816894531,61078
"PRGS","Progress Software Corporation - Common Stock","2021-08-09 14:30:00-04:00",45.91999816894531,46.16999816894531,45.790000915527344,45.79999923706055,45.79999923706055,35804
"PRGS","Progress Software Corporation - Common Stock","2021-08-09 15:30:00-04:00",45.84000015258789,45.93999862670898,45.70000076293945,45.7400016784668,45.7400016784668,38720
"PRGS","Progress Software Corporation - Common Stock","2021-08-09 16:00:00-04:00",45.74,46.0121,45.74,46.0121,46.0121,0
"PRGS","Progress Software Corporation - Common Stock","2021-08-10 09:30:00-04:00",45.77000045776367,45.77000045776367,45.060001373291016,45.060001373291016,45.060001373291016,36182
"PRGS","Progress Software Corporation - Common Stock","2021-08-10 10:30:00-04:00",45.119998931884766,45.2400016784668,44.93999862670898,45.15999984741211,45.15999984741211,15580
"PRGS","Progress Software Corporation - Common Stock","2021-08-10 11:30:00-04:00",45.25,45.27999877929688,45.16999816894531,45.18000030517578,45.18000030517578,17558
"PRGS","Progress Software Corporation - Common Stock","2021-08-10 12:30:00-04:00",45.18000030517578,45.20000076293945,44.77999877929688,44.77999877929688,44.77999877929688,22168
"PRGS","Progress Software Corporation - Common Stock","2021-08-10 13:30:00-04:00",44.77999877929688,44.77999877929688,44.59999847412109,44.7599983215332,44.7599983215332,25527
"PRGS","Progress Software Corporation - Common Stock","2021-08-10 14:30:00-04:00",44.83000183105469,45.119998931884766,44.83000183105469,45.06999969482422,45.06999969482422,25379
"PRGS","Progress Software Corporation - Common Stock","2021-08-10 15:30:00-04:00",45.10499954223633,45.16999816894531,45.05500030517578,45.130001068115234,45.130001068115234,32279
"PRGS","Progress Software Corporation - Common Stock","2021-08-10 16:00:00-04:00",45.11,45.11,45.11,45.11,45.11,24152
"PRGS","Progress Software Corporation - Common Stock","2021-08-11 09:30:00-04:00",45.09999847412109,45.38999938964844,44.86000061035156,45.119998931884766,45.119998931884766,0
"PRGS","Progress Software Corporation - Common Stock","2021-08-11 10:30:00-04:00",45.11000061035156,45.27000045776367,44.959999084472656,45.12030029296875,45.12030029296875,19006
"PRGS","Progress Software Corporation - Common Stock","2021-08-11 11:30:00-04:00",45.11000061035156,45.310001373291016,45.0,45.2599983215332,45.2599983215332,15563
"PRGS","Progress Software Corporation - Common Stock","2021-08-11 12:30:00-04:00",45.310001373291016,45.43000030517578,45.27999877929688,45.40999984741211,45.40999984741211,10690
"PRGS","Progress Software Corporation - Common Stock","2021-08-11 13:30:00-04:00",45.400001525878906,45.63999938964844,45.3650016784668,45.56999969482422,45.56999969482422,27377
"PRGS","Progress Software Corporation - Common Stock","2021-08-11 14:30:00-04:00",45.54999923706055,45.66999816894531,45.52000045776367,45.619998931884766,45.619998931884766,27680
"PRGS","Progress Software Corporation - Common Stock","2021-08-11 15:30:00-04:00",45.59999847412109,45.77000045776367,45.54999923706055,45.77000045776367,45.77000045776367,48891
"PRGS","Progress Software Corporation - Common Stock","2021-08-11 16:00:00-04:00",45.73,46.0,45.73,46.0,46.0,0
"PRGS","Progress Software Corporation - Common Stock","2021-08-12 09:30:00-04:00",45.709999084472656,45.82630157470703,45.39500045776367,45.61000061035156,45.61000061035156,21019
"PRGS","Progress Software Corporation - Common Stock","2021-08-12 10:30:00-04:00",45.619998931884766,45.790000915527344,45.56999969482422,45.720001220703125,45.720001220703125,14544
"PRGS","Progress Software Corporation - Common Stock","2021-08-12 11:30:00-04:00",45.68000030517578,45.790000915527344,45.66999816894531,45.720001220703125,45.720001220703125,11864
"PRGS","Progress Software Corporation - Common Stock","2021-08-12 12:30:00-04:00",45.7400016784668,45.7400016784668,45.4900016784668,45.4900016784668,45.4900016784668,11983
"PRGS","Progress Software Corporation - Common Stock","2021-08-12 13:30:00-04:00",45.52000045776367,45.560001373291016,45.47999954223633,45.505001068115234,45.505001068115234,15036
"PRGS","Progress Software Corporation - Common Stock","2021-08-12 14:30:00-04:00",45.5,45.720001220703125,45.4900016784668,45.63999938964844,45.63999938964844,20341
"PRGS","Progress Software Corporation - Common Stock","2021-08-12 15:30:00-04:00",45.65999984741211,45.66999816894531,45.560001373291016,45.58000183105469,45.58000183105469,24792
"PRGS","Progress Software Corporation - Common Stock","2021-08-12 16:00:00-04:00",45.6,45.6,45.6,45.6,45.6,0
"PRGS","Progress Software Corporation - Common Stock","2021-08-13 09:30:00-04:00",45.56999969482422,45.619998931884766,45.400001525878906,45.43000030517578,45.43000030517578,24127
"PRGS","Progress Software Corporation - Common Stock","2021-08-13 10:30:00-04:00",45.47999954223633,45.56499862670898,45.38999938964844,45.5,45.5,8207
"PRGS","Progress Software Corporation - Common Stock","2021-08-13 11:30:00-04:00",45.48500061035156,45.584999084472656,45.45000076293945,45.459999084472656,45.459999084472656,23416
"PRGS","Progress Software Corporation - Common Stock","2021-08-13 12:30:00-04:00",45.47999954223633,45.52999877929688,45.45000076293945,45.47999954223633,45.47999954223633,5986
"PRGS","Progress Software Corporation - Common Stock","2021-08-13 13:30:00-04:00",45.494998931884766,45.63999938964844,45.459999084472656,45.5,45.5,11221
"PRGS","Progress Software Corporation - Common Stock","2021-08-13 14:30:00-04:00",45.47999954223633,45.52000045776367,45.41999816894531,45.5,45.5,18919
"PRGS","Progress Software Corporation - Common Stock","2021-08-13 15:30:00-04:00",45.5099983215332,45.52999877929688,45.380001068115234,45.41999816894531,45.41999816894531,18434
"PRGS","Progress Software Corporation - Common Stock","2021-08-13 16:00:00-04:00",45.44,45.44,45.44,45.44,45.44,0
"PRGS","Progress Software Corporation - Common Stock","2021-08-13 17:00:00-04:00",45.44,45.44,45.44,45.44,45.44,0
"PRGS","Progress Software Corporation - Common Stock","2021-08-16 08:00:00-04:00",45.44,45.44,45.44,45.44,45.44,0
"PRGS","Progress Software Corporation - Common Stock","2021-08-16 09:30:00-04:00",45.22999954223633,45.22999954223633,44.77000045776367,45.06499862670898,45.06499862670898,24222
"PRGS","Progress Software Corporation - Common Stock","2021-08-16 10:30:00-04:00",45.02000045776367,45.15999984741211,45.0,45.130001068115234,45.130001068115234,18622
"PRGS","Progress Software Corporation - Common Stock","2021-08-16 11:30:00-04:00",45.15999984741211,45.2599983215332,45.04999923706055,45.119998931884766,45.119998931884766,15328
"PRGS","Progress Software Corporation - Common Stock","2021-08-16 12:30:00-04:00",45.09999847412109,45.150001525878906,45.08000183105469,45.09999847412109,45.09999847412109,12277
"PRGS","Progress Software Corporation - Common Stock","2021-08-16 13:30:00-04:00",45.07500076293945,45.130001068115234,44.91999816894531,44.93000030517578,44.93000030517578,25575
"PRGS","Progress Software Corporation - Common Stock","2021-08-16 14:30:00-04:00",44.900001525878906,44.97999954223633,44.83000183105469,44.93000030517578,44.93000030517578,32428
"PRGS","Progress Software Corporation - Common Stock","2021-08-16 15:30:00-04:00",44.90999984741211,45.040000915527344,44.845001220703125,44.97999954223633,44.97999954223633,40008
"PRGS","Progress Software Corporation - Common Stock","2021-08-16 16:00:00-04:00",44.98,44.98,44.98,44.98,44.98,0
"PRGS","Progress Software Corporation - Common Stock","2021-08-16 17:00:00-04:00",44.98,44.98,44.98,44.98,44.98,0
"PRGS","Progress Software Corporation - Common Stock","2021-08-17 09:30:00-04:00",44.70000076293945,44.70000076293945,44.310001373291016,44.68000030517578,44.68000030517578,48250
"PRGS","Progress Software Corporation - Common Stock","2021-08-17 10:30:00-04:00",44.7400016784668,44.7400016784668,44.400001525878906,44.43999862670898,44.43999862670898,20920
"PRGS","Progress Software Corporation - Common Stock","2021-08-17 11:30:00-04:00",44.4900016784668,44.7400016784668,44.4900016784668,44.7400016784668,44.7400016784668,17215
"PRGS","Progress Software Corporation - Common Stock","2021-08-17 12:30:00-04:00",44.720001220703125,44.720001220703125,44.55500030517578,44.68000030517578,44.68000030517578,19484
"PRGS","Progress Software Corporation - Common Stock","2021-08-17 13:30:00-04:00",44.685001373291016,44.720001220703125,44.58000183105469,44.650001525878906,44.650001525878906,13707
"PRGS","Progress Software Corporation - Common Stock","2021-08-17 14:30:00-04:00",44.61000061035156,44.77999877929688,44.56999969482422,44.7599983215332,44.7599983215332,20451
"PRGS","Progress Software Corporation - Common Stock","2021-08-17 15:30:00-04:00",44.75,44.77000045776367,44.59999847412109,44.68000030517578,44.68000030517578,34470
"PRGS","Progress Software Corporation - Common Stock","2021-08-17 16:00:00-04:00",44.7,44.7,44.7,44.7,44.7,0
"PRGS","Progress Software Corporation - Common Stock","2021-08-18 09:30:00-04:00",44.540000915527344,44.83000183105469,44.40999984741211,44.58000183105469,44.58000183105469,17027
"PRGS","Progress Software Corporation - Common Stock","2021-08-18 10:30:00-04:00",44.619998931884766,44.68000030517578,44.30500030517578,44.32500076293945,44.32500076293945,40034
"PRGS","Progress Software Corporation - Common Stock","2021-08-18 11:30:00-04:00",44.31999969482422,44.45000076293945,44.02999877929688,44.45000076293945,44.45000076293945,23891
"PRGS","Progress Software Corporation - Common Stock","2021-08-18 12:30:00-04:00",44.459999084472656,44.459999084472656,44.2599983215332,44.2599983215332,44.2599983215332,13419
"PRGS","Progress Software Corporation - Common Stock","2021-08-18 13:30:00-04:00",44.290000915527344,44.400001525878906,44.150001525878906,44.400001525878906,44.400001525878906,23801
"PRGS","Progress Software Corporation - Common Stock","2021-08-18 14:30:00-04:00",44.40999984741211,44.43999862670898,44.16999816894531,44.18000030517578,44.18000030517578,29981
"PRGS","Progress Software Corporation - Common Stock","2021-08-18 15:30:00-04:00",44.15999984741211,44.19499969482422,43.84999847412109,43.900001525878906,43.900001525878906,54642
"PRGS","Progress Software Corporation - Common Stock","2021-08-18 16:00:00-04:00",43.93,43.93,43.93,43.93,43.93,0
"PRGS","Progress Software Corporation - Common Stock","2021-08-19 07:00:00-04:00",43.6,43.6,43.6,43.6,43.6,0
"PRGS","Progress Software Corporation - Common Stock","2021-08-19 09:30:00-04:00",43.41999816894531,43.86000061035156,43.41999816894531,43.70000076293945,43.70000076293945,20668
"PRGS","Progress Software Corporation - Common Stock","2021-08-19 10:30:00-04:00",43.70059967041016,43.720001220703125,43.18999862670898,43.2599983215332,43.2599983215332,21849
"PRGS","Progress Software Corporation - Common Stock","2021-08-19 11:30:00-04:00",43.27999877929688,43.33000183105469,43.09000015258789,43.150001525878906,43.150001525878906,24297
"PRGS","Progress Software Corporation - Common Stock","2021-08-19 12:30:00-04:00",43.209999084472656,43.43000030517578,43.119998931884766,43.220001220703125,43.220001220703125,30149
"PRGS","Progress Software Corporation - Common Stock","2021-08-19 13:30:00-04:00",43.18999862670898,43.27999877929688,42.96500015258789,42.96500015258789,42.96500015258789,18046
"PRGS","Progress Software Corporation - Common Stock","2021-08-19 14:30:00-04:00",42.959999084472656,43.20000076293945,42.90999984741211,43.20000076293945,43.20000076293945,18424
"PRGS","Progress Software Corporation - Common Stock","2021-08-19 15:30:00-04:00",43.18000030517578,43.27999877929688,43.09600067138672,43.130001068115234,43.130001068115234,48597
"PRGS","Progress Software Corporation - Common Stock","2021-08-19 16:00:00-04:00",43.16,43.16,43.16,43.16,43.16,54721
"PRGS","Progress Software Corporation - Common Stock","2021-08-20 08:00:00-04:00",43.16,43.16,43.16,43.16,43.16,0
"PRGS","Progress Software Corporation - Common Stock","2021-08-20 09:30:00-04:00",43.04999923706055,43.72999954223633,43.04999923706055,43.68000030517578,43.68000030517578,26838
"PRGS","Progress Software Corporation - Common Stock","2021-08-20 10:30:00-04:00",43.68999862670898,44.0099983215332,43.56999969482422,43.942501068115234,43.942501068115234,17184
"PRGS","Progress Software Corporation - Common Stock","2021-08-20 11:30:00-04:00",43.8849983215332,44.15999984741211,43.810001373291016,44.15499877929688,44.15499877929688,27721
"PRGS","Progress Software Corporation - Common Stock","2021-08-20 12:30:00-04:00",44.150001525878906,44.400001525878906,44.13999938964844,44.33000183105469,44.33000183105469,25624
"PRGS","Progress Software Corporation - Common Stock","2021-08-20 13:30:00-04:00",44.33000183105469,44.47999954223633,44.244998931884766,44.25,44.25,23065
"PRGS","Progress Software Corporation - Common Stock","2021-08-20 14:30:00-04:00",44.2599983215332,44.2599983215332,44.13999938964844,44.17499923706055,44.17499923706055,30622
"PRGS","Progress Software Corporation - Common Stock","2021-08-20 15:30:00-04:00",44.150001525878906,44.51499938964844,44.150001525878906,44.36000061035156,44.36000061035156,82549
"PRGS","Progress Software Corporation - Common Stock","2021-08-20 16:00:00-04:00",44.34,44.6,44.34,44.34,44.34,0
"PRGS","Progress Software Corporation - Common Stock","2021-08-23 09:30:00-04:00",44.7400016784668,44.88999938964844,44.43000030517578,44.650001525878906,44.650001525878906,30698
"PRGS","Progress Software Corporation - Common Stock","2021-08-23 10:30:00-04:00",44.625,44.9900016784668,44.56999969482422,44.93999862670898,44.93999862670898,17959
"PRGS","Progress Software Corporation - Common Stock","2021-08-23 11:30:00-04:00",44.98500061035156,45.09999847412109,44.970001220703125,44.970001220703125,44.970001220703125,15473
"PRGS","Progress Software Corporation - Common Stock","2021-08-23 12:30:00-04:00",44.959999084472656,44.97999954223633,44.86000061035156,44.959999084472656,44.959999084472656,9896
"PRGS","Progress Software Corporation - Common Stock","2021-08-23 13:30:00-04:00",44.959999084472656,44.9900016784668,44.900001525878906,44.9900016784668,44.9900016784668,9126
"PRGS","Progress Software Corporation - Common Stock","2021-08-23 14:30:00-04:00",45.02999877929688,45.21500015258789,45.02999877929688,45.21500015258789,45.21500015258789,15182
"PRGS","Progress Software Corporation - Common Stock","2021-08-23 15:30:00-04:00",45.21500015258789,45.31999969482422,45.185001373291016,45.25,45.25,28224
"PRGS","Progress Software Corporation - Common Stock","2021-08-23 16:00:00-04:00",45.29,45.29,45.29,45.29,45.29,22091
"PRGS","Progress Software Corporation - Common Stock","2021-08-23 17:00:00-04:00",45.29,45.29,45.29,45.29,45.29,0
"PRGS","Progress Software Corporation - Common Stock","2021-08-24 09:30:00-04:00",45.27999877929688,45.53499984741211,45.2599983215332,45.459999084472656,45.459999084472656,14886
"PRGS","Progress Software Corporation - Common Stock","2021-08-24 10:30:00-04:00",45.5099983215332,45.54999923706055,45.36000061035156,45.36000061035156,45.36000061035156,17355
"PRGS","Progress Software Corporation - Common Stock","2021-08-24 11:30:00-04:00",45.2599983215332,45.27999877929688,45.084999084472656,45.16999816894531,45.16999816894531,16006
"PRGS","Progress Software Corporation - Common Stock","2021-08-24 12:30:00-04:00",45.185001373291016,45.32899856567383,45.185001373291016,45.310001373291016,45.310001373291016,7636
"PRGS","Progress Software Corporation - Common Stock","2021-08-24 13:30:00-04:00",45.33000183105469,45.33000183105469,45.119998931884766,45.16999816894531,45.16999816894531,11855
"PRGS","Progress Software Corporation - Common Stock","2021-08-24 14:30:00-04:00",45.220001220703125,45.2599983215332,45.18000030517578,45.2599983215332,45.2599983215332,23668
"PRGS","Progress Software Corporation - Common Stock","2021-08-24 15:30:00-04:00",45.2599983215332,45.43000030517578,45.2599983215332,45.43000030517578,45.43000030517578,29722
"PRGS","Progress Software Corporation - Common Stock","2021-08-24 16:00:00-04:00",45.43,45.5,45.43,45.5,45.5,0
"PRGS","Progress Software Corporation - Common Stock","2021-08-25 09:30:00-04:00",45.52999877929688,45.72999954223633,45.43999862670898,45.58000183105469,45.58000183105469,30694
"PRGS","Progress Software Corporation - Common Stock","2021-08-25 10:30:00-04:00",45.68000030517578,45.810001373291016,45.68000030517578,45.79999923706055,45.79999923706055,8092
"PRGS","Progress Software Corporation - Common Stock","2021-08-25 11:30:00-04:00",45.810001373291016,45.93000030517578,45.79999923706055,45.88999938964844,45.88999938964844,10382
"PRGS","Progress Software Corporation - Common Stock","2021-08-25 12:30:00-04:00",45.84000015258789,45.880001068115234,45.83000183105469,45.84999847412109,45.84999847412109,10317
"PRGS","Progress Software Corporation - Common Stock","2021-08-25 13:30:00-04:00",45.84999847412109,45.84999847412109,45.63999938964844,45.75,45.75,29069
"PRGS","Progress Software Corporation - Common Stock","2021-08-25 14:30:00-04:00",45.83000183105469,45.84000015258789,45.76499938964844,45.810001373291016,45.810001373291016,11680
"PRGS","Progress Software Corporation - Common Stock","2021-08-25 15:30:00-04:00",45.81999969482422,45.88999938964844,45.77999877929688,45.83000183105469,45.83000183105469,38278
"PRGS","Progress Software Corporation - Common Stock","2021-08-25 16:00:00-04:00",45.83,45.83,45.83,45.83,45.83,0
"PRGS","Progress Software Corporation - Common Stock","2021-08-26 09:30:00-04:00",45.88999938964844,46.0,45.540000915527344,45.540000915527344,45.540000915527344,18629
"PRGS","Progress Software Corporation - Common Stock","2021-08-26 10:30:00-04:00",45.59999847412109,45.61000061035156,45.31999969482422,45.54999923706055,45.54999923706055,18079
"PRGS","Progress Software Corporation - Common Stock","2021-08-26 11:30:00-04:00",45.5,45.650001525878906,45.47999954223633,45.58000183105469,45.58000183105469,24894
"PRGS","Progress Software Corporation - Common Stock","2021-08-26 12:30:00-04:00",45.59999847412109,45.790000915527344,45.59999847412109,45.709999084472656,45.709999084472656,32202
"PRGS","Progress Software Corporation - Common Stock","2021-08-26 13:30:00-04:00",45.72999954223633,46.040000915527344,45.68999862670898,46.0099983215332,46.0099983215332,37371
"PRGS","Progress Software Corporation - Common Stock","2021-08-26 14:30:00-04:00",46.02999877929688,46.02999877929688,45.720001220703125,45.900001525878906,45.900001525878906,28309
"PRGS","Progress Software Corporation - Common Stock","2021-08-26 15:30:00-04:00",45.86000061035156,46.06999969482422,45.86000061035156,46.040000915527344,46.040000915527344,78135
"PRGS","Progress Software Corporation - Common Stock","2021-08-26 16:00:00-04:00",46.03,46.03,46.03,46.03,46.03,0
"PRGS","Progress Software Corporation - Common Stock","2021-08-27 08:00:00-04:00",46.03,46.03,46.03,46.03,46.03,0
"PRGS","Progress Software Corporation - Common Stock","2021-08-27 09:30:00-04:00",46.25,46.7599983215332,46.11000061035156,46.72999954223633,46.72999954223633,20772
"PRGS","Progress Software Corporation - Common Stock","2021-08-27 10:30:00-04:00",46.70000076293945,46.84999847412109,46.650001525878906,46.650001525878906,46.650001525878906,27274
"PRGS","Progress Software Corporation - Common Stock","2021-08-27 11:30:00-04:00",46.672401428222656,46.8650016784668,46.66999816894531,46.8650016784668,46.8650016784668,15372
"PRGS","Progress Software Corporation - Common Stock","2021-08-27 12:30:00-04:00",46.84999847412109,46.90999984741211,46.72999954223633,46.880001068115234,46.880001068115234,20131
"PRGS","Progress Software Corporation - Common Stock","2021-08-27 13:30:00-04:00",46.869998931884766,47.04999923706055,46.84999847412109,47.04999923706055,47.04999923706055,26904
"PRGS","Progress Software Corporation - Common Stock","2021-08-27 14:30:00-04:00",47.06499862670898,47.290000915527344,47.04999923706055,47.2400016784668,47.2400016784668,33579
"PRGS","Progress Software Corporation - Common Stock","2021-08-27 15:30:00-04:00",47.244998931884766,47.27000045776367,47.08000183105469,47.2599983215332,47.2599983215332,69005
"PRGS","Progress Software Corporation - Common Stock","2021-08-27 16:00:00-04:00",47.25,47.25,47.2486,47.25,47.25,0
"PRGS","Progress Software Corporation - Common Stock","2021-08-27 18:00:00-04:00",47.25,47.25,47.25,47.25,47.25,0
"PRGS","Progress Software Corporation - Common Stock","2021-08-30 08:00:00-04:00",46.89,46.89,46.89,46.89,46.89,0
"PRGS","Progress Software Corporation - Common Stock","2021-08-30 09:00:00-04:00",47.1,47.25,46.86,47.25,47.25,0
"PRGS","Progress Software Corporation - Common Stock","2021-08-30 09:30:00-04:00",47.36000061035156,47.43000030517578,47.02000045776367,47.040000915527344,47.040000915527344,17430
"PRGS","Progress Software Corporation - Common Stock","2021-08-30 10:30:00-04:00",47.15999984741211,47.2400016784668,46.93000030517578,46.95000076293945,46.95000076293945,18617
"PRGS","Progress Software Corporation - Common Stock","2021-08-30 11:30:00-04:00",46.970001220703125,46.97999954223633,46.75,46.84000015258789,46.84000015258789,17997
"PRGS","Progress Software Corporation - Common Stock","2021-08-30 12:30:00-04:00",46.81999969482422,46.81999969482422,46.68000030517578,46.77000045776367,46.77000045776367,9764
"PRGS","Progress Software Corporation - Common Stock","2021-08-30 13:30:00-04:00",46.79999923706055,46.92499923706055,46.77999877929688,46.810001373291016,46.810001373291016,11510
"PRGS","Progress Software Corporation - Common Stock","2021-08-30 14:30:00-04:00",46.81499862670898,46.91999816894531,46.709999084472656,46.709999084472656,46.709999084472656,20700
"PRGS","Progress Software Corporation - Common Stock","2021-08-30 15:30:00-04:00",46.709999084472656,46.7400016784668,46.59000015258789,46.720001220703125,46.720001220703125,28431
"PRGS","Progress Software Corporation - Common Stock","2021-08-30 16:00:00-04:00",46.68,46.68,46.68,46.68,46.68,0
"PRGS","Progress Software Corporation - Common Stock","2021-08-30 17:00:00-04:00",46.68,46.68,46.68,46.68,46.68,0
"PRGS","Progress Software Corporation - Common Stock","2021-09-01 09:30:00-04:00",47.04999923706055,47.04999923706055,46.38999938964844,46.58000183105469,46.58000183105469,0
"PRGS","Progress Software Corporation - Common Stock","2021-09-01 10:30:00-04:00",46.54499816894531,46.59999847412109,46.220001220703125,46.290000915527344,46.290000915527344,10008
"PRGS","Progress Software Corporation - Common Stock","2021-09-01 11:30:00-04:00",46.30780029296875,46.61000061035156,46.30780029296875,46.560001373291016,46.560001373291016,7733
"PRGS","Progress Software Corporation - Common Stock","2021-09-01 12:30:00-04:00",46.58000183105469,46.755001068115234,46.58000183105469,46.755001068115234,46.755001068115234,12603
"PRGS","Progress Software Corporation - Common Stock","2021-09-01 13:30:00-04:00",46.7599983215332,46.83000183105469,46.75,46.790000915527344,46.790000915527344,6166
"PRGS","Progress Software Corporation - Common Stock","2021-09-01 14:30:00-04:00",46.7599983215332,46.77999877929688,46.59999847412109,46.68000030517578,46.68000030517578,10709
"PRGS","Progress Software Corporation - Common Stock","2021-09-01 15:30:00-04:00",46.69499969482422,46.72999954223633,46.58000183105469,46.65999984741211,46.65999984741211,36311
"PRGS","Progress Software Corporation - Common Stock","2021-09-01 16:00:00-04:00",46.68,46.68,46.68,46.68,46.68,0
"PRGS","Progress Software Corporation - Common Stock","2021-09-02 08:00:00-04:00",46.68,46.68,46.68,46.68,46.68,0
"PRGS","Progress Software Corporation - Common Stock","2021-09-02 09:00:00-04:00",46.45,46.67,46.45,46.67,46.67,0
"PRGS","Progress Software Corporation - Common Stock","2021-09-02 09:30:00-04:00",46.81999969482422,46.88999938964844,46.630001068115234,46.7599983215332,46.7599983215332,17064
"PRGS","Progress Software Corporation - Common Stock","2021-09-02 10:30:00-04:00",46.77999877929688,46.79999923706055,46.66999816894531,46.720001220703125,46.720001220703125,8204
"PRGS","Progress Software Corporation - Common Stock","2021-09-02 11:30:00-04:00",46.72999954223633,46.810001373291016,46.72999954223633,46.79999923706055,46.79999923706055,4696
"PRGS","Progress Software Corporation - Common Stock","2021-09-02 12:30:00-04:00",46.810001373291016,46.83000183105469,46.65499877929688,46.65499877929688,46.65499877929688,49831
"PRGS","Progress Software Corporation - Common Stock","2021-09-02 13:30:00-04:00",46.64500045776367,46.810001373291016,46.584999084472656,46.7400016784668,46.7400016784668,55473
"PRGS","Progress Software Corporation - Common Stock","2021-09-02 14:30:00-04:00",46.77999877929688,46.790000915527344,46.59999847412109,46.69499969482422,46.69499969482422,16936
"PRGS","Progress Software Corporation - Common Stock","2021-09-02 15:30:00-04:00",46.720001220703125,46.79999923706055,46.65999984741211,46.65999984741211,46.65999984741211,42264
"PRGS","Progress Software Corporation - Common Stock","2021-09-02 16:00:00-04:00",46.67,46.67,46.65,46.6653,46.6653,0
"PRGS","Progress Software Corporation - Common Stock","2021-09-02 19:00:00-04:00",46.67,46.67,46.67,46.67,46.67,0
"PRGS","Progress Software Corporation - Common Stock","2021-09-03 07:00:00-04:00",46.67,46.67,46.67,46.67,46.67,0
"PRGS","Progress Software Corporation - Common Stock","2021-09-03 09:30:00-04:00",46.66999816894531,46.900001525878906,46.650001525878906,46.790000915527344,46.790000915527344,15670
"PRGS","Progress Software Corporation - Common Stock","2021-09-03 10:30:00-04:00",46.81999969482422,46.83000183105469,46.52999877929688,46.619998931884766,46.619998931884766,13527
"PRGS","Progress Software Corporation - Common Stock","2021-09-03 11:30:00-04:00",46.58000183105469,46.59170150756836,46.220001220703125,46.25,46.25,48180
"PRGS","Progress Software Corporation - Common Stock","2021-09-03 12:30:00-04:00",46.2400016784668,46.869998931884766,46.2400016784668,46.79999923706055,46.79999923706055,39359
"PRGS","Progress Software Corporation - Common Stock","2021-09-03 13:30:00-04:00",46.80500030517578,46.88999938964844,46.66999816894531,46.71500015258789,46.71500015258789,19750
"PRGS","Progress Software Corporation - Common Stock","2021-09-03 14:30:00-04:00",46.68999862670898,46.77999877929688,46.61000061035156,46.720001220703125,46.720001220703125,21237
"PRGS","Progress Software Corporation - Common Stock","2021-09-03 15:30:00-04:00",46.7400016784668,46.77000045776367,46.619998931884766,46.70000076293945,46.70000076293945,51247
"PRGS","Progress Software Corporation - Common Stock","2021-09-03 16:00:00-04:00",46.75,46.75,46.75,46.75,46.75,33097
"PRGS","Progress Software Corporation - Common Stock","2021-09-03 18:00:00-04:00",46.37,46.37,46.37,46.37,46.37,0
"PRGS","Progress Software Corporation - Common Stock","2021-09-07 09:30:00-04:00",46.68999862670898,46.68999862670898,45.9900016784668,45.9900016784668,45.9900016784668,28759
"PRGS","Progress Software Corporation - Common Stock","2021-09-07 10:30:00-04:00",45.93999862670898,46.33000183105469,45.900001525878906,46.290000915527344,46.290000915527344,20085
"PRGS","Progress Software Corporation - Common Stock","2021-09-07 11:30:00-04:00",46.29999923706055,46.34999847412109,46.150001525878906,46.22999954223633,46.22999954223633,17399
"PRGS","Progress Software Corporation - Common Stock","2021-09-07 12:30:00-04:00",46.19499969482422,46.34000015258789,46.18999862670898,46.25,46.25,18651
"PRGS","Progress Software Corporation - Common Stock","2021-09-07 13:30:00-04:00",46.21500015258789,46.27999877929688,46.040000915527344,46.040000915527344,46.040000915527344,15108
"PRGS","Progress Software Corporation - Common Stock","2021-09-07 14:30:00-04:00",46.02999877929688,46.18000030517578,46.0,46.1150016784668,46.1150016784668,26681
"PRGS","Progress Software Corporation - Common Stock","2021-09-07 15:30:00-04:00",46.09000015258789,46.14500045776367,45.88999938964844,45.90999984741211,45.90999984741211,44690
"PRGS","Progress Software Corporation - Common Stock","2021-09-07 16:00:00-04:00",45.92,45.92,45.92,45.92,45.92,0
"PRGS","Progress Software Corporation - Common Stock","2021-09-08 09:30:00-04:00",45.70000076293945,45.900001525878906,45.540000915527344,45.8849983215332,45.8849983215332,17850
"PRGS","Progress Software Corporation - Common Stock","2021-09-08 10:30:00-04:00",45.8650016784668,45.95000076293945,45.65499877929688,45.845001220703125,45.845001220703125,17066
"PRGS","Progress Software Corporation - Common Stock","2021-09-08 11:30:00-04:00",45.84000015258789,45.95000076293945,45.630001068115234,45.869998931884766,45.869998931884766,12306
"PRGS","Progress Software Corporation - Common Stock","2021-09-08 12:30:00-04:00",45.93000030517578,46.15499877929688,45.90499877929688,46.02999877929688,46.02999877929688,16095
"PRGS","Progress Software Corporation - Common Stock","2021-09-08 13:30:00-04:00",46.04999923706055,46.16999816894531,46.0,46.02999877929688,46.02999877929688,12648
"PRGS","Progress Software Corporation - Common Stock","2021-09-08 14:30:00-04:00",46.02999877929688,46.11000061035156,45.9900016784668,46.040000915527344,46.040000915527344,20169
"PRGS","Progress Software Corporation - Common Stock","2021-09-08 15:30:00-04:00",46.04999923706055,46.06999969482422,45.970001220703125,46.060001373291016,46.060001373291016,39583
"PRGS","Progress Software Corporation - Common Stock","2021-09-08 16:00:00-04:00",46.02,46.02,46.02,46.02,46.02,0
"PRGS","Progress Software Corporation - Common Stock","2021-09-08 17:00:00-04:00",46.02,46.02,46.02,46.02,46.02,0
"PRGS","Progress Software Corporation - Common Stock","2021-09-09 09:00:00-04:00",46.23,46.28,46.23,46.28,46.28,0
"PRGS","Progress Software Corporation - Common Stock","2021-09-09 09:30:00-04:00",46.09000015258789,46.33000183105469,45.84999847412109,46.22499847412109,46.22499847412109,11961
"PRGS","Progress Software Corporation - Common Stock","2021-09-09 10:30:00-04:00",46.2599983215332,46.369998931884766,46.220001220703125,46.220001220703125,46.220001220703125,10269
"PRGS","Progress Software Corporation - Common Stock","2021-09-09 11:30:00-04:00",46.220001220703125,46.22999954223633,46.11000061035156,46.19499969482422,46.19499969482422,13399
"PRGS","Progress Software Corporation - Common Stock","2021-09-09 12:30:00-04:00",46.16999816894531,46.2599983215332,46.16999816894531,46.18000030517578,46.18000030517578,17475
"PRGS","Progress Software Corporation - Common Stock","2021-09-09 13:30:00-04:00",46.15999984741211,46.20000076293945,46.06999969482422,46.119998931884766,46.119998931884766,32930
"PRGS","Progress Software Corporation - Common Stock","2021-09-09 14:30:00-04:00",46.11000061035156,46.29999923706055,46.06999969482422,46.209999084472656,46.209999084472656,23179
"PRGS","Progress Software Corporation - Common Stock","2021-09-09 15:30:00-04:00",46.18999862670898,46.310001373291016,45.95000076293945,45.9900016784668,45.9900016784668,48516
"PRGS","Progress Software Corporation - Common Stock","2021-09-09 16:00:00-04:00",45.98,46.0858,45.98,46.0858,46.0858,0
"PRGS","Progress Software Corporation - Common Stock","2021-09-10 08:00:00-04:00",45.98,45.98,45.98,45.98,45.98,0
"PRGS","Progress Software Corporation - Common Stock","2021-09-10 09:30:00-04:00",46.11000061035156,46.400001525878906,45.43000030517578,45.5099983215332,45.5099983215332,15669
"PRGS","Progress Software Corporation - Common Stock","2021-09-10 10:30:00-04:00",45.4900016784668,45.790000915527344,45.33000183105469,45.77999877929688,45.77999877929688,15775
"PRGS","Progress Software Corporation - Common Stock","2021-09-10 11:30:00-04:00",45.77999877929688,45.97999954223633,45.70000076293945,45.93999862670898,45.93999862670898,12271
"PRGS","Progress Software Corporation - Common Stock","2021-09-10 12:30:00-04:00",45.93999862670898,46.06999969482422,45.93000030517578,46.06999969482422,46.06999969482422,9655
"PRGS","Progress Software Corporation - Common Stock","2021-09-10 13:30:00-04:00",46.06999969482422,46.08000183105469,45.869998931884766,45.88999938964844,45.88999938964844,9672
"PRGS","Progress Software Corporation - Common Stock","2021-09-10 14:30:00-04:00",45.84999847412109,45.84999847412109,45.525001525878906,45.58000183105469,45.58000183105469,15262
"PRGS","Progress Software Corporation - Common Stock","2021-09-10 15:30:00-04:00",45.52999877929688,45.52999877929688,45.2599983215332,45.33000183105469,45.33000183105469,29576
"PRGS","Progress Software Corporation - Common Stock","2021-09-10 16:00:00-04:00",45.36,45.36,45.36,45.36,45.36,0
"PRGS","Progress Software Corporation - Common Stock","2021-09-13 04:00:00-04:00",40.99,40.99,40.99,40.99,40.99,0
"PRGS","Progress Software Corporation - Common Stock","2021-09-13 08:00:00-04:00",45.36,45.36,45.36,45.36,45.36,0
"PRGS","Progress Software Corporation - Common Stock","2021-09-13 09:30:00-04:00",45.52999877929688,45.63999938964844,45.02999877929688,45.27999877929688,45.27999877929688,33327
"PRGS","Progress Software Corporation - Common Stock","2021-09-13 10:30:00-04:00",45.29999923706055,45.619998931884766,45.25,45.459999084472656,45.459999084472656,20426
"PRGS","Progress Software Corporation - Common Stock","2021-09-13 11:30:00-04:00",45.459999084472656,45.630001068115234,45.43000030517578,45.619998931884766,45.619998931884766,18356
"PRGS","Progress Software Corporation - Common Stock","2021-09-13 12:30:00-04:00",45.625,45.66999816894531,45.5009994506836,45.52000045776367,45.52000045776367,13614
"PRGS","Progress Software Corporation - Common Stock","2021-09-13 13:30:00-04:00",45.52000045776367,45.540000915527344,45.220001220703125,45.27000045776367,45.27000045776367,12542
"PRGS","Progress Software Corporation - Common Stock","2021-09-13 14:30:00-04:00",45.275001525878906,45.47999954223633,45.220001220703125,45.47999954223633,45.47999954223633,22339
"PRGS","Progress Software Corporation - Common Stock","2021-09-13 15:30:00-04:00",45.44499969482422,45.52999877929688,45.40999984741211,45.52000045776367,45.52000045776367,30351
"PRGS","Progress Software Corporation - Common Stock","2021-09-13 16:00:00-04:00",45.52,45.52,45.52,45.52,45.52,0
"PRGS","Progress Software Corporation - Common Stock","2021-09-14 09:30:00-04:00",45.34999847412109,46.04499816894531,44.959999084472656,44.959999084472656,44.959999084472656,15397
"PRGS","Progress Software Corporation - Common Stock","2021-09-14 10:30:00-04:00",44.97499847412109,45.04999923706055,44.86000061035156,45.02999877929688,45.02999877929688,11850
"PRGS","Progress Software Corporation - Common Stock","2021-09-14 11:30:00-04:00",45.02000045776367,45.10900115966797,44.959999084472656,45.02000045776367,45.02000045776367,11078
"PRGS","Progress Software Corporation - Common Stock","2021-09-14 12:30:00-04:00",45.0,45.0,44.66999816894531,44.79949951171875,44.79949951171875,13657
"PRGS","Progress Software Corporation - Common Stock","2021-09-14 13:30:00-04:00",44.77999877929688,44.84000015258789,44.650001525878906,44.650001525878906,44.650001525878906,12461
"PRGS","Progress Software Corporation - Common Stock","2021-09-14 14:30:00-04:00",44.650001525878906,44.66999816894531,44.540000915527344,44.66999816894531,44.66999816894531,24252
"PRGS","Progress Software Corporation - Common Stock","2021-09-14 15:30:00-04:00",44.6349983215332,44.650001525878906,44.45000076293945,44.650001525878906,44.650001525878906,35227
"PRGS","Progress Software Corporation - Common Stock","2021-09-14 16:00:00-04:00",44.65,44.65,44.65,44.65,44.65,0
"PRGS","Progress Software Corporation - Common Stock","2021-09-15 09:30:00-04:00",44.86000061035156,45.33000183105469,44.56999969482422,45.2599983215332,45.2599983215332,23490
"PRGS","Progress Software Corporation - Common Stock","2021-09-15 10:30:00-04:00",45.33000183105469,45.66999816894531,45.25870132446289,45.45000076293945,45.45000076293945,17417
"PRGS","Progress Software Corporation - Common Stock","2021-09-15 11:30:00-04:00",45.38999938964844,45.75,45.369998931884766,45.68000030517578,45.68000030517578,19401
"PRGS","Progress Software Corporation - Common Stock","2021-09-15 12:30:00-04:00",45.66999816894531,45.84000015258789,45.59999847412109,45.630001068115234,45.630001068115234,27682
"PRGS","Progress Software Corporation - Common Stock","2021-09-15 13:30:00-04:00",45.65999984741211,45.86000061035156,45.65999984741211,45.810001373291016,45.810001373291016,35395
"PRGS","Progress Software Corporation - Common Stock","2021-09-15 14:30:00-04:00",45.81999969482422,46.09000015258789,45.79999923706055,46.060001373291016,46.060001373291016,31487
"PRGS","Progress Software Corporation - Common Stock","2021-09-15 15:30:00-04:00",46.040000915527344,46.2400016784668,46.0099983215332,46.209999084472656,46.209999084472656,54542
"PRGS","Progress Software Corporation - Common Stock","2021-09-15 16:00:00-04:00",46.18,46.18,46.18,46.18,46.18,0
"PRGS","Progress Software Corporation - Common Stock","2021-09-16 09:30:00-04:00",46.20000076293945,46.369998931884766,45.59999847412109,46.13999938964844,46.13999938964844,32163
"PRGS","Progress Software Corporation - Common Stock","2021-09-16 10:30:00-04:00",46.16999816894531,46.959999084472656,45.959999084472656,46.72999954223633,46.72999954223633,57366
"PRGS","Progress Software Corporation - Common Stock","2021-09-16 11:30:00-04:00",46.68000030517578,46.709999084472656,46.51100158691406,46.58000183105469,46.58000183105469,26167
"PRGS","Progress Software Corporation - Common Stock","2021-09-16 12:30:00-04:00",46.58919906616211,46.59000015258789,46.18999862670898,46.30500030517578,46.30500030517578,21991
"PRGS","Progress Software Corporation - Common Stock","2021-09-16 13:30:00-04:00",46.290000915527344,46.630001068115234,46.2400016784668,46.470001220703125,46.470001220703125,21969
"PRGS","Progress Software Corporation - Common Stock","2021-09-16 14:30:00-04:00",46.494998931884766,46.63999938964844,46.45000076293945,46.52999877929688,46.52999877929688,29542
"PRGS","Progress Software Corporation - Common Stock","2021-09-16 15:30:00-04:00",46.47999954223633,46.56999969482422,46.18999862670898,46.209999084472656,46.209999084472656,77631
"PRGS","Progress Software Corporation - Common Stock","2021-09-16 16:00:00-04:00",46.2,46.2,42.06,46.2,46.2,0
"PRGS","Progress Software Corporation - Common Stock","2021-09-16 17:00:00-04:00",42.06,46.2,42.06,46.2,46.2,0
"PRGS","Progress Software Corporation - Common Stock","2021-09-17 09:30:00-04:00",46.34999847412109,46.34999847412109,45.7400016784668,45.80500030517578,45.80500030517578,62446
"PRGS","Progress Software Corporation - Common Stock","2021-09-17 10:30:00-04:00",45.77000045776367,45.880001068115234,45.52999877929688,45.72999954223633,45.72999954223633,10589
"PRGS","Progress Software Corporation - Common Stock","2021-09-17 11:30:00-04:00",45.68999862670898,46.040000915527344,45.59999847412109,45.970001220703125,45.970001220703125,23815
"PRGS","Progress Software Corporation - Common Stock","2021-09-17 12:30:00-04:00",45.97999954223633,46.060001373291016,45.78499984741211,45.83000183105469,45.83000183105469,15398
"PRGS","Progress Software Corporation - Common Stock","2021-09-17 13:30:00-04:00",45.80500030517578,45.83000183105469,45.52000045776367,45.55500030517578,45.55500030517578,11044
"PRGS","Progress Software Corporation - Common Stock","2021-09-17 14:30:00-04:00",45.5,45.619998931884766,45.41999816894531,45.54999923706055,45.54999923706055,19394
"PRGS","Progress Software Corporation - Common Stock","2021-09-17 15:30:00-04:00",45.52999877929688,46.34999847412109,45.52999877929688,46.060001373291016,46.060001373291016,150867
"PRGS","Progress Software Corporation - Common Stock","2021-09-17 16:00:00-04:00",46.09,46.0915,46.089,46.09,46.09,0
"PRGS","Progress Software Corporation - Common Stock","2021-09-20 09:00:00-04:00",46.09,46.09,46.09,46.09,46.09,0
"PRGS","Progress Software Corporation - Common Stock","2021-09-20 09:30:00-04:00",45.34999847412109,45.70000076293945,44.7400016784668,44.7599983215332,44.7599983215332,20659
"PRGS","Progress Software Corporation - Common Stock","2021-09-20 10:30:00-04:00",44.810001373291016,44.93000030517578,44.56999969482422,44.619998931884766,44.619998931884766,15331
"PRGS","Progress Software Corporation - Common Stock","2021-09-20 11:30:00-04:00",44.630001068115234,44.68999862670898,44.29999923706055,44.38999938964844,44.38999938964844,19548
"PRGS","Progress Software Corporation - Common Stock","2021-09-20 12:30:00-04:00",44.43999862670898,44.54999923706055,44.380001068115234,44.54999923706055,44.54999923706055,19567
"PRGS","Progress Software Corporation - Common Stock","2021-09-20 13:30:00-04:00",44.59000015258789,44.93999862670898,44.59000015258789,44.650001525878906,44.650001525878906,17242
"PRGS","Progress Software Corporation - Common Stock","2021-09-20 14:30:00-04:00",44.619998931884766,44.7400016784668,44.5,44.7400016784668,44.7400016784668,18260
"PRGS","Progress Software Corporation - Common Stock","2021-09-20 15:30:00-04:00",44.7599983215332,45.119998931884766,44.7599983215332,45.060001373291016,45.060001373291016,27298
"PRGS","Progress Software Corporation - Common Stock","2021-09-20 16:00:00-04:00",45.03,45.03,45.03,45.03,45.03,0
"PRGS","Progress Software Corporation - Common Stock","2021-09-21 08:00:00-04:00",45.03,45.08,45.03,45.08,45.08,0
"PRGS","Progress Software Corporation - Common Stock","2021-09-21 09:30:00-04:00",45.13999938964844,45.29999923706055,44.880001068115234,45.040000915527344,45.040000915527344,18953
"PRGS","Progress Software Corporation - Common Stock","2021-09-21 10:30:00-04:00",45.02999877929688,45.02999877929688,44.62900161743164,44.84000015258789,44.84000015258789,12017
"PRGS","Progress Software Corporation - Common Stock","2021-09-21 11:30:00-04:00",44.86000061035156,45.02000045776367,44.84999847412109,44.94309997558594,44.94309997558594,10734
"PRGS","Progress Software Corporation - Common Stock","2021-09-21 12:30:00-04:00",44.900001525878906,44.93999862670898,44.63999938964844,44.70000076293945,44.70000076293945,18262
"PRGS","Progress Software Corporation - Common Stock","2021-09-21 13:30:00-04:00",44.650001525878906,44.7599983215332,44.52000045776367,44.52999877929688,44.52999877929688,21891
"PRGS","Progress Software Corporation - Common Stock","2021-09-21 14:30:00-04:00",44.540000915527344,44.77000045776367,44.52000045776367,44.72999954223633,44.72999954223633,39778
"PRGS","Progress Software Corporation - Common Stock","2021-09-21 15:30:00-04:00",44.77999877929688,44.84999847412109,44.52000045776367,44.59999847412109,44.59999847412109,53408
"PRGS","Progress Software Corporation - Common Stock","2021-09-21 16:00:00-04:00",44.6,44.6,44.6,44.6,44.6,0
"PRGS","Progress Software Corporation - Common Stock","2021-09-22 09:30:00-04:00",44.720001220703125,45.150001525878906,44.720001220703125,45.09999847412109,45.09999847412109,8814
"PRGS","Progress Software Corporation - Common Stock","2021-09-22 10:30:00-04:00",45.150001525878906,45.41999816894531,45.13999938964844,45.34999847412109,45.34999847412109,11796
"PRGS","Progress Software Corporation - Common Stock","2021-09-22 11:30:00-04:00",45.380001068115234,45.43999862670898,45.290000915527344,45.380001068115234,45.380001068115234,10418
"PRGS","Progress Software Corporation - Common Stock","2021-09-22 12:30:00-04:00",45.40499877929688,45.45000076293945,45.15999984741211,45.192501068115234,45.192501068115234,7837
"PRGS","Progress Software Corporation - Common Stock","2021-09-22 13:30:00-04:00",45.244998931884766,45.5,45.11000061035156,45.5,45.5,14252
"PRGS","Progress Software Corporation - Common Stock","2021-09-22 14:30:00-04:00",45.5,45.560001373291016,45.209999084472656,45.40999984741211,45.40999984741211,18288
"PRGS","Progress Software Corporation - Common Stock","2021-09-22 15:30:00-04:00",45.369998931884766,45.400001525878906,45.20000076293945,45.209999084472656,45.209999084472656,28802
"PRGS","Progress Software Corporation - Common Stock","2021-09-22 16:00:00-04:00",45.21,45.59,45.21,45.59,45.59,0
"PRGS","Progress Software Corporation - Common Stock","2021-09-22 17:00:00-04:00",45.48,45.5,45.48,45.5,45.5,0
"PRGS","Progress Software Corporation - Common Stock","2021-09-22 18:00:00-04:00",45.6,45.95,45.6,45.95,45.95,0
"PRGS","Progress Software Corporation - Common Stock","2021-09-22 19:00:00-04:00",47.0,47.0,47.0,47.0,47.0,0
"PRGS","Progress Software Corporation - Common Stock","2021-09-23 08:00:00-04:00",46.9999,47.0,46.9999,47.0,47.0,0
"PRGS","Progress Software Corporation - Common Stock","2021-09-23 09:00:00-04:00",45.55,45.55,45.55,45.55,45.55,0
"PRGS","Progress Software Corporation - Common Stock","2021-09-23 09:30:00-04:00",45.43000030517578,45.970001220703125,45.43000030517578,45.95000076293945,45.95000076293945,166524
"PRGS","Progress Software Corporation - Common Stock","2021-09-23 10:30:00-04:00",45.93999862670898,46.13999938964844,45.869998931884766,45.93999862670898,45.93999862670898,14017
"PRGS","Progress Software Corporation - Common Stock","2021-09-23 11:30:00-04:00",46.0099983215332,46.13999938964844,45.93000030517578,46.09000015258789,46.09000015258789,15620
"PRGS","Progress Software Corporation - Common Stock","2021-09-23 12:30:00-04:00",46.08000183105469,46.310001373291016,46.02000045776367,46.20000076293945,46.20000076293945,20825
"PRGS","Progress Software Corporation - Common Stock","2021-09-23 13:30:00-04:00",46.20000076293945,46.34999847412109,46.20000076293945,46.24190139770508,46.24190139770508,15505
"PRGS","Progress Software Corporation - Common Stock","2021-09-23 14:30:00-04:00",46.2400016784668,46.290000915527344,46.06999969482422,46.11000061035156,46.11000061035156,25885
"PRGS","Progress Software Corporation - Common Stock","2021-09-23 15:30:00-04:00",46.084999084472656,46.220001220703125,45.970001220703125,46.2047004699707,46.2047004699707,73432
"PRGS","Progress Software Corporation - Common Stock","2021-09-23 16:00:00-04:00",46.21,51.0,46.21,48.67,48.67,0
"PRGS","Progress Software Corporation - Common Stock","2021-09-23 17:00:00-04:00",48.64,50.37,48.4,49.3,49.3,0
"PRGS","Progress Software Corporation - Common Stock","2021-09-23 18:00:00-04:00",49.3,49.41,49.1,49.35,49.35,0
"PRGS","Progress Software Corporation - Common Stock","2021-09-23 19:00:00-04:00",49.35,49.9,49.0,49.5,49.5,0
"PRGS","Progress Software Corporation - Common Stock","2021-09-24 04:00:00-04:00",50.0,53.8,49.98,53.3,53.3,0
"PRGS","Progress Software Corporation - Common Stock","2021-09-24 06:00:00-04:00",53.3,53.3,52.95,52.95,52.95,0
"PRGS","Progress Software Corporation - Common Stock","2021-09-24 07:00:00-04:00",49.7,50.3,49.06,49.06,49.06,0
"PRGS","Progress Software Corporation - Common Stock","2021-09-24 08:00:00-04:00",49.7,50.3999,48.75,49.35,49.35,0
"PRGS","Progress Software Corporation - Common Stock","2021-09-24 09:00:00-04:00",49.0,49.9,49.0,49.5,49.5,0
"PRGS","Progress Software Corporation - Common Stock","2021-09-24 09:30:00-04:00",49.84170150756836,51.88999938964844,49.25,51.709999084472656,51.709999084472656,551088
"PRGS","Progress Software Corporation - Common Stock","2021-09-24 10:30:00-04:00",51.72999954223633,51.9900016784668,50.900001525878906,51.52000045776367,51.52000045776367,268415
"PRGS","Progress Software Corporation - Common Stock","2021-09-24 11:30:00-04:00",51.50170135498047,52.70000076293945,51.5,52.66999816894531,52.66999816894531,252061
"PRGS","Progress Software Corporation - Common Stock","2021-09-24 12:30:00-04:00",52.64759826660156,53.31999969482422,52.310001373291016,53.16999816894531,53.16999816894531,312175
"PRGS","Progress Software Corporation - Common Stock","2021-09-24 13:30:00-04:00",53.16999816894531,53.86000061035156,52.970001220703125,53.5,53.5,205573
"PRGS","Progress Software Corporation - Common Stock","2021-09-24 14:30:00-04:00",53.52999877929688,53.619998931884766,52.56999969482422,52.70000076293945,52.70000076293945,357256
"PRGS","Progress Software Corporation - Common Stock","2021-09-24 15:30:00-04:00",52.720001220703125,53.31999969482422,52.65999984741211,53.130001068115234,53.130001068115234,491522
"PRGS","Progress Software Corporation - Common Stock","2021-09-24 16:00:00-04:00",53.1,53.4,53.1,53.2,53.2,0
"PRGS","Progress Software Corporation - Common Stock","2021-09-24 17:00:00-04:00",53.16,53.7,53.16,53.16,53.16,0
"PRGS","Progress Software Corporation - Common Stock","2021-09-24 18:00:00-04:00",53.16,53.63,53.16,53.63,53.63,0
"PRGS","Progress Software Corporation - Common Stock","2021-09-24 19:00:00-04:00",53.55,54.0,53.3,53.3,53.3,0
"PRGS","Progress Software Corporation - Common Stock","2021-09-27 04:00:00-04:00",54.09,54.1,53.64,53.99,53.99,0
"PRGS","Progress Software Corporation - Common Stock","2021-09-27 05:00:00-04:00",53.4,53.9,53.4,53.9,53.9,0
"PRGS","Progress Software Corporation - Common Stock","2021-09-27 06:00:00-04:00",53.31,53.79,53.3,53.3,53.3,0
"PRGS","Progress Software Corporation - Common Stock","2021-09-27 07:00:00-04:00",53.76,53.76,53.11,53.3,53.3,0
"PRGS","Progress Software Corporation - Common Stock","2021-09-27 08:00:00-04:00",53.1,53.67,53.1,53.2,53.2,0
"PRGS","Progress Software Corporation - Common Stock","2021-09-27 09:00:00-04:00",53.2,53.8,53.1,53.5,53.5,0
"PRGS","Progress Software Corporation - Common Stock","2021-09-27 09:30:00-04:00",53.150001525878906,53.45000076293945,51.5,51.91999816894531,51.91999816894531,259793
"PRGS","Progress Software Corporation - Common Stock","2021-09-27 10:30:00-04:00",51.97999954223633,52.8302001953125,51.5900993347168,52.650001525878906,52.650001525878906,92453
"PRGS","Progress Software Corporation - Common Stock","2021-09-27 11:30:00-04:00",52.709999084472656,52.709999084472656,51.61000061035156,51.70149993896485,51.70149993896485,66219
"PRGS","Progress Software Corporation - Common Stock","2021-09-27 12:30:00-04:00",51.70000076293945,51.900001525878906,51.130001068115234,51.290000915527344,51.290000915527344,82990
"PRGS","Progress Software Corporation - Common Stock","2021-09-27 13:30:00-04:00",51.29999923706055,51.494998931884766,51.060001373291016,51.25,51.25,65297
"PRGS","Progress Software Corporation - Common Stock","2021-09-27 14:30:00-04:00",51.2400016784668,51.2400016784668,50.720001220703125,51.13010025024414,51.13010025024414,80745
"PRGS","Progress Software Corporation - Common Stock","2021-09-27 15:30:00-04:00",51.18000030517578,51.53990173339844,51.08000183105469,51.220001220703125,51.220001220703125,243041
"PRGS","Progress Software Corporation - Common Stock","2021-09-27 16:00:00-04:00",51.18,51.7,51.15,51.7,51.7,0
"PRGS","Progress Software Corporation - Common Stock","2021-09-27 17:00:00-04:00",50.86,51.0,50.86,51.0,51.0,0
"PRGS","Progress Software Corporation - Common Stock","2021-09-27 18:00:00-04:00",50.93,50.93,50.9,50.9,50.9,0
"PRGS","Progress Software Corporation - Common Stock","2021-09-28 07:00:00-04:00",50.9,50.9,50.9,50.9,50.9,0
"PRGS","Progress Software Corporation - Common Stock","2021-09-28 08:00:00-04:00",50.31,50.52,50.05,50.12,50.12,0
"PRGS","Progress Software Corporation - Common Stock","2021-09-28 09:30:00-04:00",50.459999084472656,50.880001068115234,49.43999862670898,49.869998931884766,49.869998931884766,127211
"PRGS","Progress Software Corporation - Common Stock","2021-09-28 10:30:00-04:00",49.89500045776367,50.34000015258789,49.400001525878906,49.61000061035156,49.61000061035156,59105
"PRGS","Progress Software Corporation - Common Stock","2021-09-28 11:30:00-04:00",49.52000045776367,49.935001373291016,49.400001525878906,49.875,49.875,38187
"PRGS","Progress Software Corporation - Common Stock","2021-09-28 12:30:00-04:00",49.93000030517578,50.13999938964844,49.72499847412109,49.93000030517578,49.93000030517578,47596
"PRGS","Progress Software Corporation - Common Stock","2021-09-28 13:30:00-04:00",49.90999984741211,50.0,49.500099182128906,49.63999938964844,49.63999938964844,25117
"PRGS","Progress Software Corporation - Common Stock","2021-09-28 14:30:00-04:00",49.54999923706055,49.77999877929688,49.43000030517578,49.43000030517578,49.43000030517578,37937
"PRGS","Progress Software Corporation - Common Stock","2021-09-28 15:30:00-04:00",49.400001525878906,49.459999084472656,48.90999984741211,48.95000076293945,48.95000076293945,118234
"PRGS","Progress Software Corporation - Common Stock","2021-09-28 16:00:00-04:00",48.95,49.0,48.9,48.9,48.9,0
"PRGS","Progress Software Corporation - Common Stock","2021-09-28 17:00:00-04:00",48.97,48.98,48.95,48.95,48.95,0
"PRGS","Progress Software Corporation - Common Stock","2021-09-28 18:00:00-04:00",48.95,48.96,48.9,48.9,48.9,0
"PRGS","Progress Software Corporation - Common Stock","2021-09-28 19:00:00-04:00",48.8,48.8,48.8,48.8,48.8,0
"PRGS","Progress Software Corporation - Common Stock","2021-09-29 04:00:00-04:00",48.94,48.94,48.94,48.94,48.94,0
"PRGS","Progress Software Corporation - Common Stock","2021-09-29 08:00:00-04:00",48.9,48.9,48.9,48.9,48.9,0
"PRGS","Progress Software Corporation - Common Stock","2021-09-29 09:30:00-04:00",49.20000076293945,49.83000183105469,48.560001373291016,49.560001373291016,49.560001373291016,44852
"PRGS","Progress Software Corporation - Common Stock","2021-09-29 10:30:00-04:00",49.40999984741211,49.63999938964844,49.150001525878906,49.209999084472656,49.209999084472656,35008
"PRGS","Progress Software Corporation - Common Stock","2021-09-29 11:30:00-04:00",49.21500015258789,49.380001068115234,49.125,49.23210144042969,49.23210144042969,15188
"PRGS","Progress Software Corporation - Common Stock","2021-09-29 12:30:00-04:00",49.25,49.36000061035156,49.20000076293945,49.29499816894531,49.29499816894531,12219
"PRGS","Progress Software Corporation - Common Stock","2021-09-29 13:30:00-04:00",49.27999877929688,49.61000061035156,49.18000030517578,49.560001373291016,49.560001373291016,19153
"PRGS","Progress Software Corporation - Common Stock","2021-09-29 14:30:00-04:00",49.54499816894531,49.720001220703125,49.31700134277344,49.31700134277344,49.31700134277344,30517
"PRGS","Progress Software Corporation - Common Stock","2021-09-29 15:30:00-04:00",49.31999969482422,49.31999969482422,48.650001525878906,48.75,48.75,84905
"PRGS","Progress Software Corporation - Common Stock","2021-09-29 16:00:00-04:00",48.76,48.76,48.7,48.7,48.7,0
"PRGS","Progress Software Corporation - Common Stock","2021-09-30 19:00:00-04:00",51.38,51.38,51.38,51.38,51.38,0
"PRGS","Progress Software Corporation - Common Stock","2021-10-01 05:00:00-04:00",48.99,48.99,48.97,48.97,48.97,0
"PRGS","Progress Software Corporation - Common Stock","2021-10-01 06:00:00-04:00",48.96,49.0,48.49,48.49,48.49,0
"PRGS","Progress Software Corporation - Common Stock","2021-10-01 07:00:00-04:00",48.0,49.0,48.0,49.0,49.0,0
"PRGS","Progress Software Corporation - Common Stock","2021-10-01 09:30:00-04:00",49.45000076293945,49.72999954223633,49.005001068115234,49.209999084472656,49.209999084472656,48962
"PRGS","Progress Software Corporation - Common Stock","2021-10-01 10:30:00-04:00",49.209999084472656,49.96500015258789,49.13999938964844,49.91999816894531,49.91999816894531,19983
"PRGS","Progress Software Corporation - Common Stock","2021-10-01 11:30:00-04:00",49.810001373291016,49.8650016784668,49.560001373291016,49.75,49.75,21109
"PRGS","Progress Software Corporation - Common Stock","2021-10-01 12:30:00-04:00",49.7599983215332,50.01499938964844,49.720001220703125,49.95500183105469,49.95500183105469,43268
"PRGS","Progress Software Corporation - Common Stock","2021-10-01 13:30:00-04:00",49.970001220703125,50.29999923706055,49.959999084472656,50.18999862670898,50.18999862670898,37701
"PRGS","Progress Software Corporation - Common Stock","2021-10-01 14:30:00-04:00",50.18999862670898,50.33000183105469,49.91999816894531,49.91999816894531,49.91999816894531,29569
"PRGS","Progress Software Corporation - Common Stock","2021-10-01 15:30:00-04:00",49.89500045776367,49.9900016784668,49.75,49.77999877929688,49.77999877929688,56559
"PRGS","Progress Software Corporation - Common Stock","2021-10-01 16:00:00-04:00",49.82,49.82,49.819,49.82,49.82,0
"PRGS","Progress Software Corporation - Common Stock","2021-10-04 09:30:00-04:00",49.619998931884766,49.709999084472656,49.02000045776367,49.310001373291016,49.310001373291016,91626
"PRGS","Progress Software Corporation - Common Stock","2021-10-04 10:30:00-04:00",49.290000915527344,49.459999084472656,49.04999923706055,49.16999816894531,49.16999816894531,48041
"PRGS","Progress Software Corporation - Common Stock","2021-10-04 11:30:00-04:00",49.220001220703125,49.43999862670898,49.060001373291016,49.09000015258789,49.09000015258789,77702
"PRGS","Progress Software Corporation - Common Stock","2021-10-04 12:30:00-04:00",49.11000061035156,49.20000076293945,48.63999938964844,48.77000045776367,48.77000045776367,49613
"PRGS","Progress Software Corporation - Common Stock","2021-10-04 13:30:00-04:00",48.84999847412109,48.90999984741211,48.598899841308594,48.75,48.75,24236
"PRGS","Progress Software Corporation - Common Stock","2021-10-04 14:30:00-04:00",48.70000076293945,49.02000045776367,48.65999984741211,48.7400016784668,48.7400016784668,47119
"PRGS","Progress Software Corporation - Common Stock","2021-10-04 15:30:00-04:00",48.79999923706055,49.08000183105469,48.68999862670898,49.06999969482422,49.06999969482422,90856
"PRGS","Progress Software Corporation - Common Stock","2021-10-04 16:00:00-04:00",49.07,49.26,49.0692,49.07,49.07,0
"PRGS","Progress Software Corporation - Common Stock","2021-10-05 09:00:00-04:00",49.07,49.07,49.07,49.07,49.07,0
"PRGS","Progress Software Corporation - Common Stock","2021-10-05 09:30:00-04:00",49.2400016784668,50.09999847412109,48.9900016784668,50.0,50.0,38271
"PRGS","Progress Software Corporation - Common Stock","2021-10-05 10:30:00-04:00",50.06999969482422,50.20500183105469,50.0,50.095001220703125,50.095001220703125,27120
"PRGS","Progress Software Corporation - Common Stock","2021-10-05 11:30:00-04:00",50.060001373291016,50.060001373291016,49.630001068115234,49.67499923706055,49.67499923706055,47534
"PRGS","Progress Software Corporation - Common Stock","2021-10-05 12:30:00-04:00",49.67499923706055,49.90499877929688,49.5099983215332,49.810001373291016,49.810001373291016,44240
"PRGS","Progress Software Corporation - Common Stock","2021-10-05 13:30:00-04:00",49.83000183105469,49.84999847412109,49.68000030517578,49.68999862670898,49.68999862670898,20361
"PRGS","Progress Software Corporation - Common Stock","2021-10-05 14:30:00-04:00",49.755001068115234,49.869998931884766,49.65999984741211,49.709999084472656,49.709999084472656,33688
"PRGS","Progress Software Corporation - Common Stock","2021-10-05 15:30:00-04:00",49.71500015258789,49.83000183105469,49.65999984741211,49.77579879760742,49.77579879760742,42111
"PRGS","Progress Software Corporation - Common Stock","2021-10-05 16:00:00-04:00",49.79,49.79,49.7,49.7,49.7,0
"PRGS","Progress Software Corporation - Common Stock","2021-10-06 06:00:00-04:00",49.22,49.22,49.22,49.22,49.22,0
"PRGS","Progress Software Corporation - Common Stock","2021-10-06 07:00:00-04:00",49.51,49.78,49.51,49.78,49.78,0
"PRGS","Progress Software Corporation - Common Stock","2021-10-06 09:00:00-04:00",49.51,49.51,49.5,49.5,49.5,0
"PRGS","Progress Software Corporation - Common Stock","2021-10-06 09:30:00-04:00",49.41999816894531,50.05419921875,49.084999084472656,49.40499877929688,49.40499877929688,33707
"PRGS","Progress Software Corporation - Common Stock","2021-10-06 10:30:00-04:00",49.47999954223633,49.494998931884766,48.77000045776367,48.90999984741211,48.90999984741211,40347
"PRGS","Progress Software Corporation - Common Stock","2021-10-06 11:30:00-04:00",48.84999847412109,49.15999984741211,48.72499847412109,48.90999984741211,48.90999984741211,17846
"PRGS","Progress Software Corporation - Common Stock","2021-10-06 12:30:00-04:00",48.90499877929688,49.08000183105469,48.68999862670898,48.86000061035156,48.86000061035156,46736
"PRGS","Progress Software Corporation - Common Stock","2021-10-06 13:30:00-04:00",48.88999938964844,49.150001525878906,48.8650016784668,48.98099899291992,48.98099899291992,27977
"PRGS","Progress Software Corporation - Common Stock","2021-10-06 14:30:00-04:00",48.994998931884766,49.25,48.994998931884766,49.15999984741211,49.15999984741211,47932
"PRGS","Progress Software Corporation - Common Stock","2021-10-06 15:30:00-04:00",49.150001525878906,49.34999847412109,49.04999923706055,49.33000183105469,49.33000183105469,275642
"PRGS","Progress Software Corporation - Common Stock","2021-10-06 16:00:00-04:00",49.35,49.35,49.35,49.35,49.35,0
"PRGS","Progress Software Corporation - Common Stock","2021-10-06 17:00:00-04:00",49.35,49.35,49.35,49.35,49.35,0
"PRGS","Progress Software Corporation - Common Stock","2021-10-06 19:00:00-04:00",49.45,49.45,49.45,49.45,49.45,0
"PRGS","Progress Software Corporation - Common Stock","2021-10-07 08:00:00-04:00",49.65,49.83,49.65,49.83,49.83,0
"PRGS","Progress Software Corporation - Common Stock","2021-10-07 09:00:00-04:00",49.99,50.0,49.99,50.0,50.0,0
"PRGS","Progress Software Corporation - Common Stock","2021-10-07 09:30:00-04:00",49.7599983215332,50.0,49.33000183105469,49.93999862670898,49.93999862670898,33884
"PRGS","Progress Software Corporation - Common Stock","2021-10-07 10:30:00-04:00",50.02000045776367,50.02999877929688,49.47999954223633,49.61000061035156,49.61000061035156,25187
"PRGS","Progress Software Corporation - Common Stock","2021-10-07 11:30:00-04:00",49.560001373291016,49.900001525878906,49.52999877929688,49.84999847412109,49.84999847412109,20275
"PRGS","Progress Software Corporation - Common Stock","2021-10-07 12:30:00-04:00",49.86000061035156,50.185001373291016,49.79999923706055,50.09999847412109,50.09999847412109,14342
"PRGS","Progress Software Corporation - Common Stock","2021-10-07 13:30:00-04:00",50.130001068115234,50.18000030517578,49.84000015258789,49.84000015258789,49.84000015258789,13035
"PRGS","Progress Software Corporation - Common Stock","2021-10-07 14:30:00-04:00",49.81999969482422,49.83000183105469,49.630001068115234,49.630001068115234,49.630001068115234,24195
"PRGS","Progress Software Corporation - Common Stock","2021-10-07 15:30:00-04:00",49.64580154418945,49.65999984741211,49.41999816894531,49.43999862670898,49.43999862670898,65910
"PRGS","Progress Software Corporation - Common Stock","2021-10-07 16:00:00-04:00",49.47,49.47,49.47,49.47,49.47,0
"PRGS","Progress Software Corporation - Common Stock","2021-10-07 17:00:00-04:00",49.62,49.62,49.62,49.62,49.62,0
"PRGS","Progress Software Corporation - Common Stock","2021-10-08 09:00:00-04:00",50.19,50.19,49.9,49.9,49.9,0
"PRGS","Progress Software Corporation - Common Stock","2021-10-08 09:30:00-04:00",49.59000015258789,49.79999923706055,49.400001525878906,49.52999877929688,49.52999877929688,10529
"PRGS","Progress Software Corporation - Common Stock","2021-10-08 10:30:00-04:00",49.43999862670898,49.5099983215332,49.31999969482422,49.31999969482422,49.31999969482422,7171
"PRGS","Progress Software Corporation - Common Stock","2021-10-08 11:30:00-04:00",49.33000183105469,49.34000015258789,49.15999984741211,49.15999984741211,49.15999984741211,9756
"PRGS","Progress Software Corporation - Common Stock","2021-10-08 12:30:00-04:00",49.119998931884766,49.220001220703125,48.9900016784668,49.09999847412109,49.09999847412109,12807
"PRGS","Progress Software Corporation - Common Stock","2021-10-08 13:30:00-04:00",49.06999969482422,49.22999954223633,49.040000915527344,49.16999816894531,49.16999816894531,9866
"PRGS","Progress Software Corporation - Common Stock","2021-10-08 14:30:00-04:00",49.16999816894531,49.16999816894531,49.04999923706055,49.130001068115234,49.130001068115234,14539
"PRGS","Progress Software Corporation - Common Stock","2021-10-08 15:30:00-04:00",49.11000061035156,49.15999984741211,49.040000915527344,49.06999969482422,49.06999969482422,30172
"PRGS","Progress Software Corporation - Common Stock","2021-10-08 16:00:00-04:00",49.08,49.08,49.08,49.08,49.08,0
"PRGS","Progress Software Corporation - Common Stock","2021-10-11 07:00:00-04:00",49.08,49.08,49.08,49.08,49.08,0
"PRGS","Progress Software Corporation - Common Stock","2021-10-11 09:30:00-04:00",49.0,49.28990173339844,48.38100051879883,49.28499984741211,49.28499984741211,22335
"PRGS","Progress Software Corporation - Common Stock","2021-10-11 10:30:00-04:00",49.2599983215332,49.54499816894531,49.2599983215332,49.43999862670898,49.43999862670898,10068
"PRGS","Progress Software Corporation - Common Stock","2021-10-11 11:30:00-04:00",49.459999084472656,49.52000045776367,49.30500030517578,49.400001525878906,49.400001525878906,10429
"PRGS","Progress Software Corporation - Common Stock","2021-10-11 12:30:00-04:00",49.41999816894531,49.41999816894531,49.0099983215332,49.04999923706055,49.04999923706055,12295
"PRGS","Progress Software Corporation - Common Stock","2021-10-11 13:30:00-04:00",49.06999969482422,49.22999954223633,49.040000915527344,49.04999923706055,49.04999923706055,7838
"PRGS","Progress Software Corporation - Common Stock","2021-10-11 14:30:00-04:00",49.02999877929688,49.119998931884766,48.9900016784668,49.0099983215332,49.0099983215332,14799
"PRGS","Progress Software Corporation - Common Stock","2021-10-11 15:30:00-04:00",49.02899932861328,49.04999923706055,48.84000015258789,48.93000030517578,48.93000030517578,58417
"PRGS","Progress Software Corporation - Common Stock","2021-10-11 16:00:00-04:00",48.88,48.88,48.88,48.88,48.88,0
"PRGS","Progress Software Corporation - Common Stock","2021-10-12 09:30:00-04:00",49.18000030517578,49.34000015258789,48.79100036621094,48.84999847412109,48.84999847412109,14117
"PRGS","Progress Software Corporation - Common Stock","2021-10-12 10:30:00-04:00",48.935001373291016,48.94499969482422,48.43999862670898,48.45000076293945,48.45000076293945,29345
"PRGS","Progress Software Corporation - Common Stock","2021-10-12 11:30:00-04:00",48.5099983215332,48.77999877929688,48.470001220703125,48.59999847412109,48.59999847412109,11413
"PRGS","Progress Software Corporation - Common Stock","2021-10-12 12:30:00-04:00",48.540000915527344,48.560001373291016,48.31999969482422,48.34000015258789,48.34000015258789,14042
"PRGS","Progress Software Corporation - Common Stock","2021-10-12 13:30:00-04:00",48.34999847412109,48.45000076293945,48.2599983215332,48.45000076293945,48.45000076293945,13214
"PRGS","Progress Software Corporation - Common Stock","2021-10-12 14:30:00-04:00",48.45000076293945,48.54999923706055,48.25,48.30649948120117,48.30649948120117,15353
"PRGS","Progress Software Corporation - Common Stock","2021-10-12 15:30:00-04:00",48.290000915527344,48.52000045776367,48.25,48.47999954223633,48.47999954223633,41067
"PRGS","Progress Software Corporation - Common Stock","2021-10-12 16:00:00-04:00",48.5,48.5,48.12,48.12,48.12,0
"PRGS","Progress Software Corporation - Common Stock","2021-10-13 07:00:00-04:00",48.49,49.0,48.49,48.7,48.7,0
"PRGS","Progress Software Corporation - Common Stock","2021-10-13 08:00:00-04:00",48.7,48.7,48.7,48.7,48.7,0
"PRGS","Progress Software Corporation - Common Stock","2021-10-13 09:30:00-04:00",48.63999938964844,49.2400016784668,48.43999862670898,48.52000045776367,48.52000045776367,20416
"PRGS","Progress Software Corporation - Common Stock","2021-10-13 10:30:00-04:00",48.56999969482422,48.869998931884766,48.4900016784668,48.68000030517578,48.68000030517578,43197
"PRGS","Progress Software Corporation - Common Stock","2021-10-13 11:30:00-04:00",48.68999862670898,48.68999862670898,48.40999984741211,48.470001220703125,48.470001220703125,7994
"PRGS","Progress Software Corporation - Common Stock","2021-10-13 12:30:00-04:00",48.470001220703125,48.54999923706055,48.380001068115234,48.54199981689453,48.54199981689453,6234
"PRGS","Progress Software Corporation - Common Stock","2021-10-13 13:30:00-04:00",48.560001373291016,48.77000045776367,48.52000045776367,48.56999969482422,48.56999969482422,12384
"PRGS","Progress Software Corporation - Common Stock","2021-10-13 14:30:00-04:00",48.54999923706055,48.7599983215332,48.459999084472656,48.665000915527344,48.665000915527344,17928
"PRGS","Progress Software Corporation - Common Stock","2021-10-13 15:30:00-04:00",48.68999862670898,49.060001373291016,48.68999862670898,49.0,49.0,99131
"PRGS","Progress Software Corporation - Common Stock","2021-10-13 16:00:00-04:00",48.97,48.97,48.97,48.97,48.97,25067
"PRGS","Progress Software Corporation - Common Stock","2021-10-14 08:00:00-04:00",50.19,50.19,50.19,50.19,50.19,0
"PRGS","Progress Software Corporation - Common Stock","2021-10-14 09:30:00-04:00",49.5,49.90999984741211,49.380001068115234,49.630001068115234,49.630001068115234,21575
"PRGS","Progress Software Corporation - Common Stock","2021-10-14 10:30:00-04:00",49.66999816894531,49.68000030517578,49.52999877929688,49.619998931884766,49.619998931884766,13834
"PRGS","Progress Software Corporation - Common Stock","2021-10-14 11:30:00-04:00",49.63999938964844,49.709999084472656,49.59999847412109,49.70000076293945,49.70000076293945,8212
"PRGS","Progress Software Corporation - Common Stock","2021-10-14 12:30:00-04:00",49.720001220703125,49.790000915527344,49.63999938964844,49.63999938964844,49.63999938964844,10093
"PRGS","Progress Software Corporation - Common Stock","2021-10-14 13:30:00-04:00",49.650001525878906,49.79999923706055,49.59999847412109,49.790000915527344,49.790000915527344,23040
"PRGS","Progress Software Corporation - Common Stock","2021-10-14 14:30:00-04:00",49.790000915527344,50.150001525878906,49.77999877929688,50.13999938964844,50.13999938964844,43252
"PRGS","Progress Software Corporation - Common Stock","2021-10-14 15:30:00-04:00",50.150001525878906,50.36000061035156,49.9900016784668,50.34999847412109,50.34999847412109,71046
"PRGS","Progress Software Corporation - Common Stock","2021-10-14 16:00:00-04:00",50.33,50.33,50.33,50.33,50.33,0
"PRGS","Progress Software Corporation - Common Stock","2021-10-14 17:00:00-04:00",50.33,50.33,50.33,50.33,50.33,0
"PRGS","Progress Software Corporation - Common Stock","2021-10-14 19:00:00-04:00",49.36,50.89,49.36,50.89,50.89,0
"PRGS","Progress Software Corporation - Common Stock","2021-10-15 08:00:00-04:00",50.33,50.33,50.33,50.33,50.33,0
"PRGS","Progress Software Corporation - Common Stock","2021-10-15 09:00:00-04:00",51.0,51.0,51.0,51.0,51.0,0
"PRGS","Progress Software Corporation - Common Stock","2021-10-15 09:30:00-04:00",50.900001525878906,50.9900016784668,50.5,50.52999877929688,50.52999877929688,43306
"PRGS","Progress Software Corporation - Common Stock","2021-10-15 10:30:00-04:00",50.5099983215332,50.810001373291016,50.2599983215332,50.29999923706055,50.29999923706055,21112
"PRGS","Progress Software Corporation - Common Stock","2021-10-15 11:30:00-04:00",50.31999969482422,50.380001068115234,50.18000030517578,50.29999923706055,50.29999923706055,17965
"PRGS","Progress Software Corporation - Common Stock","2021-10-15 12:30:00-04:00",50.290000915527344,50.33000183105469,50.02999877929688,50.10409927368164,50.10409927368164,13700
"PRGS","Progress Software Corporation - Common Stock","2021-10-15 13:30:00-04:00",50.06999969482422,50.310001373291016,50.06999969482422,50.2599983215332,50.2599983215332,15433
"PRGS","Progress Software Corporation - Common Stock","2021-10-15 14:30:00-04:00",50.2400016784668,50.400001525878906,50.22999954223633,50.38999938964844,50.38999938964844,44636
"PRGS","Progress Software Corporation - Common Stock","2021-10-15 15:30:00-04:00",50.369998931884766,50.45000076293945,50.16999816894531,50.18000030517578,50.18000030517578,77460
"PRGS","Progress Software Corporation - Common Stock","2021-10-15 16:00:00-04:00",50.18,50.18,50.1,50.1,50.1,0
"PRGS","Progress Software Corporation - Common Stock","2021-10-18 06:00:00-04:00",50.1,50.1,50.1,50.1,50.1,0
"PRGS","Progress Software Corporation - Common Stock","2021-10-18 08:00:00-04:00",50.18,50.18,50.18,50.18,50.18,0
"PRGS","Progress Software Corporation - Common Stock","2021-10-18 09:30:00-04:00",50.02999877929688,50.220001220703125,49.68000030517578,49.68000030517578,49.68000030517578,51511
"PRGS","Progress Software Corporation - Common Stock","2021-10-18 10:30:00-04:00",49.58000183105469,49.83000183105469,49.540000915527344,49.65999984741211,49.65999984741211,43958
"PRGS","Progress Software Corporation - Common Stock","2021-10-18 11:30:00-04:00",49.619998931884766,49.93000030517578,49.619998931884766,49.86000061035156,49.86000061035156,11550
"PRGS","Progress Software Corporation - Common Stock","2021-10-18 12:30:00-04:00",49.900001525878906,49.900001525878906,49.68999862670898,49.720001220703125,49.720001220703125,10931
"PRGS","Progress Software Corporation - Common Stock","2021-10-18 13:30:00-04:00",49.72999954223633,49.75,49.31999969482422,49.31999969482422,49.31999969482422,44285
"PRGS","Progress Software Corporation - Common Stock","2021-10-18 14:30:00-04:00",49.32849884033203,49.59000015258789,49.290000915527344,49.35499954223633,49.35499954223633,109050
"PRGS","Progress Software Corporation - Common Stock","2021-10-18 15:30:00-04:00",49.35499954223633,49.650001525878906,49.34999847412109,49.630001068115234,49.630001068115234,96798
"PRGS","Progress Software Corporation - Common Stock","2021-10-18 16:00:00-04:00",49.59,49.59,49.59,49.59,49.59,28326
"PRGS","Progress Software Corporation - Common Stock","2021-10-19 09:30:00-04:00",49.84999847412109,49.84999847412109,49.36000061035156,49.36000061035156,49.36000061035156,0
"PRGS","Progress Software Corporation - Common Stock","2021-10-19 10:30:00-04:00",49.36000061035156,49.67499923706055,49.16999816894531,49.6349983215332,49.6349983215332,42557
"PRGS","Progress Software Corporation - Common Stock","2021-10-19 11:30:00-04:00",49.59999847412109,49.61000061035156,49.41999816894531,49.41999816894531,49.41999816894531,39533
"PRGS","Progress Software Corporation - Common Stock","2021-10-19 12:30:00-04:00",49.42499923706055,49.70000076293945,49.40999984741211,49.540000915527344,49.540000915527344,23863
"PRGS","Progress Software Corporation - Common Stock","2021-10-19 13:30:00-04:00",49.52000045776367,49.56999969482422,49.380001068115234,49.40999984741211,49.40999984741211,10880
"PRGS","Progress Software Corporation - Common Stock","2021-10-19 14:30:00-04:00",49.37960052490234,49.79999923706055,49.28200149536133,49.72999954223633,49.72999954223633,27305
"PRGS","Progress Software Corporation - Common Stock","2021-10-19 15:30:00-04:00",49.650001525878906,49.77000045776367,49.63999938964844,49.70000076293945,49.70000076293945,41882
"PRGS","Progress Software Corporation - Common Stock","2021-10-19 16:00:00-04:00",49.7,49.7,49.7,49.7,49.7,0
"PRGS","Progress Software Corporation - Common Stock","2021-10-19 19:00:00-04:00",49.7,49.7,49.7,49.7,49.7,0
"PRGS","Progress Software Corporation - Common Stock","2021-10-20 09:30:00-04:00",49.84000015258789,50.0,49.560001373291016,49.93000030517578,49.93000030517578,11927
"PRGS","Progress Software Corporation - Common Stock","2021-10-20 10:30:00-04:00",50.040000915527344,50.18000030517578,49.86000061035156,49.91999816894531,49.91999816894531,11189
"PRGS","Progress Software Corporation - Common Stock","2021-10-20 11:30:00-04:00",49.91999816894531,50.097900390625,49.869998931884766,49.970001220703125,49.970001220703125,8514
"PRGS","Progress Software Corporation - Common Stock","2021-10-20 12:30:00-04:00",50.0,50.060001373291016,49.81999969482422,49.88999938964844,49.88999938964844,6005
"PRGS","Progress Software Corporation - Common Stock","2021-10-20 13:30:00-04:00",49.900001525878906,49.93999862670898,49.77999877929688,49.77999877929688,49.77999877929688,11912
"PRGS","Progress Software Corporation - Common Stock","2021-10-20 14:30:00-04:00",49.84000015258789,50.040000915527344,49.78010177612305,49.97999954223633,49.97999954223633,82410
"PRGS","Progress Software Corporation - Common Stock","2021-10-20 15:30:00-04:00",50.00719833374024,50.11000061035156,49.91999816894531,50.06999969482422,50.06999969482422,48209
"PRGS","Progress Software Corporation - Common Stock","2021-10-20 16:00:00-04:00",50.09,50.2,50.09,50.2,50.2,0
"PRGS","Progress Software Corporation - Common Stock","2021-10-20 17:00:00-04:00",50.31,50.31,50.31,50.31,50.31,0
"PRGS","Progress Software Corporation - Common Stock","2021-10-20 18:00:00-04:00",50.32,50.32,50.32,50.32,50.32,0
"PRGS","Progress Software Corporation - Common Stock","2021-10-21 09:30:00-04:00",50.11000061035156,50.5099983215332,49.86000061035156,50.15999984741211,50.15999984741211,25058
"PRGS","Progress Software Corporation - Common Stock","2021-10-21 10:30:00-04:00",50.18999862670898,50.2599983215332,50.0,50.0099983215332,50.0099983215332,24740
"PRGS","Progress Software Corporation - Common Stock","2021-10-21 11:30:00-04:00",49.98500061035156,50.375,49.98500061035156,50.310001373291016,50.310001373291016,39863
"PRGS","Progress Software Corporation - Common Stock","2021-10-21 12:30:00-04:00",50.31999969482422,50.43999862670898,50.13999938964844,50.13999938964844,50.13999938964844,13433
"PRGS","Progress Software Corporation - Common Stock","2021-10-21 13:30:00-04:00",50.13999938964844,50.34999847412109,50.09999847412109,50.31999969482422,50.31999969482422,83727
"PRGS","Progress Software Corporation - Common Stock","2021-10-21 14:30:00-04:00",50.34999847412109,50.68999862670898,50.18000030517578,50.5099983215332,50.5099983215332,60543
"PRGS","Progress Software Corporation - Common Stock","2021-10-21 15:30:00-04:00",50.5099983215332,50.720001220703125,50.45000076293945,50.65999984741211,50.65999984741211,41189
"PRGS","Progress Software Corporation - Common Stock","2021-10-21 16:00:00-04:00",50.64,50.98,50.4,50.4,50.4,0
"PRGS","Progress Software Corporation - Common Stock","2021-10-21 18:00:00-04:00",50.65,50.65,50.65,50.65,50.65,0
"PRGS","Progress Software Corporation - Common Stock","2021-10-22 04:00:00-04:00",50.88,50.88,50.88,50.88,50.88,0
"PRGS","Progress Software Corporation - Common Stock","2021-10-22 07:00:00-04:00",51.03,51.77,51.0,51.0,51.0,0
"PRGS","Progress Software Corporation - Common Stock","2021-10-22 09:00:00-04:00",51.0,51.01,51.0,51.0,51.0,0
"PRGS","Progress Software Corporation - Common Stock","2021-10-22 09:30:00-04:00",51.0,51.43999862670898,50.77999877929688,51.34999847412109,51.34999847412109,48824
"PRGS","Progress Software Corporation - Common Stock","2021-10-22 10:30:00-04:00",51.400001525878906,51.5,51.150001525878906,51.18999862670898,51.18999862670898,31694
"PRGS","Progress Software Corporation - Common Stock","2021-10-22 11:30:00-04:00",51.16999816894531,51.5099983215332,50.97499847412109,51.2400016784668,51.2400016784668,49576
"PRGS","Progress Software Corporation - Common Stock","2021-10-22 12:30:00-04:00",51.22999954223633,51.619998931884766,51.22999954223633,51.45000076293945,51.45000076293945,29044
"PRGS","Progress Software Corporation - Common Stock","2021-10-22 13:30:00-04:00",51.40999984741211,51.5,51.27000045776367,51.41999816894531,51.41999816894531,15720
"PRGS","Progress Software Corporation - Common Stock","2021-10-22 14:30:00-04:00",51.43000030517578,51.47999954223633,51.060001373291016,51.16999816894531,51.16999816894531,43631
"PRGS","Progress Software Corporation - Common Stock","2021-10-22 15:30:00-04:00",51.2400016784668,51.33000183105469,50.959999084472656,51.150001525878906,51.150001525878906,57626
"PRGS","Progress Software Corporation - Common Stock","2021-10-22 16:00:00-04:00",51.15,51.15,51.15,51.15,51.15,0
"PRGS","Progress Software Corporation - Common Stock","2021-10-22 19:00:00-04:00",51.85,52.5,51.85,52.5,52.5,0
"PRGS","Progress Software Corporation - Common Stock","2021-10-25 08:00:00-04:00",52.86,52.86,52.81,52.81,52.81,0
"PRGS","Progress Software Corporation - Common Stock","2021-10-25 09:30:00-04:00",51.09000015258789,51.42499923706055,51.02999877929688,51.41999816894531,51.41999816894531,26094
"PRGS","Progress Software Corporation - Common Stock","2021-10-25 10:30:00-04:00",51.400001525878906,51.470001220703125,51.27999877929688,51.27999877929688,51.27999877929688,18777
"PRGS","Progress Software Corporation - Common Stock","2021-10-25 11:30:00-04:00",51.310001373291016,51.32500076293945,50.94110107421875,50.95000076293945,50.95000076293945,13242
"PRGS","Progress Software Corporation - Common Stock","2021-10-25 12:30:00-04:00",50.93000030517578,50.93999862670898,50.630001068115234,50.77000045776367,50.77000045776367,19295
"PRGS","Progress Software Corporation - Common Stock","2021-10-25 13:30:00-04:00",50.7599983215332,50.9900016784668,50.52000045776367,50.97499847412109,50.97499847412109,23565
"PRGS","Progress Software Corporation - Common Stock","2021-10-25 14:30:00-04:00",50.970001220703125,51.06999969482422,50.619998931884766,50.70000076293945,50.70000076293945,69882
"PRGS","Progress Software Corporation - Common Stock","2021-10-25 15:30:00-04:00",50.70000076293945,50.72999954223633,50.36000061035156,50.36000061035156,50.36000061035156,65878
"PRGS","Progress Software Corporation - Common Stock","2021-10-25 16:00:00-04:00",50.35,50.35,50.35,50.35,50.35,0
"PRGS","Progress Software Corporation - Common Stock","2021-10-25 17:00:00-04:00",50.35,50.35,50.35,50.35,50.35,0
"PRGS","Progress Software Corporation - Common Stock","2021-10-26 09:30:00-04:00",50.619998931884766,50.619998931884766,49.959999084472656,50.13999938964844,50.13999938964844,141622
"PRGS","Progress Software Corporation - Common Stock","2021-10-26 10:30:00-04:00",50.08000183105469,50.27999877929688,49.9900016784668,50.09999847412109,50.09999847412109,13420
"PRGS","Progress Software Corporation - Common Stock","2021-10-26 11:30:00-04:00",50.11000061035156,50.11000061035156,49.709999084472656,49.709999084472656,49.709999084472656,18712
"PRGS","Progress Software Corporation - Common Stock","2021-10-26 12:30:00-04:00",49.720001220703125,49.72999954223633,49.27999877929688,49.43000030517578,49.43000030517578,38651
"PRGS","Progress Software Corporation - Common Stock","2021-10-26 13:30:00-04:00",49.45000076293945,49.54999923706055,49.43999862670898,49.470001220703125,49.470001220703125,49027
"PRGS","Progress Software Corporation - Common Stock","2021-10-26 14:30:00-04:00",49.459999084472656,49.5099983215332,49.20000076293945,49.20000076293945,49.20000076293945,30841
"PRGS","Progress Software Corporation - Common Stock","2021-10-26 15:30:00-04:00",49.18000030517578,49.31999969482422,49.13999938964844,49.25,49.25,55932
"PRGS","Progress Software Corporation - Common Stock","2021-10-26 16:00:00-04:00",49.25,49.25,48.77,48.98,48.98,0
"PRGS","Progress Software Corporation - Common Stock","2021-10-26 19:00:00-04:00",48.72,48.72,48.72,48.72,48.72,0
"PRGS","Progress Software Corporation - Common Stock","2021-10-27 09:00:00-04:00",49.25,49.25,49.25,49.25,49.25,0
"PRGS","Progress Software Corporation - Common Stock","2021-10-27 09:30:00-04:00",48.9900016784668,49.459999084472656,48.82500076293945,49.310001373291016,49.310001373291016,33577
"PRGS","Progress Software Corporation - Common Stock","2021-10-27 10:30:00-04:00",49.29999923706055,49.38999938964844,48.97999954223633,49.130001068115234,49.130001068115234,54437
"PRGS","Progress Software Corporation - Common Stock","2021-10-27 11:30:00-04:00",49.16999816894531,49.494998931884766,49.119998931884766,49.43000030517578,49.43000030517578,54795
"PRGS","Progress Software Corporation - Common Stock","2021-10-27 12:30:00-04:00",49.41999816894531,49.72999954223633,49.209999084472656,49.72999954223633,49.72999954223633,32405
"PRGS","Progress Software Corporation - Common Stock","2021-10-27 13:30:00-04:00",49.7400016784668,49.869998931884766,49.59749984741211,49.790000915527344,49.790000915527344,19678
"PRGS","Progress Software Corporation - Common Stock","2021-10-27 14:30:00-04:00",49.81999969482422,49.88999938964844,49.630001068115234,49.84000015258789,49.84000015258789,40562
"PRGS","Progress Software Corporation - Common Stock","2021-10-27 15:30:00-04:00",49.84000015258789,49.970001220703125,49.68000030517578,49.7400016784668,49.7400016784668,63452
"PRGS","Progress Software Corporation - Common Stock","2021-10-27 16:00:00-04:00",49.71,49.71,49.71,49.71,49.71,0
"PRGS","Progress Software Corporation - Common Stock","2021-10-28 09:30:00-04:00",50.02000045776367,50.54499816894531,50.0099983215332,50.40999984741211,50.40999984741211,19360
"PRGS","Progress Software Corporation - Common Stock","2021-10-28 10:30:00-04:00",50.36000061035156,50.400001525878906,50.20500183105469,50.25,50.25,16692
"PRGS","Progress Software Corporation - Common Stock","2021-10-28 11:30:00-04:00",50.22999954223633,50.380001068115234,50.20500183105469,50.2400016784668,50.2400016784668,12929
"PRGS","Progress Software Corporation - Common Stock","2021-10-28 12:30:00-04:00",50.22999954223633,50.2400016784668,50.04999923706055,50.11000061035156,50.11000061035156,8876
"PRGS","Progress Software Corporation - Common Stock","2021-10-28 13:30:00-04:00",50.08000183105469,50.31999969482422,50.04999923706055,50.2156982421875,50.2156982421875,76114
"PRGS","Progress Software Corporation - Common Stock","2021-10-28 14:30:00-04:00",50.209999084472656,50.255001068115234,50.02000045776367,50.209999084472656,50.209999084472656,27711
"PRGS","Progress Software Corporation - Common Stock","2021-10-28 15:30:00-04:00",50.20000076293945,50.2400016784668,49.720001220703125,49.84999847412109,49.84999847412109,56430
"PRGS","Progress Software Corporation - Common Stock","2021-10-28 16:00:00-04:00",49.86,50.0,49.86,50.0,50.0,0
"PRGS","Progress Software Corporation - Common Stock","2021-10-28 17:00:00-04:00",50.0,51.62,50.0,51.62,51.62,0
"PRGS","Progress Software Corporation - Common Stock","2021-10-28 18:00:00-04:00",50.9,51.06,50.9,50.94,50.94,0
"PRGS","Progress Software Corporation - Common Stock","2021-10-28 19:00:00-04:00",51.6,51.62,51.6,51.62,51.62,0
"PRGS","Progress Software Corporation - Common Stock","2021-10-29 07:00:00-04:00",51.62,51.87,50.0,50.0,50.0,0
"PRGS","Progress Software Corporation - Common Stock","2021-10-29 08:00:00-04:00",51.5,51.5,51.4,51.5,51.5,0
"PRGS","Progress Software Corporation - Common Stock","2021-10-29 09:00:00-04:00",51.69,51.69,51.69,51.69,51.69,0
"PRGS","Progress Software Corporation - Common Stock","2021-10-29 09:30:00-04:00",50.59999847412109,51.02999877929688,50.29999923706055,50.470001220703125,50.470001220703125,59450
"PRGS","Progress Software Corporation - Common Stock","2021-10-29 10:30:00-04:00",50.5,50.84999847412109,50.49990081787109,50.68999862670898,50.68999862670898,18627
"PRGS","Progress Software Corporation - Common Stock","2021-10-29 11:30:00-04:00",50.619998931884766,50.70000076293945,50.52999877929688,50.65999984741211,50.65999984741211,12307
"PRGS","Progress Software Corporation - Common Stock","2021-10-29 12:30:00-04:00",50.68000030517578,50.810001373291016,50.58000183105469,50.79499816894531,50.79499816894531,16987
"PRGS","Progress Software Corporation - Common Stock","2021-10-29 13:30:00-04:00",50.810001373291016,51.23929977416992,50.7599983215332,51.09999847412109,51.09999847412109,29176
"PRGS","Progress Software Corporation - Common Stock","2021-10-29 14:30:00-04:00",51.08000183105469,51.2400016784668,51.02000045776367,51.150001525878906,51.150001525878906,30227
"PRGS","Progress Software Corporation - Common Stock","2021-10-29 15:30:00-04:00",51.18000030517578,51.459999084472656,51.18000030517578,51.40999984741211,51.40999984741211,46493
"PRGS","Progress Software Corporation - Common Stock","2021-10-29 16:00:00-04:00",51.41,51.41,51.41,51.41,51.41,0
"PRGS","Progress Software Corporation - Common Stock","2021-10-29 17:00:00-04:00",51.5,51.5,51.5,51.5,51.5,0
"PRGS","Progress Software Corporation - Common Stock","2021-10-29 19:00:00-04:00",51.5,51.55,51.5,51.55,51.55,0
"PRGS","Progress Software Corporation - Common Stock","2021-11-01 09:00:00-04:00",51.7,51.7,51.7,51.7,51.7,0
"PRGS","Progress Software Corporation - Common Stock","2021-11-01 09:30:00-04:00",51.5,52.05989837646485,51.5,52.05989837646485,52.05989837646485,85688
"PRGS","Progress Software Corporation - Common Stock","2021-11-01 10:30:00-04:00",52.02999877929688,52.560001373291016,51.970001220703125,52.40999984741211,52.40999984741211,35326
"PRGS","Progress Software Corporation - Common Stock","2021-11-01 11:30:00-04:00",52.36000061035156,52.76800155639648,52.27999877929688,52.59000015258789,52.59000015258789,37786
"PRGS","Progress Software Corporation - Common Stock","2021-11-01 12:30:00-04:00",52.54999923706055,52.59000015258789,52.119998931884766,52.16999816894531,52.16999816894531,67880
"PRGS","Progress Software Corporation - Common Stock","2021-11-01 13:30:00-04:00",52.15999984741211,52.20000076293945,52.0,52.19499969482422,52.19499969482422,26778
"PRGS","Progress Software Corporation - Common Stock","2021-11-01 14:30:00-04:00",52.18040084838867,52.22499847412109,51.880001068115234,52.04999923706055,52.04999923706055,62069
"PRGS","Progress Software Corporation - Common Stock","2021-11-01 15:30:00-04:00",52.040000915527344,52.22999954223633,52.0,52.119998931884766,52.119998931884766,39167
"PRGS","Progress Software Corporation - Common Stock","2021-11-01 16:00:00-04:00",52.12,52.12,50.65,52.12,52.12,0
"PRGS","Progress Software Corporation - Common Stock","2021-11-01 17:00:00-04:00",52.12,52.12,52.12,52.12,52.12,0
"PRGS","Progress Software Corporation - Common Stock","2021-11-02 08:00:00-04:00",52.5,53.46,52.5,53.46,53.46,0
"PRGS","Progress Software Corporation - Common Stock","2021-11-02 09:30:00-04:00",52.27999877929688,52.57740020751953,52.09999847412109,52.2400016784668,52.2400016784668,30231
"PRGS","Progress Software Corporation - Common Stock","2021-11-02 10:30:00-04:00",52.242000579833984,52.33000183105469,52.0260009765625,52.108001708984375,52.108001708984375,28413
"PRGS","Progress Software Corporation - Common Stock","2021-11-02 11:30:00-04:00",52.119998931884766,52.2599983215332,52.02000045776367,52.12519836425781,52.12519836425781,29970
"PRGS","Progress Software Corporation - Common Stock","2021-11-02 12:30:00-04:00",52.04999923706055,52.220001220703125,52.0,52.18000030517578,52.18000030517578,42829
"PRGS","Progress Software Corporation - Common Stock","2021-11-02 13:30:00-04:00",52.185001373291016,52.185001373291016,51.81999969482422,51.81999969482422,51.81999969482422,36112
"PRGS","Progress Software Corporation - Common Stock","2021-11-02 14:30:00-04:00",51.84000015258789,51.959999084472656,51.72999954223633,51.81999969482422,51.81999969482422,20353
"PRGS","Progress Software Corporation - Common Stock","2021-11-02 15:30:00-04:00",51.83000183105469,51.9900016784668,51.77999877929688,51.959999084472656,51.959999084472656,34193
"PRGS","Progress Software Corporation - Common Stock","2021-11-02 16:00:00-04:00",51.93,51.93,51.8,51.8,51.8,0
"PRGS","Progress Software Corporation - Common Stock","2021-11-02 17:00:00-04:00",51.8,51.8,51.8,51.8,51.8,0
"PRGS","Progress Software Corporation - Common Stock","2021-11-02 19:00:00-04:00",51.93,51.93,51.93,51.93,51.93,0
"PRGS","Progress Software Corporation - Common Stock","2021-11-03 09:30:00-04:00",51.380001068115234,51.93000030517578,51.380001068115234,51.8849983215332,51.8849983215332,18797
"PRGS","Progress Software Corporation - Common Stock","2021-11-03 10:30:00-04:00",51.90999984741211,52.0,51.70000076293945,51.75,51.75,20779
"PRGS","Progress Software Corporation - Common Stock","2021-11-03 11:30:00-04:00",51.77000045776367,52.0,51.709999084472656,51.77999877929688,51.77999877929688,19534
"PRGS","Progress Software Corporation - Common Stock","2021-11-03 12:30:00-04:00",51.77000045776367,51.77000045776367,51.63999938964844,51.66999816894531,51.66999816894531,9529
"PRGS","Progress Software Corporation - Common Stock","2021-11-03 13:30:00-04:00",51.70000076293945,52.08000183105469,51.70000076293945,51.97499847412109,51.97499847412109,27706
"PRGS","Progress Software Corporation - Common Stock","2021-11-03 14:30:00-04:00",52.0,52.400001525878906,51.970001220703125,52.369998931884766,52.369998931884766,46100
"PRGS","Progress Software Corporation - Common Stock","2021-11-03 15:30:00-04:00",52.36000061035156,52.4900016784668,52.20500183105469,52.34000015258789,52.34000015258789,85337
"PRGS","Progress Software Corporation - Common Stock","2021-11-03 16:00:00-04:00",52.34,52.34,52.34,52.34,52.34,0
"PRGS","Progress Software Corporation - Common Stock","2021-11-04 09:30:00-04:00",52.59999847412109,53.17990112304688,52.459999084472656,52.560001373291016,52.560001373291016,41648
"PRGS","Progress Software Corporation - Common Stock","2021-11-04 10:30:00-04:00",52.63999938964844,52.72700119018555,52.18999862670898,52.27000045776367,52.27000045776367,14548
"PRGS","Progress Software Corporation - Common Stock","2021-11-04 11:30:00-04:00",52.2599983215332,52.38999938964844,52.209999084472656,52.209999084472656,52.209999084472656,9125
"PRGS","Progress Software Corporation - Common Stock","2021-11-04 12:30:00-04:00",52.220001220703125,52.38999938964844,51.93000030517578,52.34000015258789,52.34000015258789,19444
"PRGS","Progress Software Corporation - Common Stock","2021-11-04 13:30:00-04:00",52.29999923706055,52.37099838256836,51.97999954223633,52.06999969482422,52.06999969482422,22362
"PRGS","Progress Software Corporation - Common Stock","2021-11-04 14:30:00-04:00",52.09999847412109,52.5,52.02000045776367,52.3650016784668,52.3650016784668,57596
"PRGS","Progress Software Corporation - Common Stock","2021-11-04 15:30:00-04:00",52.34999847412109,52.43999862670898,52.150001525878906,52.150001525878906,52.150001525878906,40600
"PRGS","Progress Software Corporation - Common Stock","2021-11-04 16:00:00-04:00",52.2,52.2,52.0,52.0,52.0,0
"PRGS","Progress Software Corporation - Common Stock","2021-11-04 17:00:00-04:00",52.0,52.0,51.78,51.78,51.78,0
"PRGS","Progress Software Corporation - Common Stock","2021-11-05 08:00:00-04:00",51.8,51.8,51.8,51.8,51.8,0
"PRGS","Progress Software Corporation - Common Stock","2021-11-05 09:00:00-04:00",52.3,52.4,52.24,52.24,52.24,0
"PRGS","Progress Software Corporation - Common Stock","2021-11-05 09:30:00-04:00",52.31999969482422,52.90999984741211,51.869998931884766,51.880001068115234,51.880001068115234,43618
"PRGS","Progress Software Corporation - Common Stock","2021-11-05 10:30:00-04:00",51.91999816894531,52.33000183105469,51.7599983215332,52.060001373291016,52.060001373291016,33016
"PRGS","Progress Software Corporation - Common Stock","2021-11-05 11:30:00-04:00",52.08000183105469,52.220001220703125,51.91999816894531,51.91999816894531,51.91999816894531,28193
"PRGS","Progress Software Corporation - Common Stock","2021-11-05 12:30:00-04:00",51.91999816894531,52.130001068115234,51.880001068115234,51.970001220703125,51.970001220703125,26397
"PRGS","Progress Software Corporation - Common Stock","2021-11-05 13:30:00-04:00",51.97999954223633,52.18999862670898,51.86000061035156,52.15999984741211,52.15999984741211,50440
"PRGS","Progress Software Corporation - Common Stock","2021-11-05 14:30:00-04:00",52.11000061035156,52.2400016784668,51.97999954223633,52.220001220703125,52.220001220703125,21236
"PRGS","Progress Software Corporation - Common Stock","2021-11-05 15:30:00-04:00",52.2599983215332,52.380001068115234,52.18999862670898,52.18999862670898,52.18999862670898,38718
"PRGS","Progress Software Corporation - Common Stock","2021-11-05 16:00:00-04:00",52.24,52.24,52.24,52.24,52.24,0
"PRGS","Progress Software Corporation - Common Stock","2021-11-05 17:00:00-04:00",52.24,52.24,52.24,52.24,52.24,0
"PRGS","Progress Software Corporation - Common Stock","2021-11-08 08:00:00-05:00",52.25,52.25,52.25,52.25,52.25,0
"PRGS","Progress Software Corporation - Common Stock","2021-11-08 09:00:00-05:00",53.02,53.02,53.02,53.02,53.02,0
"PRGS","Progress Software Corporation - Common Stock","2021-11-08 09:30:00-05:00",52.59999847412109,53.04999923706055,52.27000045776367,52.88999938964844,52.88999938964844,25069
"PRGS","Progress Software Corporation - Common Stock","2021-11-08 10:30:00-05:00",52.828399658203125,53.060001373291016,52.77999877929688,52.970001220703125,52.970001220703125,26910
"PRGS","Progress Software Corporation - Common Stock","2021-11-08 11:30:00-05:00",52.97999954223633,53.04999923706055,52.90499877929688,52.970001220703125,52.970001220703125,26432
"PRGS","Progress Software Corporation - Common Stock","2021-11-08 12:30:00-05:00",52.97999954223633,53.08000183105469,52.84999847412109,52.92499923706055,52.92499923706055,13936
"PRGS","Progress Software Corporation - Common Stock","2021-11-08 13:30:00-05:00",52.900001525878906,52.970001220703125,52.755001068115234,52.810001373291016,52.810001373291016,23616
"PRGS","Progress Software Corporation - Common Stock","2021-11-08 14:30:00-05:00",52.810001373291016,53.02999877929688,52.72999954223633,52.72999954223633,52.72999954223633,22817
"PRGS","Progress Software Corporation - Common Stock","2021-11-08 15:30:00-05:00",52.7400016784668,52.79999923706055,52.540000915527344,52.630001068115234,52.630001068115234,25725
"PRGS","Progress Software Corporation - Common Stock","2021-11-08 16:00:00-05:00",52.58,52.58,52.58,52.58,52.58,0
"PRGS","Progress Software Corporation - Common Stock","2021-11-08 17:00:00-05:00",53.0,53.0,52.6,52.6,52.6,0
"PRGS","Progress Software Corporation - Common Stock","2021-11-09 08:00:00-05:00",52.75,52.75,52.75,52.75,52.75,0
"PRGS","Progress Software Corporation - Common Stock","2021-11-09 09:30:00-05:00",52.75,53.08990097045898,52.15999984741211,52.290000915527344,52.290000915527344,21707
"PRGS","Progress Software Corporation - Common Stock","2021-11-09 10:30:00-05:00",52.310001373291016,52.540000915527344,52.290000915527344,52.48500061035156,52.48500061035156,11727
"PRGS","Progress Software Corporation - Common Stock","2021-11-09 11:30:00-05:00",52.52999877929688,52.63999938964844,52.43000030517578,52.540000915527344,52.540000915527344,8076
"PRGS","Progress Software Corporation - Common Stock","2021-11-09 12:30:00-05:00",52.56999969482422,52.70000076293945,52.54999923706055,52.54999923706055,52.54999923706055,9522
"PRGS","Progress Software Corporation - Common Stock","2021-11-09 13:30:00-05:00",52.54999923706055,52.58000183105469,52.31999969482422,52.43999862670898,52.43999862670898,12080
"PRGS","Progress Software Corporation - Common Stock","2021-11-09 14:30:00-05:00",52.369998931884766,52.400001525878906,52.2400016784668,52.33000183105469,52.33000183105469,14573
"PRGS","Progress Software Corporation - Common Stock","2021-11-09 15:30:00-05:00",52.345001220703125,52.459999084472656,52.25,52.34000015258789,52.34000015258789,29375
"PRGS","Progress Software Corporation - Common Stock","2021-11-09 16:00:00-05:00",52.3,52.3,52.3,52.3,52.3,0
"PRGS","Progress Software Corporation - Common Stock","2021-11-09 17:00:00-05:00",52.3,52.3,52.3,52.3,52.3,0
"PRGS","Progress Software Corporation - Common Stock","2021-11-10 09:00:00-05:00",52.24,52.24,52.23,52.23,52.23,0
"PRGS","Progress Software Corporation - Common Stock","2021-11-10 09:30:00-05:00",52.119998931884766,52.4900016784668,51.83000183105469,52.119998931884766,52.119998931884766,22513
"PRGS","Progress Software Corporation - Common Stock","2021-11-10 10:30:00-05:00",52.06999969482422,52.3650016784668,52.06999969482422,52.20000076293945,52.20000076293945,13794
"PRGS","Progress Software Corporation - Common Stock","2021-11-10 11:30:00-05:00",52.119998931884766,52.20500183105469,51.880001068115234,51.90499877929688,51.90499877929688,8906
"PRGS","Progress Software Corporation - Common Stock","2021-11-10 12:30:00-05:00",51.88999938964844,51.900001525878906,51.220001220703125,51.260101318359375,51.260101318359375,29098
"PRGS","Progress Software Corporation - Common Stock","2021-11-10 13:30:00-05:00",51.36000061035156,51.49860000610352,51.18000030517578,51.18000030517578,51.18000030517578,22995
"PRGS","Progress Software Corporation - Common Stock","2021-11-10 14:30:00-05:00",51.18999862670898,51.7599983215332,51.09000015258789,51.56999969482422,51.56999969482422,26128
"PRGS","Progress Software Corporation - Common Stock","2021-11-10 15:30:00-05:00",51.560001373291016,51.58000183105469,51.435001373291016,51.4900016784668,51.4900016784668,27730
"PRGS","Progress Software Corporation - Common Stock","2021-11-10 16:00:00-05:00",51.46,51.46,51.46,51.46,51.46,0
"PRGS","Progress Software Corporation - Common Stock","2021-11-11 09:00:00-05:00",51.96,52.13,51.8,51.8,51.8,0
"PRGS","Progress Software Corporation - Common Stock","2021-11-11 09:30:00-05:00",51.70000076293945,52.119998931884766,51.380001068115234,51.5099983215332,51.5099983215332,12448
"PRGS","Progress Software Corporation - Common Stock","2021-11-11 10:30:00-05:00",51.4900016784668,51.52000045776367,51.369998931884766,51.39099884033203,51.39099884033203,9743
"PRGS","Progress Software Corporation - Common Stock","2021-11-11 11:30:00-05:00",51.43000030517578,51.86000061035156,51.43000030517578,51.83000183105469,51.83000183105469,8515
"PRGS","Progress Software Corporation - Common Stock","2021-11-11 12:30:00-05:00",51.81999969482422,51.93000030517578,51.65999984741211,51.70000076293945,51.70000076293945,10970
"PRGS","Progress Software Corporation - Common Stock","2021-11-11 13:30:00-05:00",51.75,51.810001373291016,51.650001525878906,51.650001525878906,51.650001525878906,9774
"PRGS","Progress Software Corporation - Common Stock","2021-11-11 14:30:00-05:00",51.63999938964844,51.7599983215332,51.56999969482422,51.61000061035156,51.61000061035156,19109
"PRGS","Progress Software Corporation - Common Stock","2021-11-11 15:30:00-05:00",51.59999847412109,51.630001068115234,51.369998931884766,51.560001373291016,51.560001373291016,27366
"PRGS","Progress Software Corporation - Common Stock","2021-11-11 16:00:00-05:00",51.56,51.56,51.56,51.56,51.56,0
"PRGS","Progress Software Corporation - Common Stock","2021-11-12 09:00:00-05:00",51.93,51.93,51.93,51.93,51.93,0
"PRGS","Progress Software Corporation - Common Stock","2021-11-12 09:30:00-05:00",51.77999877929688,52.14500045776367,51.459999084472656,52.00210189819336,52.00210189819336,21384
"PRGS","Progress Software Corporation - Common Stock","2021-11-12 10:30:00-05:00",51.97999954223633,52.130001068115234,51.90169906616211,52.08000183105469,52.08000183105469,13089
"PRGS","Progress Software Corporation - Common Stock","2021-11-12 11:30:00-05:00",52.06499862670898,52.119998931884766,51.959999084472656,52.06499862670898,52.06499862670898,10599
"PRGS","Progress Software Corporation - Common Stock","2021-11-12 12:30:00-05:00",52.08000183105469,52.40999984741211,52.08000183105469,52.31999969482422,52.31999969482422,10648
"PRGS","Progress Software Corporation - Common Stock","2021-11-12 13:30:00-05:00",52.36000061035156,52.369998931884766,52.15999984741211,52.32889938354492,52.32889938354492,14414
"PRGS","Progress Software Corporation - Common Stock","2021-11-12 14:30:00-05:00",52.34000015258789,52.58000183105469,52.290000915527344,52.52999877929688,52.52999877929688,23930
"PRGS","Progress Software Corporation - Common Stock","2021-11-12 15:30:00-05:00",52.528900146484375,52.528900146484375,52.209999084472656,52.27000045776367,52.27000045776367,29549
"PRGS","Progress Software Corporation - Common Stock","2021-11-12 16:00:00-05:00",52.22,52.22,52.22,52.22,52.22,0
"PRGS","Progress Software Corporation - Common Stock","2021-11-12 17:00:00-05:00",52.22,52.22,52.22,52.22,52.22,0
"PRGS","Progress Software Corporation - Common Stock","2021-11-12 18:00:00-05:00",52.8,52.8,52.8,52.8,52.8,0
"PRGS","Progress Software Corporation - Common Stock","2021-11-15 07:00:00-05:00",52.79,52.79,52.79,52.79,52.79,0
"PRGS","Progress Software Corporation - Common Stock","2021-11-15 08:00:00-05:00",53.0,53.0,52.22,52.22,52.22,0
"PRGS","Progress Software Corporation - Common Stock","2021-11-15 09:30:00-05:00",52.4900016784668,52.68470001220703,52.02000045776367,52.290000915527344,52.290000915527344,17841
"PRGS","Progress Software Corporation - Common Stock","2021-11-15 10:30:00-05:00",52.2599983215332,52.47999954223633,52.20000076293945,52.47999954223633,52.47999954223633,17905
"PRGS","Progress Software Corporation - Common Stock","2021-11-15 11:30:00-05:00",52.470001220703125,52.540000915527344,52.34999847412109,52.380001068115234,52.380001068115234,17951
"PRGS","Progress Software Corporation - Common Stock","2021-11-15 12:30:00-05:00",52.41999816894531,52.540000915527344,52.27000045776367,52.31999969482422,52.31999969482422,14840
"PRGS","Progress Software Corporation - Common Stock","2021-11-15 13:30:00-05:00",52.31499862670898,52.34000015258789,52.15999984741211,52.31999969482422,52.31999969482422,7406
"PRGS","Progress Software Corporation - Common Stock","2021-11-15 14:30:00-05:00",52.34999847412109,52.4900016784668,52.31999969482422,52.41999816894531,52.41999816894531,12582
"PRGS","Progress Software Corporation - Common Stock","2021-11-15 15:30:00-05:00",52.43999862670898,52.43999862670898,52.220001220703125,52.380001068115234,52.380001068115234,26072
"PRGS","Progress Software Corporation - Common Stock","2021-11-15 16:00:00-05:00",52.34,52.34,52.34,52.34,52.34,0
"PRGS","Progress Software Corporation - Common Stock","2021-11-15 17:00:00-05:00",52.69,52.69,52.69,52.69,52.69,0
"PRGS","Progress Software Corporation - Common Stock","2021-11-16 08:00:00-05:00",52.57,52.69,52.57,52.69,52.69,0
"PRGS","Progress Software Corporation - Common Stock","2021-11-16 09:30:00-05:00",52.18000030517578,52.4900016784668,52.02999877929688,52.34000015258789,52.34000015258789,17426
"PRGS","Progress Software Corporation - Common Stock","2021-11-16 10:30:00-05:00",52.369998931884766,52.70000076293945,52.345001220703125,52.67499923706055,52.67499923706055,18287
"PRGS","Progress Software Corporation - Common Stock","2021-11-16 11:30:00-05:00",52.72999954223633,52.900001525878906,52.60010147094727,52.88999938964844,52.88999938964844,23979
"PRGS","Progress Software Corporation - Common Stock","2021-11-16 12:30:00-05:00",52.89820098876953,52.95000076293945,52.720001220703125,52.83000183105469,52.83000183105469,38832
"PRGS","Progress Software Corporation - Common Stock","2021-11-16 13:30:00-05:00",52.77999877929688,53.0,52.60879898071289,52.9900016784668,52.9900016784668,27752
"PRGS","Progress Software Corporation - Common Stock","2021-11-16 14:30:00-05:00",53.02999877929688,53.130001068115234,52.84000015258789,53.060001373291016,53.060001373291016,41090
"PRGS","Progress Software Corporation - Common Stock","2021-11-16 15:30:00-05:00",53.08000183105469,53.22999954223633,52.93999862670898,53.22999954223633,53.22999954223633,75560
"PRGS","Progress Software Corporation - Common Stock","2021-11-16 16:00:00-05:00",53.18,53.5,53.18,53.5,53.5,0
"PRGS","Progress Software Corporation - Common Stock","2021-11-16 17:00:00-05:00",54.43,54.5,54.0,54.0,54.0,0
"PRGS","Progress Software Corporation - Common Stock","2021-11-17 07:00:00-05:00",53.51,53.51,53.51,53.51,53.51,0
"PRGS","Progress Software Corporation - Common Stock","2021-11-17 08:00:00-05:00",54.0,54.0,53.28,53.28,53.28,0
"PRGS","Progress Software Corporation - Common Stock","2021-11-17 09:00:00-05:00",53.28,53.28,53.28,53.28,53.28,0
"PRGS","Progress Software Corporation - Common Stock","2021-11-17 09:30:00-05:00",53.400001525878906,53.91999816894531,52.63999938964844,52.78670120239258,52.78670120239258,87469
"PRGS","Progress Software Corporation - Common Stock","2021-11-17 10:30:00-05:00",52.65999984741211,53.14899826049805,52.65999984741211,52.72999954223633,52.72999954223633,26402
"PRGS","Progress Software Corporation - Common Stock","2021-11-17 11:30:00-05:00",52.7400016784668,52.81999969482422,52.09999847412109,52.09999847412109,52.09999847412109,19050
"PRGS","Progress Software Corporation - Common Stock","2021-11-17 12:30:00-05:00",52.150001525878906,52.34000015258789,52.11000061035156,52.34000015258789,52.34000015258789,21183
"PRGS","Progress Software Corporation - Common Stock","2021-11-17 13:30:00-05:00",52.310001373291016,52.33000183105469,52.02000045776367,52.08000183105469,52.08000183105469,18292
"PRGS","Progress Software Corporation - Common Stock","2021-11-17 14:30:00-05:00",52.03499984741211,52.51499938964844,52.02999877929688,52.5,52.5,37129
"PRGS","Progress Software Corporation - Common Stock","2021-11-17 15:30:00-05:00",52.47999954223633,52.709999084472656,52.415000915527344,52.59999847412109,52.59999847412109,36085
"PRGS","Progress Software Corporation - Common Stock","2021-11-17 16:00:00-05:00",52.61,52.61,52.61,52.61,52.61,0
"PRGS","Progress Software Corporation - Common Stock","2021-11-17 17:00:00-05:00",53.99,53.99,53.99,53.99,53.99,0
"PRGS","Progress Software Corporation - Common Stock","2021-11-18 06:00:00-05:00",52.6,52.6,52.6,52.6,52.6,0
"PRGS","Progress Software Corporation - Common Stock","2021-11-18 07:00:00-05:00",52.61,52.61,52.61,52.61,52.61,0
"PRGS","Progress Software Corporation - Common Stock","2021-11-18 09:00:00-05:00",53.0,53.0,53.0,53.0,53.0,0
"PRGS","Progress Software Corporation - Common Stock","2021-11-18 09:30:00-05:00",52.52999877929688,52.56999969482422,51.400001525878906,51.72499847412109,51.72499847412109,80256
"PRGS","Progress Software Corporation - Common Stock","2021-11-18 10:30:00-05:00",51.619998931884766,52.16999816894531,51.619998931884766,52.119998931884766,52.119998931884766,14996
"PRGS","Progress Software Corporation - Common Stock","2021-11-18 11:30:00-05:00",52.09000015258789,52.6150016784668,52.09000015258789,52.40999984741211,52.40999984741211,56150
"PRGS","Progress Software Corporation - Common Stock","2021-11-18 12:30:00-05:00",52.40999984741211,52.45000076293945,52.13999938964844,52.33000183105469,52.33000183105469,12250
"PRGS","Progress Software Corporation - Common Stock","2021-11-18 13:30:00-05:00",52.31999969482422,52.56999969482422,52.31999969482422,52.45000076293945,52.45000076293945,32590
"PRGS","Progress Software Corporation - Common Stock","2021-11-18 14:30:00-05:00",52.45500183105469,52.630001068115234,52.400001525878906,52.6150016784668,52.6150016784668,32430
"PRGS","Progress Software Corporation - Common Stock","2021-11-18 15:30:00-05:00",52.6150016784668,52.7599983215332,52.52999877929688,52.650001525878906,52.650001525878906,74341
"PRGS","Progress Software Corporation - Common Stock","2021-11-18 16:00:00-05:00",52.61,52.61,52.61,52.61,52.61,0
"PRGS","Progress Software Corporation - Common Stock","2021-11-19 07:00:00-05:00",52.75,52.75,52.72,52.72,52.72,0
"PRGS","Progress Software Corporation - Common Stock","2021-11-19 08:00:00-05:00",52.58,52.58,52.43,52.43,52.43,0
"PRGS","Progress Software Corporation - Common Stock","2021-11-19 09:30:00-05:00",52.58000183105469,52.93000030517578,52.33000183105469,52.68999862670898,52.68999862670898,24588
"PRGS","Progress Software Corporation - Common Stock","2021-11-19 10:30:00-05:00",52.664798736572266,52.664798736572266,52.45500183105469,52.560001373291016,52.560001373291016,6948
"PRGS","Progress Software Corporation - Common Stock","2021-11-19 11:30:00-05:00",52.560001373291016,52.68000030517578,52.5,52.630001068115234,52.630001068115234,14759
"PRGS","Progress Software Corporation - Common Stock","2021-11-19 12:30:00-05:00",52.61000061035156,52.630001068115234,52.40999984741211,52.41999816894531,52.41999816894531,12176
"PRGS","Progress Software Corporation - Common Stock","2021-11-19 13:30:00-05:00",52.33000183105469,52.380001068115234,52.13999938964844,52.31999969482422,52.31999969482422,15508
"PRGS","Progress Software Corporation - Common Stock","2021-11-19 14:30:00-05:00",52.369998931884766,52.630001068115234,52.27000045776367,52.630001068115234,52.630001068115234,31668
"PRGS","Progress Software Corporation - Common Stock","2021-11-19 15:30:00-05:00",52.59999847412109,52.64500045776367,52.40999984741211,52.5,52.5,34313
"PRGS","Progress Software Corporation - Common Stock","2021-11-19 16:00:00-05:00",52.48,52.48,52.48,52.48,52.48,0
"PRGS","Progress Software Corporation - Common Stock","2021-11-22 09:00:00-05:00",52.78,52.78,52.78,52.78,52.78,0
"PRGS","Progress Software Corporation - Common Stock","2021-11-22 09:30:00-05:00",52.790000915527344,52.790000915527344,52.25,52.61000061035156,52.61000061035156,28853
"PRGS","Progress Software Corporation - Common Stock","2021-11-22 10:30:00-05:00",52.68999862670898,52.84799957275391,52.2599983215332,52.369998931884766,52.369998931884766,22072
"PRGS","Progress Software Corporation - Common Stock","2021-11-22 11:30:00-05:00",52.34999847412109,52.380001068115234,51.56999969482422,51.68000030517578,51.68000030517578,28138
"PRGS","Progress Software Corporation - Common Stock","2021-11-22 12:30:00-05:00",51.709999084472656,52.0099983215332,51.70000076293945,51.880001068115234,51.880001068115234,15069
"PRGS","Progress Software Corporation - Common Stock","2021-11-22 13:30:00-05:00",51.84999847412109,52.119998931884766,51.84999847412109,51.970001220703125,51.970001220703125,16460
"PRGS","Progress Software Corporation - Common Stock","2021-11-22 14:30:00-05:00",51.959999084472656,52.31999969482422,51.900001525878906,52.05989837646485,52.05989837646485,17504
"PRGS","Progress Software Corporation - Common Stock","2021-11-22 15:30:00-05:00",51.959999084472656,52.130001068115234,51.52999877929688,51.540000915527344,51.540000915527344,43003
"PRGS","Progress Software Corporation - Common Stock","2021-11-22 16:00:00-05:00",51.54,51.54,51.5,51.54,51.54,0
"PRGS","Progress Software Corporation - Common Stock","2021-11-22 17:00:00-05:00",51.3,51.3,51.3,51.3,51.3,0
"PRGS","Progress Software Corporation - Common Stock","2021-11-23 09:00:00-05:00",51.55,51.55,51.55,51.55,51.55,0
"PRGS","Progress Software Corporation - Common Stock","2021-11-23 09:30:00-05:00",51.20000076293945,51.619998931884766,50.65999984741211,51.459999084472656,51.459999084472656,36699
"PRGS","Progress Software Corporation - Common Stock","2021-11-23 10:30:00-05:00",51.459999084472656,51.505001068115234,50.81999969482422,51.18999862670898,51.18999862670898,17522
"PRGS","Progress Software Corporation - Common Stock","2021-11-23 11:30:00-05:00",51.15999984741211,51.2400016784668,50.96989822387695,51.15999984741211,51.15999984741211,29015
"PRGS","Progress Software Corporation - Common Stock","2021-11-23 12:30:00-05:00",51.22999954223633,51.22999954223633,50.810001373291016,50.810001373291016,50.810001373291016,11459
"PRGS","Progress Software Corporation - Common Stock","2021-11-23 13:30:00-05:00",50.810001373291016,51.0099983215332,50.625,50.77000045776367,50.77000045776367,16192
"PRGS","Progress Software Corporation - Common Stock","2021-11-23 14:30:00-05:00",50.84999847412109,51.18999862670898,50.77999877929688,51.095001220703125,51.095001220703125,16385
"PRGS","Progress Software Corporation - Common Stock","2021-11-23 15:30:00-05:00",51.119998931884766,51.22999954223633,50.79999923706055,50.93000030517578,50.93000030517578,64869
"PRGS","Progress Software Corporation - Common Stock","2021-11-23 16:00:00-05:00",50.93,51.46,50.9267,51.46,51.46,0
"PRGS","Progress Software Corporation - Common Stock","2021-11-24 09:00:00-05:00",51.1,51.1,51.1,51.1,51.1,0
"PRGS","Progress Software Corporation - Common Stock","2021-11-24 09:30:00-05:00",50.5099983215332,50.959999084472656,50.08000183105469,50.95000076293945,50.95000076293945,25238
"PRGS","Progress Software Corporation - Common Stock","2021-11-24 10:30:00-05:00",50.959999084472656,50.97610092163086,50.619998931884766,50.88999938964844,50.88999938964844,16106
"PRGS","Progress Software Corporation - Common Stock","2021-11-24 11:30:00-05:00",50.970001220703125,51.0099983215332,50.84000015258789,50.97999954223633,50.97999954223633,11960
"PRGS","Progress Software Corporation - Common Stock","2021-11-24 12:30:00-05:00",50.84999847412109,50.880001068115234,50.75,50.790000915527344,50.790000915527344,10832
"PRGS","Progress Software Corporation - Common Stock","2021-11-24 13:30:00-05:00",50.79999923706055,50.81999969482422,50.54999923706055,50.68999862670898,50.68999862670898,18384
"PRGS","Progress Software Corporation - Common Stock","2021-11-24 14:30:00-05:00",50.7599983215332,51.04499816894531,50.720001220703125,50.98500061035156,50.98500061035156,16058
"PRGS","Progress Software Corporation - Common Stock","2021-11-24 15:30:00-05:00",50.93000030517578,50.93999862670898,50.66999816894531,50.720001220703125,50.720001220703125,26799
"PRGS","Progress Software Corporation - Common Stock","2021-11-24 16:00:00-05:00",50.75,51.0,50.75,51.0,51.0,0
"PRGS","Progress Software Corporation - Common Stock","2021-11-24 17:00:00-05:00",51.0,51.0,51.0,51.0,51.0,0
"PRGS","Progress Software Corporation - Common Stock","2021-11-26 07:00:00-05:00",51.46,51.46,50.0,50.0,50.0,0
"PRGS","Progress Software Corporation - Common Stock","2021-11-26 09:00:00-05:00",50.43,50.5,50.0,50.0,50.0,0
"PRGS","Progress Software Corporation - Common Stock","2021-11-26 09:30:00-05:00",50.00199890136719,50.429298400878906,48.77999877929688,49.25,49.25,46648
"PRGS","Progress Software Corporation - Common Stock","2021-11-26 10:30:00-05:00",49.220001220703125,49.4026985168457,48.68000030517578,48.790000915527344,48.790000915527344,30683
"PRGS","Progress Software Corporation - Common Stock","2021-11-26 11:30:00-05:00",48.84999847412109,49.130001068115234,48.41999816894531,48.845001220703125,48.845001220703125,73581
"PRGS","Progress Software Corporation - Common Stock","2021-11-26 13:00:00-05:00",48.88999938964844,49.22999954223633,48.5,48.790000915527344,48.790000915527344,0
"PRGS","Progress Software Corporation - Common Stock","2021-11-29 08:00:00-05:00",49.12,49.12,48.79,48.79,48.79,0
"PRGS","Progress Software Corporation - Common Stock","2021-11-29 09:30:00-05:00",49.4900016784668,49.5099983215332,49.060001373291016,49.22499847412109,49.22499847412109,24826
"PRGS","Progress Software Corporation - Common Stock","2021-11-29 10:30:00-05:00",49.209999084472656,49.209999084472656,48.81999969482422,49.01499938964844,49.01499938964844,14174
"PRGS","Progress Software Corporation - Common Stock","2021-11-29 11:30:00-05:00",49.08000183105469,49.51900100708008,48.959999084472656,49.5166015625,49.5166015625,13914
"PRGS","Progress Software Corporation - Common Stock","2021-11-29 12:30:00-05:00",49.58000183105469,49.810001373291016,49.58000183105469,49.619998931884766,49.619998931884766,12343
"PRGS","Progress Software Corporation - Common Stock","2021-11-29 13:30:00-05:00",49.650001525878906,49.77999877929688,49.53499984741211,49.77999877929688,49.77999877929688,22989
"PRGS","Progress Software Corporation - Common Stock","2021-11-29 14:30:00-05:00",49.7400016784668,49.93149948120117,49.59999847412109,49.61000061035156,49.61000061035156,29837
"PRGS","Progress Software Corporation - Common Stock","2021-11-29 15:30:00-05:00",49.61000061035156,49.81999969482422,49.5099983215332,49.5099983215332,49.5099983215332,68874
"PRGS","Progress Software Corporation - Common Stock","2021-11-29 16:00:00-05:00",49.52,49.6186,49.52,49.52,49.52,0
"PRGS","Progress Software Corporation - Common Stock","2021-11-29 17:00:00-05:00",49.77,49.77,49.52,49.54,49.54,0
"PRGS","Progress Software Corporation - Common Stock","2021-11-30 18:00:00-05:00",48.45,48.45,48.45,48.45,48.45,0
"PRGS","Progress Software Corporation - Common Stock","2021-12-01 09:00:00-05:00",48.68,48.68,48.68,48.68,48.68,0
"PRGS","Progress Software Corporation - Common Stock","2021-12-01 09:30:00-05:00",49.44499969482422,49.75,49.18999862670898,49.66999816894531,49.66999816894531,52720
"PRGS","Progress Software Corporation - Common Stock","2021-12-01 10:30:00-05:00",49.619998931884766,49.68999862670898,49.23500061035156,49.68999862670898,49.68999862670898,49278
"PRGS","Progress Software Corporation - Common Stock","2021-12-01 11:30:00-05:00",49.61000061035156,49.650001525878906,49.060001373291016,49.459999084472656,49.459999084472656,36028
"PRGS","Progress Software Corporation - Common Stock","2021-12-01 12:30:00-05:00",49.470001220703125,49.54999923706055,48.619998931884766,48.95000076293945,48.95000076293945,26590
"PRGS","Progress Software Corporation - Common Stock","2021-12-01 13:30:00-05:00",48.96500015258789,49.06999969482422,48.52000045776367,48.79999923706055,48.79999923706055,33867
"PRGS","Progress Software Corporation - Common Stock","2021-12-01 14:30:00-05:00",48.77000045776367,48.93000030517578,48.35499954223633,48.42499923706055,48.42499923706055,40040
"PRGS","Progress Software Corporation - Common Stock","2021-12-01 15:30:00-05:00",48.38999938964844,48.720001220703125,48.220001220703125,48.400001525878906,48.400001525878906,61793
"PRGS","Progress Software Corporation - Common Stock","2021-12-01 16:00:00-05:00",48.41,48.41,48.4,48.41,48.41,0
"PRGS","Progress Software Corporation - Common Stock","2021-12-01 17:00:00-05:00",48.41,48.41,48.41,48.41,48.41,0
"PRGS","Progress Software Corporation - Common Stock","2021-12-02 09:30:00-05:00",48.47999954223633,49.04999923706055,48.31499862670898,48.65999984741211,48.65999984741211,29086
"PRGS","Progress Software Corporation - Common Stock","2021-12-02 10:30:00-05:00",48.41999816894531,48.77000045776367,48.18999862670898,48.66999816894531,48.66999816894531,19721
"PRGS","Progress Software Corporation - Common Stock","2021-12-02 11:30:00-05:00",48.720001220703125,48.875,48.36000061035156,48.875,48.875,24844
"PRGS","Progress Software Corporation - Common Stock","2021-12-02 12:30:00-05:00",48.86000061035156,48.880001068115234,48.45000076293945,48.47999954223633,48.47999954223633,15316
"PRGS","Progress Software Corporation - Common Stock","2021-12-02 13:30:00-05:00",48.459999084472656,48.87590026855469,48.43999862670898,48.81999969482422,48.81999969482422,15102
"PRGS","Progress Software Corporation - Common Stock","2021-12-02 14:30:00-05:00",48.79999923706055,49.040000915527344,48.77999877929688,48.93999862670898,48.93999862670898,40255
"PRGS","Progress Software Corporation - Common Stock","2021-12-02 15:30:00-05:00",49.02000045776367,49.15999984741211,48.869998931884766,49.15999984741211,49.15999984741211,56622
"PRGS","Progress Software Corporation - Common Stock","2021-12-02 16:00:00-05:00",49.16,49.16,49.16,49.16,49.16,0
"PRGS","Progress Software Corporation - Common Stock","2021-12-03 09:30:00-05:00",49.130001068115234,49.61000061035156,48.289398193359375,48.560001373291016,48.560001373291016,30523
"PRGS","Progress Software Corporation - Common Stock","2021-12-03 10:30:00-05:00",48.56999969482422,48.630001068115234,48.15999984741211,48.540000915527344,48.540000915527344,27391
"PRGS","Progress Software Corporation - Common Stock","2021-12-03 11:30:00-05:00",48.525001525878906,48.72999954223633,48.25,48.65499877929688,48.65499877929688,21121
"PRGS","Progress Software Corporation - Common Stock","2021-12-03 12:30:00-05:00",48.59999847412109,48.869998931884766,48.54999923706055,48.68000030517578,48.68000030517578,12858
"PRGS","Progress Software Corporation - Common Stock","2021-12-03 13:30:00-05:00",48.65999984741211,48.810001373291016,48.47499847412109,48.7593002319336,48.7593002319336,21572
"PRGS","Progress Software Corporation - Common Stock","2021-12-03 14:30:00-05:00",48.619998931884766,48.7599983215332,48.4900016784668,48.72999954223633,48.72999954223633,30199
"PRGS","Progress Software Corporation - Common Stock","2021-12-03 15:30:00-05:00",48.72999954223633,48.95000076293945,48.61000061035156,48.900001525878906,48.900001525878906,50432
"PRGS","Progress Software Corporation - Common Stock","2021-12-03 16:00:00-05:00",48.89,49.245,48.89,49.245,49.245,0
"PRGS","Progress Software Corporation - Common Stock","2021-12-03 18:00:00-05:00",48.89,48.89,48.89,48.89,48.89,0
"PRGS","Progress Software Corporation - Common Stock","2021-12-06 08:00:00-05:00",48.85,48.85,48.85,48.85,48.85,0
"PRGS","Progress Software Corporation - Common Stock","2021-12-06 09:30:00-05:00",49.15999984741211,49.15999984741211,48.1150016784668,48.56999969482422,48.56999969482422,39231
"PRGS","Progress Software Corporation - Common Stock","2021-12-06 10:30:00-05:00",48.57500076293945,48.720001220703125,48.060001373291016,48.22840118408203,48.22840118408203,35609
"PRGS","Progress Software Corporation - Common Stock","2021-12-06 11:30:00-05:00",48.220001220703125,48.79999923706055,48.09999847412109,48.7599983215332,48.7599983215332,22617
"PRGS","Progress Software Corporation - Common Stock","2021-12-06 12:30:00-05:00",48.72999954223633,48.93000030517578,48.540000915527344,48.91999816894531,48.91999816894531,28568
"PRGS","Progress Software Corporation - Common Stock","2021-12-06 13:30:00-05:00",48.95000076293945,49.02000045776367,48.68000030517578,48.72999954223633,48.72999954223633,63733
"PRGS","Progress Software Corporation - Common Stock","2021-12-06 14:30:00-05:00",48.810001373291016,49.0,48.52999877929688,48.63999938964844,48.63999938964844,60100
"PRGS","Progress Software Corporation - Common Stock","2021-12-06 15:30:00-05:00",48.70000076293945,48.7400016784668,48.38999938964844,48.459999084472656,48.459999084472656,62560
"PRGS","Progress Software Corporation - Common Stock","2021-12-06 16:00:00-05:00",48.45,48.45,48.45,48.45,48.45,0
"PRGS","Progress Software Corporation - Common Stock","2021-12-06 17:00:00-05:00",48.45,48.45,48.45,48.45,48.45,0
"PRGS","Progress Software Corporation - Common Stock","2021-12-07 08:00:00-05:00",49.0,49.0,49.0,49.0,49.0,0
"PRGS","Progress Software Corporation - Common Stock","2021-12-07 09:30:00-05:00",49.18999862670898,49.47999954223633,49.11000061035156,49.220001220703125,49.220001220703125,27758
"PRGS","Progress Software Corporation - Common Stock","2021-12-07 10:30:00-05:00",49.29999923706055,49.540000915527344,49.22999954223633,49.25,49.25,26222
"PRGS","Progress Software Corporation - Common Stock","2021-12-07 11:30:00-05:00",49.27000045776367,49.31999969482422,49.06999969482422,49.15999984741211,49.15999984741211,22274
"PRGS","Progress Software Corporation - Common Stock","2021-12-07 12:30:00-05:00",49.18999862670898,49.18999862670898,48.7599983215332,48.7599983215332,48.7599983215332,25692
"PRGS","Progress Software Corporation - Common Stock","2021-12-07 13:30:00-05:00",48.81999969482422,49.06999969482422,48.720001220703125,48.90999984741211,48.90999984741211,46242
"PRGS","Progress Software Corporation - Common Stock","2021-12-07 14:30:00-05:00",48.869998931884766,49.0,48.76499938964844,48.79999923706055,48.79999923706055,33710
"PRGS","Progress Software Corporation - Common Stock","2021-12-07 15:30:00-05:00",48.790000915527344,48.790000915527344,48.505001068115234,48.720001220703125,48.720001220703125,92232
"PRGS","Progress Software Corporation - Common Stock","2021-12-07 16:00:00-05:00",48.62,48.62,48.62,48.62,48.62,0
"PRGS","Progress Software Corporation - Common Stock","2021-12-08 08:00:00-05:00",48.62,48.62,48.62,48.62,48.62,0
"PRGS","Progress Software Corporation - Common Stock","2021-12-08 09:30:00-05:00",48.68999862670898,48.68999862670898,48.13999938964844,48.13999938964844,48.13999938964844,26610
"PRGS","Progress Software Corporation - Common Stock","2021-12-08 10:30:00-05:00",48.18999862670898,48.29999923706055,48.04999923706055,48.16999816894531,48.16999816894531,47152
"PRGS","Progress Software Corporation - Common Stock","2021-12-08 11:30:00-05:00",48.18999862670898,48.209999084472656,47.54999923706055,47.59049987792969,47.59049987792969,40421
"PRGS","Progress Software Corporation - Common Stock","2021-12-08 12:30:00-05:00",47.630001068115234,48.11000061035156,47.60499954223633,48.025001525878906,48.025001525878906,43135
"PRGS","Progress Software Corporation - Common Stock","2021-12-08 13:30:00-05:00",47.9900016784668,48.0099983215332,47.76119995117188,47.81999969482422,47.81999969482422,21547
"PRGS","Progress Software Corporation - Common Stock","2021-12-08 14:30:00-05:00",47.81999969482422,48.060001373291016,47.790000915527344,47.90999984741211,47.90999984741211,24498
"PRGS","Progress Software Corporation - Common Stock","2021-12-08 15:30:00-05:00",47.900001525878906,48.21500015258789,47.88999938964844,48.02000045776367,48.02000045776367,46705
"PRGS","Progress Software Corporation - Common Stock","2021-12-08 16:00:00-05:00",48.05,48.05,48.05,48.05,48.05,0
"PRGS","Progress Software Corporation - Common Stock","2021-12-08 17:00:00-05:00",48.05,48.05,48.05,48.05,48.05,0
"PRGS","Progress Software Corporation - Common Stock","2021-12-09 09:30:00-05:00",47.93000030517578,48.24140167236328,47.81499862670898,48.09999847412109,48.09999847412109,32609
"PRGS","Progress Software Corporation - Common Stock","2021-12-09 10:30:00-05:00",48.15999984741211,48.54999923706055,47.900001525878906,48.52999877929688,48.52999877929688,81698
"PRGS","Progress Software Corporation - Common Stock","2021-12-09 11:30:00-05:00",48.5099983215332,48.81999969482422,48.43999862670898,48.665000915527344,48.665000915527344,26413
"PRGS","Progress Software Corporation - Common Stock","2021-12-09 12:30:00-05:00",48.665000915527344,48.84000015258789,48.47999954223633,48.70000076293945,48.70000076293945,25630
"PRGS","Progress Software Corporation - Common Stock","2021-12-09 13:30:00-05:00",48.68000030517578,48.79999923706055,48.13999938964844,48.43999862670898,48.43999862670898,28741
"PRGS","Progress Software Corporation - Common Stock","2021-12-09 14:30:00-05:00",48.36000061035156,48.540000915527344,48.27999877929688,48.48820114135742,48.48820114135742,22258
"PRGS","Progress Software Corporation - Common Stock","2021-12-09 15:30:00-05:00",48.459999084472656,48.720001220703125,48.459999084472656,48.52999877929688,48.52999877929688,48466
"PRGS","Progress Software Corporation - Common Stock","2021-12-09 16:00:00-05:00",48.52,48.52,48.52,48.52,48.52,0
"PRGS","Progress Software Corporation - Common Stock","2021-12-09 17:00:00-05:00",48.52,48.52,48.52,48.52,48.52,0
"PRGS","Progress Software Corporation - Common Stock","2021-12-10 07:00:00-05:00",48.75,48.75,48.75,48.75,48.75,0
"PRGS","Progress Software Corporation - Common Stock","2021-12-10 09:30:00-05:00",49.0099983215332,49.40999984741211,48.77999877929688,48.82500076293945,48.82500076293945,25444
"PRGS","Progress Software Corporation - Common Stock","2021-12-10 10:30:00-05:00",48.88999938964844,48.91999816894531,48.33000183105469,48.619998931884766,48.619998931884766,16150
"PRGS","Progress Software Corporation - Common Stock","2021-12-10 11:30:00-05:00",48.47999954223633,48.73500061035156,48.47999954223633,48.630001068115234,48.630001068115234,13066
"PRGS","Progress Software Corporation - Common Stock","2021-12-10 12:30:00-05:00",48.56999969482422,48.56999969482422,48.31999969482422,48.369998931884766,48.369998931884766,8619
"PRGS","Progress Software Corporation - Common Stock","2021-12-10 13:30:00-05:00",48.39500045776367,48.5,48.36000061035156,48.41999816894531,48.41999816894531,15091
"PRGS","Progress Software Corporation - Common Stock","2021-12-10 14:30:00-05:00",48.44499969482422,48.47999954223633,48.15999984741211,48.380001068115234,48.380001068115234,16366
"PRGS","Progress Software Corporation - Common Stock","2021-12-10 15:30:00-05:00",48.380001068115234,48.4900016784668,48.35499954223633,48.4900016784668,48.4900016784668,24383
"PRGS","Progress Software Corporation - Common Stock","2021-12-10 16:00:00-05:00",48.46,48.46,48.46,48.46,48.46,0
"PRGS","Progress Software Corporation - Common Stock","2021-12-13 09:30:00-05:00",48.27999877929688,48.27999877929688,47.54999923706055,47.70000076293945,47.70000076293945,22622
"PRGS","Progress Software Corporation - Common Stock","2021-12-13 10:30:00-05:00",47.67499923706055,47.68000030517578,47.13309860229492,47.209999084472656,47.209999084472656,21505
"PRGS","Progress Software Corporation - Common Stock","2021-12-13 11:30:00-05:00",47.25,47.34000015258789,46.86000061035156,47.119998931884766,47.119998931884766,20362
"PRGS","Progress Software Corporation - Common Stock","2021-12-13 12:30:00-05:00",47.16999816894531,47.45000076293945,47.09000015258789,47.36000061035156,47.36000061035156,15182
"PRGS","Progress Software Corporation - Common Stock","2021-12-13 13:30:00-05:00",47.3849983215332,47.43999862670898,47.185001373291016,47.38999938964844,47.38999938964844,15492
"PRGS","Progress Software Corporation - Common Stock","2021-12-13 14:30:00-05:00",47.380001068115234,47.63999938964844,47.32500076293945,47.525001525878906,47.525001525878906,19965
"PRGS","Progress Software Corporation - Common Stock","2021-12-13 15:30:00-05:00",47.50469970703125,47.540000915527344,47.04999923706055,47.13999938964844,47.13999938964844,51043
"PRGS","Progress Software Corporation - Common Stock","2021-12-13 16:00:00-05:00",47.14,47.14,47.07,47.07,47.07,0
"PRGS","Progress Software Corporation - Common Stock","2021-12-14 09:00:00-05:00",46.97,46.97,46.8,46.8,46.8,0
"PRGS","Progress Software Corporation - Common Stock","2021-12-14 09:30:00-05:00",46.83000183105469,46.983699798583984,46.27999877929688,46.93000030517578,46.93000030517578,32055
"PRGS","Progress Software Corporation - Common Stock","2021-12-14 10:30:00-05:00",47.02999877929688,47.02999877929688,46.27999877929688,46.310001373291016,46.310001373291016,17904
"PRGS","Progress Software Corporation - Common Stock","2021-12-14 11:30:00-05:00",46.27000045776367,46.5989990234375,46.18000030517578,46.59080123901367,46.59080123901367,23252
"PRGS","Progress Software Corporation - Common Stock","2021-12-14 12:30:00-05:00",46.55500030517578,46.5989990234375,46.27000045776367,46.58000183105469,46.58000183105469,26699
"PRGS","Progress Software Corporation - Common Stock","2021-12-14 13:30:00-05:00",46.54999923706055,46.810001373291016,46.36000061035156,46.7400016784668,46.7400016784668,28708
"PRGS","Progress Software Corporation - Common Stock","2021-12-14 14:30:00-05:00",46.720001220703125,46.90999984741211,46.709999084472656,46.90999984741211,46.90999984741211,27724
"PRGS","Progress Software Corporation - Common Stock","2021-12-14 15:30:00-05:00",46.88999938964844,47.13999938964844,46.29999923706055,46.619998931884766,46.619998931884766,89270
"PRGS","Progress Software Corporation - Common Stock","2021-12-14 16:00:00-05:00",46.57,46.57,46.57,46.57,46.57,0
"PRGS","Progress Software Corporation - Common Stock","2021-12-15 09:30:00-05:00",46.810001373291016,46.84000015258789,46.36000061035156,46.77000045776367,46.77000045776367,24317
"PRGS","Progress Software Corporation - Common Stock","2021-12-15 10:30:00-05:00",46.810001373291016,47.130001068115234,46.70000076293945,47.1150016784668,47.1150016784668,26356
"PRGS","Progress Software Corporation - Common Stock","2021-12-15 11:30:00-05:00",47.1150016784668,47.20000076293945,46.8849983215332,47.040000915527344,47.040000915527344,20546
"PRGS","Progress Software Corporation - Common Stock","2021-12-15 12:30:00-05:00",47.08000183105469,47.13999938964844,46.880001068115234,46.97999954223633,46.97999954223633,13634
"PRGS","Progress Software Corporation - Common Stock","2021-12-15 13:30:00-05:00",47.0099983215332,47.65999984741211,46.89500045776367,47.20000076293945,47.20000076293945,39956
"PRGS","Progress Software Corporation - Common Stock","2021-12-15 14:30:00-05:00",47.25,48.04999923706055,47.22999954223633,47.96500015258789,47.96500015258789,149416
"PRGS","Progress Software Corporation - Common Stock","2021-12-15 15:30:00-05:00",48.0099983215332,48.15999984741211,47.81499862670898,48.04999923706055,48.04999923706055,57640
"PRGS","Progress Software Corporation - Common Stock","2021-12-15 16:00:00-05:00",48.05,48.05,48.05,48.05,48.05,0
"PRGS","Progress Software Corporation - Common Stock","2021-12-15 17:00:00-05:00",47.99,47.99,47.99,47.99,47.99,0
"PRGS","Progress Software Corporation - Common Stock","2021-12-16 09:30:00-05:00",48.310001373291016,48.310001373291016,47.59999847412109,47.86000061035156,47.86000061035156,23333
"PRGS","Progress Software Corporation - Common Stock","2021-12-16 10:30:00-05:00",47.88999938964844,47.959999084472656,47.41999816894531,47.459999084472656,47.459999084472656,30318
"PRGS","Progress Software Corporation - Common Stock","2021-12-16 11:30:00-05:00",47.41999816894531,47.41999816894531,46.79499816894531,46.81999969482422,46.81999969482422,24842
"PRGS","Progress Software Corporation - Common Stock","2021-12-16 12:30:00-05:00",46.842899322509766,46.90999984741211,46.470001220703125,46.72079849243164,46.72079849243164,221029
"PRGS","Progress Software Corporation - Common Stock","2021-12-16 13:30:00-05:00",46.7599983215332,47.095001220703125,46.220001220703125,46.2400016784668,46.2400016784668,40750
"PRGS","Progress Software Corporation - Common Stock","2021-12-16 14:30:00-05:00",46.2400016784668,46.5099983215332,45.970001220703125,46.38999938964844,46.38999938964844,62610
"PRGS","Progress Software Corporation - Common Stock","2021-12-16 15:30:00-05:00",46.400001525878906,46.52999877929688,46.130001068115234,46.130001068115234,46.130001068115234,75177
"PRGS","Progress Software Corporation - Common Stock","2021-12-16 16:00:00-05:00",46.17,46.17,46.17,46.17,46.17,0
"PRGS","Progress Software Corporation - Common Stock","2021-12-17 09:30:00-05:00",46.13999938964844,46.88999938964844,45.81999969482422,46.7599983215332,46.7599983215332,84933
"PRGS","Progress Software Corporation - Common Stock","2021-12-17 10:30:00-05:00",46.790000915527344,47.619998931884766,46.790000915527344,47.25,47.25,43230
"PRGS","Progress Software Corporation - Common Stock","2021-12-17 11:30:00-05:00",47.16999816894531,47.290000915527344,46.5099983215332,46.650001525878906,46.650001525878906,38564
"PRGS","Progress Software Corporation - Common Stock","2021-12-17 12:30:00-05:00",46.70000076293945,46.86000061035156,46.43999862670898,46.619998931884766,46.619998931884766,35130
"PRGS","Progress Software Corporation - Common Stock","2021-12-17 13:30:00-05:00",46.63999938964844,46.92900085449219,46.59000015258789,46.61000061035156,46.61000061035156,33809
"PRGS","Progress Software Corporation - Common Stock","2021-12-17 14:30:00-05:00",46.630001068115234,46.68999862670898,46.43000030517578,46.47999954223633,46.47999954223633,42358
"PRGS","Progress Software Corporation - Common Stock","2021-12-17 15:30:00-05:00",46.5,47.04499816894531,46.375,46.72999954223633,46.72999954223633,121090
"PRGS","Progress Software Corporation - Common Stock","2021-12-17 16:00:00-05:00",46.79,46.79,46.789,46.79,46.79,0
"PRGS","Progress Software Corporation - Common Stock","2021-12-17 18:00:00-05:00",46.79,46.79,46.79,46.79,46.79,0
"PRGS","Progress Software Corporation - Common Stock","2021-12-20 05:00:00-05:00",44.84,44.84,44.84,44.84,44.84,0
"PRGS","Progress Software Corporation - Common Stock","2021-12-20 09:00:00-05:00",46.79,46.79,46.33,46.33,46.33,0
"PRGS","Progress Software Corporation - Common Stock","2021-12-20 09:30:00-05:00",46.16999816894531,46.505001068115234,45.619998931884766,45.93999862670898,45.93999862670898,33729
"PRGS","Progress Software Corporation - Common Stock","2021-12-20 10:30:00-05:00",45.88999938964844,46.0099983215332,45.68000030517578,45.68000030517578,45.68000030517578,36425
"PRGS","Progress Software Corporation - Common Stock","2021-12-20 11:30:00-05:00",45.709999084472656,45.93000030517578,45.59000015258789,45.59000015258789,45.59000015258789,44178
"PRGS","Progress Software Corporation - Common Stock","2021-12-20 12:30:00-05:00",45.52000045776367,45.52000045776367,45.27999877929688,45.40499877929688,45.40499877929688,19685
"PRGS","Progress Software Corporation - Common Stock","2021-12-20 13:30:00-05:00",45.43999862670898,45.81999969482422,45.27999877929688,45.57600021362305,45.57600021362305,73635
"PRGS","Progress Software Corporation - Common Stock","2021-12-20 14:30:00-05:00",45.56999969482422,45.95500183105469,45.47999954223633,45.93000030517578,45.93000030517578,33340
"PRGS","Progress Software Corporation - Common Stock","2021-12-20 15:30:00-05:00",45.93000030517578,45.93999862670898,45.63999938964844,45.709999084472656,45.709999084472656,55985
"PRGS","Progress Software Corporation - Common Stock","2021-12-20 16:00:00-05:00",45.73,45.82,45.59,45.82,45.82,0
"PRGS","Progress Software Corporation - Common Stock","2021-12-20 17:00:00-05:00",45.73,45.73,45.73,45.73,45.73,0
"PRGS","Progress Software Corporation - Common Stock","2021-12-21 09:30:00-05:00",46.27999877929688,46.79499816894531,46.02000045776367,46.29999923706055,46.29999923706055,32960
"PRGS","Progress Software Corporation - Common Stock","2021-12-21 10:30:00-05:00",46.42499923706055,46.79999923706055,46.36000061035156,46.63999938964844,46.63999938964844,101159
"PRGS","Progress Software Corporation - Common Stock","2021-12-21 11:30:00-05:00",46.63999938964844,47.02000045776367,46.63999938964844,46.98500061035156,46.98500061035156,14589
"PRGS","Progress Software Corporation - Common Stock","2021-12-21 12:30:00-05:00",46.98500061035156,47.25,46.91999816894531,47.13999938964844,47.13999938964844,20681
"PRGS","Progress Software Corporation - Common Stock","2021-12-21 13:30:00-05:00",47.220001220703125,47.470001220703125,47.18000030517578,47.34999847412109,47.34999847412109,25798
"PRGS","Progress Software Corporation - Common Stock","2021-12-21 14:30:00-05:00",47.43000030517578,47.70000076293945,47.34999847412109,47.54999923706055,47.54999923706055,98063
"PRGS","Progress Software Corporation - Common Stock","2021-12-21 15:30:00-05:00",47.54999923706055,47.93000030517578,47.5,47.84000015258789,47.84000015258789,76181
"PRGS","Progress Software Corporation - Common Stock","2021-12-21 16:00:00-05:00",47.88,47.88,47.88,47.88,47.88,0
"PRGS","Progress Software Corporation - Common Stock","2021-12-22 07:00:00-05:00",48.0,48.0,48.0,48.0,48.0,0
"PRGS","Progress Software Corporation - Common Stock","2021-12-22 08:00:00-05:00",48.0,48.0,48.0,48.0,48.0,0
"PRGS","Progress Software Corporation - Common Stock","2021-12-22 09:30:00-05:00",47.959999084472656,48.56499862670898,47.79999923706055,48.32500076293945,48.32500076293945,58136
"PRGS","Progress Software Corporation - Common Stock","2021-12-22 10:30:00-05:00",48.22999954223633,48.5,48.1349983215332,48.18000030517578,48.18000030517578,56838
"PRGS","Progress Software Corporation - Common Stock","2021-12-22 11:30:00-05:00",48.13999938964844,48.13999938964844,47.880001068115234,47.90999984741211,47.90999984741211,7804
"PRGS","Progress Software Corporation - Common Stock","2021-12-22 12:30:00-05:00",47.900001525878906,47.970001220703125,47.84000015258789,47.970001220703125,47.970001220703125,9886
"PRGS","Progress Software Corporation - Common Stock","2021-12-22 13:30:00-05:00",47.880001068115234,48.0,47.61000061035156,47.61000061035156,47.61000061035156,13874
"PRGS","Progress Software Corporation - Common Stock","2021-12-22 14:30:00-05:00",47.70000076293945,47.86000061035156,47.56999969482422,47.7400016784668,47.7400016784668,28692
"PRGS","Progress Software Corporation - Common Stock","2021-12-22 15:30:00-05:00",47.75,48.0,47.665000915527344,47.970001220703125,47.970001220703125,32875
"PRGS","Progress Software Corporation - Common Stock","2021-12-22 16:00:00-05:00",47.97,47.97,47.97,47.97,47.97,0
"PRGS","Progress Software Corporation - Common Stock","2021-12-23 09:30:00-05:00",48.0099983215332,48.220001220703125,47.58000183105469,48.02999877929688,48.02999877929688,16279
"PRGS","Progress Software Corporation - Common Stock","2021-12-23 10:30:00-05:00",48.169898986816406,48.290000915527344,48.040000915527344,48.220001220703125,48.220001220703125,15522
"PRGS","Progress Software Corporation - Common Stock","2021-12-23 11:30:00-05:00",48.220001220703125,48.220001220703125,47.9900016784668,48.007301330566406,48.007301330566406,6412
"PRGS","Progress Software Corporation - Common Stock","2021-12-23 12:30:00-05:00",48.06999969482422,48.119998931884766,48.0,48.119998931884766,48.119998931884766,7871
"PRGS","Progress Software Corporation - Common Stock","2021-12-23 13:30:00-05:00",48.20000076293945,48.310001373291016,48.20000076293945,48.25,48.25,4018
"PRGS","Progress Software Corporation - Common Stock","2021-12-23 14:30:00-05:00",48.13999938964844,48.209999084472656,48.02999877929688,48.11000061035156,48.11000061035156,11511
"PRGS","Progress Software Corporation - Common Stock","2021-12-23 15:30:00-05:00",48.09999847412109,48.380001068115234,48.060001373291016,48.310001373291016,48.310001373291016,28239
"PRGS","Progress Software Corporation - Common Stock","2021-12-27 09:30:00-05:00",48.400001525878906,48.70000076293945,48.2593994140625,48.51499938964844,48.51499938964844,0
"PRGS","Progress Software Corporation - Common Stock","2021-12-27 10:30:00-05:00",48.41999816894531,48.77000045776367,48.41999816894531,48.685001373291016,48.685001373291016,8235
"PRGS","Progress Software Corporation - Common Stock","2021-12-27 11:30:00-05:00",48.65999984741211,48.65999984741211,48.33000183105469,48.33000183105469,48.33000183105469,21603
"PRGS","Progress Software Corporation - Common Stock","2021-12-27 12:30:00-05:00",48.3849983215332,48.45000076293945,48.29999923706055,48.29999923706055,48.29999923706055,11830
"PRGS","Progress Software Corporation - Common Stock","2021-12-27 13:30:00-05:00",48.29999923706055,48.38999938964844,48.27000045776367,48.369998931884766,48.369998931884766,11291
"PRGS","Progress Software Corporation - Common Stock","2021-12-27 14:30:00-05:00",48.369998931884766,48.7599983215332,48.369998931884766,48.7599983215332,48.7599983215332,18009
"PRGS","Progress Software Corporation - Common Stock","2021-12-27 15:30:00-05:00",48.77899932861328,48.85499954223633,48.619998931884766,48.79999923706055,48.79999923706055,32695
"PRGS","Progress Software Corporation - Common Stock","2021-12-27 16:00:00-05:00",48.76,48.76,48.0,48.76,48.76,0
"PRGS","Progress Software Corporation - Common Stock","2021-12-28 09:00:00-05:00",48.51,48.51,48.51,48.51,48.51,0
"PRGS","Progress Software Corporation - Common Stock","2021-12-28 09:30:00-05:00",48.709999084472656,48.93999862670898,48.5099983215332,48.790000915527344,48.790000915527344,8074
"PRGS","Progress Software Corporation - Common Stock","2021-12-28 10:30:00-05:00",48.790000915527344,48.87900161743164,48.400001525878906,48.61579895019531,48.61579895019531,63981
"PRGS","Progress Software Corporation - Common Stock","2021-12-28 11:30:00-05:00",48.59000015258789,49.06999969482422,48.540000915527344,49.0099983215332,49.0099983215332,24044
"PRGS","Progress Software Corporation - Common Stock","2021-12-28 12:30:00-05:00",49.00749969482422,49.00749969482422,48.84000015258789,48.90999984741211,48.90999984741211,12572
"PRGS","Progress Software Corporation - Common Stock","2021-12-28 13:30:00-05:00",48.88980102539063,49.06999969482422,48.79999923706055,49.06999969482422,49.06999969482422,17769
"PRGS","Progress Software Corporation - Common Stock","2021-12-28 14:30:00-05:00",49.05500030517578,49.16999816894531,49.02000045776367,49.16999816894531,49.16999816894531,21596
"PRGS","Progress Software Corporation - Common Stock","2021-12-28 15:30:00-05:00",49.16999816894531,49.27999877929688,49.02000045776367,49.09000015258789,49.09000015258789,32018
"PRGS","Progress Software Corporation - Common Stock","2021-12-28 16:00:00-05:00",49.05,49.05,49.05,49.05,49.05,0
"PRGS","Progress Software Corporation - Common Stock","2021-12-29 09:30:00-05:00",49.13999938964844,49.290000915527344,48.54999923706055,48.65999984741211,48.65999984741211,19444
"PRGS","Progress Software Corporation - Common Stock","2021-12-29 10:30:00-05:00",48.65999984741211,49.0,48.59000015258789,48.880001068115234,48.880001068115234,14932
"PRGS","Progress Software Corporation - Common Stock","2021-12-29 11:30:00-05:00",48.810001373291016,48.84000015258789,48.720001220703125,48.720001220703125,48.720001220703125,12209
"PRGS","Progress Software Corporation - Common Stock","2021-12-29 12:30:00-05:00",48.70000076293945,48.79399871826172,48.630001068115234,48.720001220703125,48.720001220703125,21390
"PRGS","Progress Software Corporation - Common Stock","2021-12-29 13:30:00-05:00",48.79999923706055,48.95000076293945,48.720001220703125,48.880001068115234,48.880001068115234,12712
"PRGS","Progress Software Corporation - Common Stock","2021-12-29 14:30:00-05:00",48.880001068115234,48.880001068115234,48.63999938964844,48.869998931884766,48.869998931884766,18334
"PRGS","Progress Software Corporation - Common Stock","2021-12-29 15:30:00-05:00",48.84000015258789,49.2400016784668,48.84000015258789,49.09999847412109,49.09999847412109,54255
"PRGS","Progress Software Corporation - Common Stock","2021-12-29 16:00:00-05:00",49.16,49.16,49.16,49.16,49.16,0
"PRGS","Progress Software Corporation - Common Stock","2021-12-29 17:00:00-05:00",49.42,49.42,49.42,49.42,49.42,0
"PRGS","Progress Software Corporation - Common Stock","2021-12-30 09:30:00-05:00",49.2400016784668,49.72999954223633,49.2400016784668,49.34999847412109,49.34999847412109,10873
"PRGS","Progress Software Corporation - Common Stock","2021-12-30 10:30:00-05:00",49.5,49.52999877929688,49.02999877929688,49.20000076293945,49.20000076293945,16046
"PRGS","Progress Software Corporation - Common Stock","2021-12-30 11:30:00-05:00",49.09999847412109,49.29999923706055,48.93999862670898,48.93999862670898,48.93999862670898,15705
"PRGS","Progress Software Corporation - Common Stock","2021-12-30 12:30:00-05:00",49.02000045776367,49.30500030517578,49.02000045776367,49.20500183105469,49.20500183105469,10533
"PRGS","Progress Software Corporation - Common Stock","2021-12-30 13:30:00-05:00",49.2400016784668,49.2599983215332,48.95000076293945,49.15999984741211,49.15999984741211,10732
"PRGS","Progress Software Corporation - Common Stock","2021-12-30 14:30:00-05:00",49.150001525878906,49.27000045776367,48.90999984741211,48.970001220703125,48.970001220703125,21426
"PRGS","Progress Software Corporation - Common Stock","2021-12-30 15:30:00-05:00",49.0,49.040000915527344,48.65999984741211,48.65999984741211,48.65999984741211,27052
"PRGS","Progress Software Corporation - Common Stock","2021-12-30 16:00:00-05:00",48.66,48.66,48.66,48.66,48.66,23427
