"ticker","name","date","open","high","low","close","adjusted close","volume"
"RKTA","Rocket Internet Growth Opportunities Corp. Class A Ordinary Shares","2021-05-13 12:30:00-04:00",9.989999771118164,9.989999771118164,9.899999618530272,9.899999618530272,9.899999618530272,211
"RKTA","Rocket Internet Growth Opportunities Corp. Class A Ordinary Shares","2021-05-14 09:30:00-04:00",9.899999618530272,9.899999618530272,9.899999618530272,9.899999618530272,9.899999618530272,0
"RKTA","Rocket Internet Growth Opportunities Corp. Class A Ordinary Shares","2021-05-14 12:30:00-04:00",9.80500030517578,9.899999618530272,9.80500030517578,9.899999618530272,9.899999618530272,750
"RKTA","Rocket Internet Growth Opportunities Corp. Class A Ordinary Shares","2021-05-14 13:30:00-04:00",9.899999618530272,9.899999618530272,9.899999618530272,9.899999618530272,9.899999618530272,641
"RKTA","Rocket Internet Growth Opportunities Corp. Class A Ordinary Shares","2021-05-17 09:30:00-04:00",9.899999618530272,9.899999618530272,9.899999618530272,9.899999618530272,9.899999618530272,0
"RKTA","Rocket Internet Growth Opportunities Corp. Class A Ordinary Shares","2021-05-18 09:30:00-04:00",9.899999618530272,9.899999618530272,9.899999618530272,9.899999618530272,9.899999618530272,42
"RKTA","Rocket Internet Growth Opportunities Corp. Class A Ordinary Shares","2021-05-19 09:30:00-04:00",9.699999809265137,9.699999809265137,9.699999809265137,9.699999809265137,9.699999809265137,0
"RKTA","Rocket Internet Growth Opportunities Corp. Class A Ordinary Shares","2021-05-19 11:30:00-04:00",10.199999809265137,10.199999809265137,10.199999809265137,10.199999809265137,10.199999809265137,223
"RKTA","Rocket Internet Growth Opportunities Corp. Class A Ordinary Shares","2021-05-19 13:30:00-04:00",10.699999809265137,10.699999809265137,10.199999809265137,10.199999809265137,10.199999809265137,428
"RKTA","Rocket Internet Growth Opportunities Corp. Class A Ordinary Shares","2021-05-19 15:30:00-04:00",10.1899995803833,10.1899995803833,10.1899995803833,10.1899995803833,10.1899995803833,111
"RKTA","Rocket Internet Growth Opportunities Corp. Class A Ordinary Shares","2021-05-20 09:30:00-04:00",10.0,10.0,9.699999809265137,9.699999809265137,9.699999809265137,1959
"RKTA","Rocket Internet Growth Opportunities Corp. Class A Ordinary Shares","2021-05-20 10:30:00-04:00",9.699999809265137,9.699999809265137,9.699999809265137,9.699999809265137,9.699999809265137,293
"RKTA","Rocket Internet Growth Opportunities Corp. Class A Ordinary Shares","2021-05-20 11:30:00-04:00",9.699999809265137,9.890000343322754,9.699999809265137,9.699999809265137,9.699999809265137,2200
"RKTA","Rocket Internet Growth Opportunities Corp. Class A Ordinary Shares","2021-05-20 12:30:00-04:00",9.699999809265137,9.699999809265137,9.699999809265137,9.699999809265137,9.699999809265137,4458
"RKTA","Rocket Internet Growth Opportunities Corp. Class A Ordinary Shares","2021-05-20 13:30:00-04:00",9.649999618530272,9.649999618530272,9.649999618530272,9.649999618530272,9.649999618530272,7707
"RKTA","Rocket Internet Growth Opportunities Corp. Class A Ordinary Shares","2021-05-20 15:30:00-04:00",9.649999618530272,9.649999618530272,9.600000381469728,9.600000381469728,9.600000381469728,7664
"RKTA","Rocket Internet Growth Opportunities Corp. Class A Ordinary Shares","2021-05-21 10:30:00-04:00",9.619999885559082,9.630000114440918,9.619999885559082,9.619999885559082,9.619999885559082,410
"RKTA","Rocket Internet Growth Opportunities Corp. Class A Ordinary Shares","2021-05-21 14:30:00-04:00",9.609999656677246,9.619999885559082,9.609999656677246,9.619999885559082,9.619999885559082,9800
"RKTA","Rocket Internet Growth Opportunities Corp. Class A Ordinary Shares","2021-05-24 14:30:00-04:00",9.649999618530272,9.68000030517578,9.649999618530272,9.68000030517578,9.68000030517578,402
"RKTA","Rocket Internet Growth Opportunities Corp. Class A Ordinary Shares","2021-05-26 09:30:00-04:00",9.8100004196167,9.8100004196167,9.7524995803833,9.800000190734863,9.800000190734863,1016
"RKTA","Rocket Internet Growth Opportunities Corp. Class A Ordinary Shares","2021-05-26 10:30:00-04:00",9.779999732971191,9.779999732971191,9.779999732971191,9.779999732971191,9.779999732971191,9409
"RKTA","Rocket Internet Growth Opportunities Corp. Class A Ordinary Shares","2021-05-27 09:30:00-04:00",9.779999732971191,9.779999732971191,9.779999732971191,9.779999732971191,9.779999732971191,0
"RKTA","Rocket Internet Growth Opportunities Corp. Class A Ordinary Shares","2021-06-01 09:30:00-04:00",9.779999732971191,9.779999732971191,9.779999732971191,9.779999732971191,9.779999732971191,0
"RKTA","Rocket Internet Growth Opportunities Corp. Class A Ordinary Shares","2021-06-02 09:30:00-04:00",9.710000038146973,9.710000038146973,9.710000038146973,9.710000038146973,9.710000038146973,0
"RKTA","Rocket Internet Growth Opportunities Corp. Class A Ordinary Shares","2021-06-02 11:30:00-04:00",9.710000038146973,9.710000038146973,9.710000038146973,9.710000038146973,9.710000038146973,193
"RKTA","Rocket Internet Growth Opportunities Corp. Class A Ordinary Shares","2021-06-02 13:30:00-04:00",9.71500015258789,9.71500015258789,9.71500015258789,9.71500015258789,9.71500015258789,210
"RKTA","Rocket Internet Growth Opportunities Corp. Class A Ordinary Shares","2021-06-02 14:30:00-04:00",9.710000038146973,9.720000267028809,9.699999809265137,9.699999809265137,9.699999809265137,1882
"RKTA","Rocket Internet Growth Opportunities Corp. Class A Ordinary Shares","2021-06-03 09:30:00-04:00",9.699999809265137,9.699999809265137,9.699999809265137,9.699999809265137,9.699999809265137,0
"RKTA","Rocket Internet Growth Opportunities Corp. Class A Ordinary Shares","2021-06-03 11:30:00-04:00",9.729999542236328,9.729999542236328,9.729999542236328,9.729999542236328,9.729999542236328,3012
"RKTA","Rocket Internet Growth Opportunities Corp. Class A Ordinary Shares","2021-06-04 10:30:00-04:00",9.670000076293944,9.670000076293944,9.649999618530272,9.649999618530272,9.649999618530272,272026
"RKTA","Rocket Internet Growth Opportunities Corp. Class A Ordinary Shares","2021-06-04 11:30:00-04:00",9.6899995803833,9.6899995803833,9.6899995803833,9.6899995803833,9.6899995803833,102
"RKTA","Rocket Internet Growth Opportunities Corp. Class A Ordinary Shares","2021-06-07 09:30:00-04:00",9.979999542236328,9.979999542236328,9.770000457763672,9.770000457763672,9.770000457763672,0
"RKTA","Rocket Internet Growth Opportunities Corp. Class A Ordinary Shares","2021-06-07 10:30:00-04:00",9.770000457763672,9.770000457763672,9.770000457763672,9.770000457763672,9.770000457763672,408
"RKTA","Rocket Internet Growth Opportunities Corp. Class A Ordinary Shares","2021-06-07 15:30:00-04:00",9.744999885559082,9.779999732971191,9.71500015258789,9.779999732971191,9.779999732971191,5618
"RKTA","Rocket Internet Growth Opportunities Corp. Class A Ordinary Shares","2021-06-07 16:00:00-04:00",10.25,10.25,10.25,10.25,10.25,7493
"RKTA","Rocket Internet Growth Opportunities Corp. Class A Ordinary Shares","2021-06-07 19:00:00-04:00",10.1,10.1,10.1,10.1,10.1,0
"RKTA","Rocket Internet Growth Opportunities Corp. Class A Ordinary Shares","2021-06-08 09:30:00-04:00",10.274999618530272,10.274999618530272,10.274999618530272,10.274999618530272,10.274999618530272,1373
"RKTA","Rocket Internet Growth Opportunities Corp. Class A Ordinary Shares","2021-06-08 10:30:00-04:00",10.020000457763672,10.020000457763672,9.800000190734863,9.8100004196167,9.8100004196167,2810
"RKTA","Rocket Internet Growth Opportunities Corp. Class A Ordinary Shares","2021-06-08 12:30:00-04:00",9.824999809265137,9.824999809265137,9.824999809265137,9.824999809265137,9.824999809265137,307
"RKTA","Rocket Internet Growth Opportunities Corp. Class A Ordinary Shares","2021-06-08 14:30:00-04:00",9.75,9.75,9.75,9.75,9.75,0
"RKTA","Rocket Internet Growth Opportunities Corp. Class A Ordinary Shares","2021-06-09 08:00:00-04:00",9.73,9.73,9.73,9.73,9.73,0
"RKTA","Rocket Internet Growth Opportunities Corp. Class A Ordinary Shares","2021-06-09 09:30:00-04:00",9.859999656677246,9.859999656677246,9.859999656677246,9.859999656677246,9.859999656677246,511
"RKTA","Rocket Internet Growth Opportunities Corp. Class A Ordinary Shares","2021-06-09 14:30:00-04:00",9.880000114440918,9.880000114440918,9.880000114440918,9.880000114440918,9.880000114440918,100
"RKTA","Rocket Internet Growth Opportunities Corp. Class A Ordinary Shares","2021-06-10 09:30:00-04:00",9.93000030517578,9.949999809265137,9.869999885559082,9.869999885559082,9.869999885559082,0
"RKTA","Rocket Internet Growth Opportunities Corp. Class A Ordinary Shares","2021-06-10 10:30:00-04:00",9.869999885559082,9.949999809265137,9.869999885559082,9.949999809265137,9.949999809265137,200
"RKTA","Rocket Internet Growth Opportunities Corp. Class A Ordinary Shares","2021-06-10 11:30:00-04:00",9.949999809265137,9.949999809265137,9.800000190734863,9.880000114440918,9.880000114440918,902
"RKTA","Rocket Internet Growth Opportunities Corp. Class A Ordinary Shares","2021-06-10 14:30:00-04:00",9.949999809265137,9.949999809265137,9.949999809265137,9.949999809265137,9.949999809265137,421
"RKTA","Rocket Internet Growth Opportunities Corp. Class A Ordinary Shares","2021-06-10 15:30:00-04:00",9.949999809265137,9.949999809265137,9.89900016784668,9.949999809265137,9.949999809265137,700
"RKTA","Rocket Internet Growth Opportunities Corp. Class A Ordinary Shares","2021-06-11 10:30:00-04:00",10.0,10.0,9.904999732971191,9.904999732971191,9.904999732971191,6853
"RKTA","Rocket Internet Growth Opportunities Corp. Class A Ordinary Shares","2021-06-11 14:30:00-04:00",9.84000015258789,9.84000015258789,9.84000015258789,9.84000015258789,9.84000015258789,600
"RKTA","Rocket Internet Growth Opportunities Corp. Class A Ordinary Shares","2021-06-11 15:30:00-04:00",9.84000015258789,9.84000015258789,9.84000015258789,9.84000015258789,9.84000015258789,200
"RKTA","Rocket Internet Growth Opportunities Corp. Class A Ordinary Shares","2021-06-14 10:30:00-04:00",9.8100004196167,9.949999809265137,9.8100004196167,9.949999809265137,9.949999809265137,0
"RKTA","Rocket Internet Growth Opportunities Corp. Class A Ordinary Shares","2021-06-14 12:30:00-04:00",9.670000076293944,9.670000076293944,9.670000076293944,9.670000076293944,9.670000076293944,100
"RKTA","Rocket Internet Growth Opportunities Corp. Class A Ordinary Shares","2021-06-14 13:30:00-04:00",9.68000030517578,9.68000030517578,9.68000030517578,9.68000030517578,9.68000030517578,500
"RKTA","Rocket Internet Growth Opportunities Corp. Class A Ordinary Shares","2021-06-14 14:30:00-04:00",9.6899995803833,9.710000038146973,9.6899995803833,9.710000038146973,9.710000038146973,1090
"RKTA","Rocket Internet Growth Opportunities Corp. Class A Ordinary Shares","2021-06-14 15:30:00-04:00",9.710000038146973,9.710000038146973,9.6899995803833,9.6899995803833,9.6899995803833,2522
"RKTA","Rocket Internet Growth Opportunities Corp. Class A Ordinary Shares","2021-06-14 16:00:00-04:00",9.6,9.68,9.6,9.68,9.68,0
"RKTA","Rocket Internet Growth Opportunities Corp. Class A Ordinary Shares","2021-06-15 09:30:00-04:00",9.770000457763672,9.770000457763672,9.770000457763672,9.770000457763672,9.770000457763672,303
"RKTA","Rocket Internet Growth Opportunities Corp. Class A Ordinary Shares","2021-06-15 10:30:00-04:00",9.770000457763672,9.770000457763672,9.770000457763672,9.770000457763672,9.770000457763672,1002
"RKTA","Rocket Internet Growth Opportunities Corp. Class A Ordinary Shares","2021-06-15 11:30:00-04:00",9.770000457763672,9.770000457763672,9.760000228881836,9.760000228881836,9.760000228881836,402
"RKTA","Rocket Internet Growth Opportunities Corp. Class A Ordinary Shares","2021-06-15 12:30:00-04:00",9.770000457763672,9.770000457763672,9.755000114440918,9.755000114440918,9.755000114440918,610
"RKTA","Rocket Internet Growth Opportunities Corp. Class A Ordinary Shares","2021-06-15 13:30:00-04:00",9.760000228881836,9.760000228881836,9.760000228881836,9.760000228881836,9.760000228881836,200
"RKTA","Rocket Internet Growth Opportunities Corp. Class A Ordinary Shares","2021-06-15 14:30:00-04:00",9.760000228881836,9.760000228881836,9.739999771118164,9.744999885559082,9.744999885559082,1000
"RKTA","Rocket Internet Growth Opportunities Corp. Class A Ordinary Shares","2021-06-15 15:30:00-04:00",9.760000228881836,9.770000457763672,9.760000228881836,9.770000457763672,9.770000457763672,400
"RKTA","Rocket Internet Growth Opportunities Corp. Class A Ordinary Shares","2021-06-17 09:30:00-04:00",9.800000190734863,9.800000190734863,9.800000190734863,9.800000190734863,9.800000190734863,0
"RKTA","Rocket Internet Growth Opportunities Corp. Class A Ordinary Shares","2021-06-17 13:30:00-04:00",9.789999961853027,9.789999961853027,9.739999771118164,9.739999771118164,9.739999771118164,5240
"RKTA","Rocket Internet Growth Opportunities Corp. Class A Ordinary Shares","2021-06-17 15:30:00-04:00",9.739999771118164,9.765000343322754,9.739999771118164,9.75,9.75,1262
"RKTA","Rocket Internet Growth Opportunities Corp. Class A Ordinary Shares","2021-06-18 09:30:00-04:00",9.770000457763672,9.770000457763672,9.770000457763672,9.770000457763672,9.770000457763672,0
"RKTA","Rocket Internet Growth Opportunities Corp. Class A Ordinary Shares","2021-06-18 11:30:00-04:00",9.720000267028809,9.720000267028809,9.720000267028809,9.720000267028809,9.720000267028809,259
"RKTA","Rocket Internet Growth Opportunities Corp. Class A Ordinary Shares","2021-06-18 12:30:00-04:00",9.720000267028809,9.720000267028809,9.6899995803833,9.6899995803833,9.6899995803833,877
"RKTA","Rocket Internet Growth Opportunities Corp. Class A Ordinary Shares","2021-06-18 15:30:00-04:00",9.710000038146973,9.720000267028809,9.710000038146973,9.720000267028809,9.720000267028809,722
"RKTA","Rocket Internet Growth Opportunities Corp. Class A Ordinary Shares","2021-06-21 09:30:00-04:00",9.859999656677246,9.859999656677246,9.8100004196167,9.8100004196167,9.8100004196167,0
"RKTA","Rocket Internet Growth Opportunities Corp. Class A Ordinary Shares","2021-06-21 10:30:00-04:00",9.760000228881836,9.760000228881836,9.760000228881836,9.760000228881836,9.760000228881836,1247
"RKTA","Rocket Internet Growth Opportunities Corp. Class A Ordinary Shares","2021-06-22 15:30:00-04:00",9.704999923706056,9.704999923706056,9.704999923706056,9.704999923706056,9.704999923706056,1116
"RKTA","Rocket Internet Growth Opportunities Corp. Class A Ordinary Shares","2021-06-25 09:30:00-04:00",9.640000343322754,9.6899995803833,9.640000343322754,9.6899995803833,9.6899995803833,1751
"RKTA","Rocket Internet Growth Opportunities Corp. Class A Ordinary Shares","2021-06-28 09:30:00-04:00",9.789999961853027,9.789999961853027,9.729999542236328,9.729999542236328,9.729999542236328,0
"RKTA","Rocket Internet Growth Opportunities Corp. Class A Ordinary Shares","2021-06-28 12:30:00-04:00",9.699999809265137,9.710000038146973,9.6850004196167,9.699999809265137,9.699999809265137,213008
"RKTA","Rocket Internet Growth Opportunities Corp. Class A Ordinary Shares","2021-06-28 15:30:00-04:00",9.699999809265137,9.739999771118164,9.6899995803833,9.6899995803833,9.6899995803833,20830
"RKTA","Rocket Internet Growth Opportunities Corp. Class A Ordinary Shares","2021-06-29 09:30:00-04:00",9.90999984741211,9.90999984741211,9.699999809265137,9.699999809265137,9.699999809265137,0
"RKTA","Rocket Internet Growth Opportunities Corp. Class A Ordinary Shares","2021-06-29 11:30:00-04:00",9.6899995803833,9.6899995803833,9.6899995803833,9.6899995803833,9.6899995803833,10002
"RKTA","Rocket Internet Growth Opportunities Corp. Class A Ordinary Shares","2021-06-29 14:30:00-04:00",9.699999809265137,9.699999809265137,9.699999809265137,9.699999809265137,9.699999809265137,169
"RKTA","Rocket Internet Growth Opportunities Corp. Class A Ordinary Shares","2021-07-01 09:30:00-04:00",9.710000038146973,9.710000038146973,9.710000038146973,9.710000038146973,9.710000038146973,0
"RKTA","Rocket Internet Growth Opportunities Corp. Class A Ordinary Shares","2021-07-01 12:30:00-04:00",9.65999984741211,9.65999984741211,9.649999618530272,9.649999618530272,9.649999618530272,2248
"RKTA","Rocket Internet Growth Opportunities Corp. Class A Ordinary Shares","2021-07-01 13:30:00-04:00",9.649999618530272,9.649999618530272,9.630000114440918,9.630000114440918,9.630000114440918,4938
"RKTA","Rocket Internet Growth Opportunities Corp. Class A Ordinary Shares","2021-07-01 14:30:00-04:00",9.609999656677246,9.649999618530272,9.609999656677246,9.649999618530272,9.649999618530272,19100
"RKTA","Rocket Internet Growth Opportunities Corp. Class A Ordinary Shares","2021-07-01 15:30:00-04:00",9.649999618530272,9.649999618530272,9.649999618530272,9.649999618530272,9.649999618530272,1500
"RKTA","Rocket Internet Growth Opportunities Corp. Class A Ordinary Shares","2021-07-02 09:30:00-04:00",9.65999984741211,9.65999984741211,9.65999984741211,9.65999984741211,9.65999984741211,0
"RKTA","Rocket Internet Growth Opportunities Corp. Class A Ordinary Shares","2021-07-02 10:30:00-04:00",9.670000076293944,9.68000030517578,9.65999984741211,9.65999984741211,9.65999984741211,21961
"RKTA","Rocket Internet Growth Opportunities Corp. Class A Ordinary Shares","2021-07-02 13:30:00-04:00",9.6899995803833,9.6899995803833,9.6899995803833,9.6899995803833,9.6899995803833,301
"RKTA","Rocket Internet Growth Opportunities Corp. Class A Ordinary Shares","2021-07-06 09:30:00-04:00",9.600000381469728,9.654999732971191,9.600000381469728,9.654999732971191,9.654999732971191,0
"RKTA","Rocket Internet Growth Opportunities Corp. Class A Ordinary Shares","2021-07-06 13:30:00-04:00",9.675000190734863,9.675000190734863,9.65999984741211,9.65999984741211,9.65999984741211,18948
"RKTA","Rocket Internet Growth Opportunities Corp. Class A Ordinary Shares","2021-07-07 09:30:00-04:00",9.699999809265137,9.699999809265137,9.699999809265137,9.699999809265137,9.699999809265137,0
"RKTA","Rocket Internet Growth Opportunities Corp. Class A Ordinary Shares","2021-07-07 11:30:00-04:00",9.68000030517578,9.68000030517578,9.68000030517578,9.68000030517578,9.68000030517578,0
"RKTA","Rocket Internet Growth Opportunities Corp. Class A Ordinary Shares","2021-07-08 09:00:00-04:00",9.61,9.61,9.61,9.61,9.61,0
"RKTA","Rocket Internet Growth Opportunities Corp. Class A Ordinary Shares","2021-07-08 12:30:00-04:00",9.670000076293944,9.670000076293944,9.670000076293944,9.670000076293944,9.670000076293944,20004
"RKTA","Rocket Internet Growth Opportunities Corp. Class A Ordinary Shares","2021-07-08 13:30:00-04:00",9.670000076293944,9.899999618530272,9.670000076293944,9.899999618530272,9.899999618530272,1036
"RKTA","Rocket Internet Growth Opportunities Corp. Class A Ordinary Shares","2021-07-08 14:30:00-04:00",9.850000381469728,9.850000381469728,9.699999809265137,9.770000457763672,9.770000457763672,4427
"RKTA","Rocket Internet Growth Opportunities Corp. Class A Ordinary Shares","2021-07-08 15:30:00-04:00",9.699999809265137,9.829999923706056,9.699999809265137,9.770000457763672,9.770000457763672,8090
"RKTA","Rocket Internet Growth Opportunities Corp. Class A Ordinary Shares","2021-07-09 10:30:00-04:00",9.770000457763672,9.770000457763672,9.770000457763672,9.770000457763672,9.770000457763672,2
"RKTA","Rocket Internet Growth Opportunities Corp. Class A Ordinary Shares","2021-07-09 13:30:00-04:00",9.850000381469728,9.850000381469728,9.850000381469728,9.850000381469728,9.850000381469728,108
"RKTA","Rocket Internet Growth Opportunities Corp. Class A Ordinary Shares","2021-07-12 09:30:00-04:00",9.739999771118164,9.739999771118164,9.739999771118164,9.739999771118164,9.739999771118164,0
"RKTA","Rocket Internet Growth Opportunities Corp. Class A Ordinary Shares","2021-07-13 09:30:00-04:00",9.649999618530272,9.720999717712402,9.649999618530272,9.699999809265137,9.699999809265137,2447
"RKTA","Rocket Internet Growth Opportunities Corp. Class A Ordinary Shares","2021-07-13 10:30:00-04:00",9.734999656677246,9.734999656677246,9.734999656677246,9.734999656677246,9.734999656677246,202
"RKTA","Rocket Internet Growth Opportunities Corp. Class A Ordinary Shares","2021-07-13 12:30:00-04:00",9.760000228881836,9.760000228881836,9.760000228881836,9.760000228881836,9.760000228881836,400
"RKTA","Rocket Internet Growth Opportunities Corp. Class A Ordinary Shares","2021-07-13 13:30:00-04:00",9.800000190734863,9.800000190734863,9.800000190734863,9.800000190734863,9.800000190734863,100
"RKTA","Rocket Internet Growth Opportunities Corp. Class A Ordinary Shares","2021-07-13 15:30:00-04:00",9.75,9.75,9.75,9.75,9.75,100
"RKTA","Rocket Internet Growth Opportunities Corp. Class A Ordinary Shares","2021-07-14 10:30:00-04:00",9.720000267028809,9.720000267028809,9.670000076293944,9.699999809265137,9.699999809265137,11322
"RKTA","Rocket Internet Growth Opportunities Corp. Class A Ordinary Shares","2021-07-14 11:30:00-04:00",9.699999809265137,9.710000038146973,9.675000190734863,9.710000038146973,9.710000038146973,3831
"RKTA","Rocket Internet Growth Opportunities Corp. Class A Ordinary Shares","2021-07-14 12:30:00-04:00",9.699999809265137,9.699999809265137,9.699999809265137,9.699999809265137,9.699999809265137,300
"RKTA","Rocket Internet Growth Opportunities Corp. Class A Ordinary Shares","2021-07-14 13:30:00-04:00",9.699999809265137,9.710000038146973,9.699999809265137,9.710000038146973,9.710000038146973,1315
"RKTA","Rocket Internet Growth Opportunities Corp. Class A Ordinary Shares","2021-07-14 14:30:00-04:00",9.699999809265137,9.710000038146973,9.6850004196167,9.710000038146973,9.710000038146973,1430
"RKTA","Rocket Internet Growth Opportunities Corp. Class A Ordinary Shares","2021-07-14 15:30:00-04:00",9.699999809265137,9.710000038146973,9.699999809265137,9.710000038146973,9.710000038146973,803
"RKTA","Rocket Internet Growth Opportunities Corp. Class A Ordinary Shares","2021-07-19 09:30:00-04:00",9.640000343322754,9.65999984741211,9.640000343322754,9.65999984741211,9.65999984741211,0
"RKTA","Rocket Internet Growth Opportunities Corp. Class A Ordinary Shares","2021-07-22 09:30:00-04:00",9.649999618530272,9.65999984741211,9.649999618530272,9.65999984741211,9.65999984741211,0
"RKTA","Rocket Internet Growth Opportunities Corp. Class A Ordinary Shares","2021-07-23 15:30:00-04:00",9.678799629211426,9.678799629211426,9.678799629211426,9.678799629211426,9.678799629211426,304
"RKTA","Rocket Internet Growth Opportunities Corp. Class A Ordinary Shares","2021-07-26 10:30:00-04:00",9.779999732971191,9.779999732971191,9.779999732971191,9.779999732971191,9.779999732971191,1
"RKTA","Rocket Internet Growth Opportunities Corp. Class A Ordinary Shares","2021-07-27 09:30:00-04:00",9.670000076293944,9.670000076293944,9.670000076293944,9.670000076293944,9.670000076293944,0
"RKTA","Rocket Internet Growth Opportunities Corp. Class A Ordinary Shares","2021-07-28 13:30:00-04:00",9.65999984741211,9.65999984741211,9.649999618530272,9.649999618530272,9.649999618530272,2897
"RKTA","Rocket Internet Growth Opportunities Corp. Class A Ordinary Shares","2021-07-28 15:30:00-04:00",9.649999618530272,9.649999618530272,9.649999618530272,9.649999618530272,9.649999618530272,222
"RKTA","Rocket Internet Growth Opportunities Corp. Class A Ordinary Shares","2021-07-29 09:30:00-04:00",9.800000190734863,9.800000190734863,9.6899995803833,9.6899995803833,9.6899995803833,0
"RKTA","Rocket Internet Growth Opportunities Corp. Class A Ordinary Shares","2021-08-02 09:30:00-04:00",9.640000343322754,9.640000343322754,9.640000343322754,9.640000343322754,9.640000343322754,0
"RKTA","Rocket Internet Growth Opportunities Corp. Class A Ordinary Shares","2021-08-03 09:30:00-04:00",9.645000457763672,9.65999984741211,9.600000381469728,9.649999618530272,9.649999618530272,127091
"RKTA","Rocket Internet Growth Opportunities Corp. Class A Ordinary Shares","2021-08-03 10:30:00-04:00",9.649999618530272,9.649999618530272,9.640000343322754,9.640000343322754,9.640000343322754,10400
"RKTA","Rocket Internet Growth Opportunities Corp. Class A Ordinary Shares","2021-08-03 11:30:00-04:00",9.640000343322754,9.649999618530272,9.640000343322754,9.649999618530272,9.649999618530272,13100
"RKTA","Rocket Internet Growth Opportunities Corp. Class A Ordinary Shares","2021-08-03 12:30:00-04:00",9.649999618530272,9.65999984741211,9.649999618530272,9.65999984741211,9.65999984741211,5602
"RKTA","Rocket Internet Growth Opportunities Corp. Class A Ordinary Shares","2021-08-03 14:30:00-04:00",9.65999984741211,9.65999984741211,9.649999618530272,9.649999618530272,9.649999618530272,0
"RKTA","Rocket Internet Growth Opportunities Corp. Class A Ordinary Shares","2021-08-06 09:30:00-04:00",9.699999809265137,9.699999809265137,9.699999809265137,9.699999809265137,9.699999809265137,0
"RKTA","Rocket Internet Growth Opportunities Corp. Class A Ordinary Shares","2021-08-09 09:30:00-04:00",9.699999809265137,9.699999809265137,9.699999809265137,9.699999809265137,9.699999809265137,0
"RKTA","Rocket Internet Growth Opportunities Corp. Class A Ordinary Shares","2021-08-09 12:30:00-04:00",9.65999984741211,9.65999984741211,9.65999984741211,9.65999984741211,9.65999984741211,1430
"RKTA","Rocket Internet Growth Opportunities Corp. Class A Ordinary Shares","2021-08-10 09:30:00-04:00",9.699999809265137,9.699999809265137,9.699999809265137,9.699999809265137,9.699999809265137,0
"RKTA","Rocket Internet Growth Opportunities Corp. Class A Ordinary Shares","2021-08-11 09:30:00-04:00",9.699999809265137,9.699999809265137,9.699999809265137,9.699999809265137,9.699999809265137,0
"RKTA","Rocket Internet Growth Opportunities Corp. Class A Ordinary Shares","2021-08-11 12:30:00-04:00",9.6899995803833,9.710000038146973,9.6899995803833,9.710000038146973,9.710000038146973,2805
"RKTA","Rocket Internet Growth Opportunities Corp. Class A Ordinary Shares","2021-08-11 13:30:00-04:00",9.6899995803833,9.6899995803833,9.6899995803833,9.6899995803833,9.6899995803833,907
"RKTA","Rocket Internet Growth Opportunities Corp. Class A Ordinary Shares","2021-08-11 15:30:00-04:00",9.6899995803833,9.710000038146973,9.6899995803833,9.710000038146973,9.710000038146973,400
"RKTA","Rocket Internet Growth Opportunities Corp. Class A Ordinary Shares","2021-08-12 09:30:00-04:00",9.6899995803833,9.6899995803833,9.6899995803833,9.6899995803833,9.6899995803833,0
"RKTA","Rocket Internet Growth Opportunities Corp. Class A Ordinary Shares","2021-08-12 10:30:00-04:00",9.6899995803833,9.6899995803833,9.6899995803833,9.6899995803833,9.6899995803833,481
"RKTA","Rocket Internet Growth Opportunities Corp. Class A Ordinary Shares","2021-08-12 11:30:00-04:00",9.699999809265137,9.699999809265137,9.691800117492676,9.691800117492676,9.691800117492676,410
"RKTA","Rocket Internet Growth Opportunities Corp. Class A Ordinary Shares","2021-08-12 12:30:00-04:00",9.708000183105469,9.708000183105469,9.708000183105469,9.708000183105469,9.708000183105469,112
"RKTA","Rocket Internet Growth Opportunities Corp. Class A Ordinary Shares","2021-08-12 15:30:00-04:00",9.710000038146973,9.710000038146973,9.710000038146973,9.710000038146973,9.710000038146973,121
"RKTA","Rocket Internet Growth Opportunities Corp. Class A Ordinary Shares","2021-08-13 09:30:00-04:00",9.710000038146973,9.720000267028809,9.690600395202637,9.690600395202637,9.690600395202637,0
"RKTA","Rocket Internet Growth Opportunities Corp. Class A Ordinary Shares","2021-08-13 10:30:00-04:00",9.6983003616333,9.6983003616333,9.6983003616333,9.6983003616333,9.6983003616333,112
"RKTA","Rocket Internet Growth Opportunities Corp. Class A Ordinary Shares","2021-08-13 15:30:00-04:00",9.729999542236328,9.729999542236328,9.729999542236328,9.729999542236328,9.729999542236328,100
"RKTA","Rocket Internet Growth Opportunities Corp. Class A Ordinary Shares","2021-08-16 09:30:00-04:00",9.75,9.75,9.704099655151367,9.704099655151367,9.704099655151367,255
"RKTA","Rocket Internet Growth Opportunities Corp. Class A Ordinary Shares","2021-08-16 13:30:00-04:00",9.75,9.75,9.75,9.75,9.75,101
"RKTA","Rocket Internet Growth Opportunities Corp. Class A Ordinary Shares","2021-08-17 09:30:00-04:00",9.75,9.75,9.75,9.75,9.75,0
"RKTA","Rocket Internet Growth Opportunities Corp. Class A Ordinary Shares","2021-08-17 13:30:00-04:00",9.70009994506836,9.70009994506836,9.70009994506836,9.70009994506836,9.70009994506836,0
"RKTA","Rocket Internet Growth Opportunities Corp. Class A Ordinary Shares","2021-08-17 16:00:00-04:00",9.75,9.75,9.75,9.75,9.75,0
"RKTA","Rocket Internet Growth Opportunities Corp. Class A Ordinary Shares","2021-08-20 09:30:00-04:00",9.630000114440918,9.630000114440918,9.630000114440918,9.630000114440918,9.630000114440918,110
"RKTA","Rocket Internet Growth Opportunities Corp. Class A Ordinary Shares","2021-08-23 09:30:00-04:00",9.649999618530272,9.699999809265137,9.630000114440918,9.630000114440918,9.630000114440918,56542
"RKTA","Rocket Internet Growth Opportunities Corp. Class A Ordinary Shares","2021-08-23 10:30:00-04:00",9.69499969482422,9.69499969482422,9.6899995803833,9.6899995803833,9.6899995803833,1100
"RKTA","Rocket Internet Growth Opportunities Corp. Class A Ordinary Shares","2021-08-23 11:30:00-04:00",9.6899995803833,9.760000228881836,9.649999618530272,9.75,9.75,193848
"RKTA","Rocket Internet Growth Opportunities Corp. Class A Ordinary Shares","2021-08-23 12:30:00-04:00",9.75,9.75,9.729999542236328,9.729999542236328,9.729999542236328,1001
"RKTA","Rocket Internet Growth Opportunities Corp. Class A Ordinary Shares","2021-08-23 13:30:00-04:00",9.729999542236328,9.729999542236328,9.670000076293944,9.699999809265137,9.699999809265137,1405
"RKTA","Rocket Internet Growth Opportunities Corp. Class A Ordinary Shares","2021-08-23 14:30:00-04:00",9.699999809265137,9.699999809265137,9.699999809265137,9.699999809265137,9.699999809265137,1400
"RKTA","Rocket Internet Growth Opportunities Corp. Class A Ordinary Shares","2021-08-23 15:30:00-04:00",9.699999809265137,9.699999809265137,9.699999809265137,9.699999809265137,9.699999809265137,700
"RKTA","Rocket Internet Growth Opportunities Corp. Class A Ordinary Shares","2021-08-24 09:30:00-04:00",9.699999809265137,9.699999809265137,9.6899995803833,9.6899995803833,9.6899995803833,0
"RKTA","Rocket Internet Growth Opportunities Corp. Class A Ordinary Shares","2021-08-24 15:30:00-04:00",9.699999809265137,9.699999809265137,9.699999809265137,9.699999809265137,9.699999809265137,102
"RKTA","Rocket Internet Growth Opportunities Corp. Class A Ordinary Shares","2021-08-26 09:30:00-04:00",9.699999809265137,9.699999809265137,9.649999618530272,9.649999618530272,9.649999618530272,217
"RKTA","Rocket Internet Growth Opportunities Corp. Class A Ordinary Shares","2021-08-26 14:30:00-04:00",9.699999809265137,9.699999809265137,9.699999809265137,9.699999809265137,9.699999809265137,100
"RKTA","Rocket Internet Growth Opportunities Corp. Class A Ordinary Shares","2021-08-26 15:30:00-04:00",9.699999809265137,9.699999809265137,9.699999809265137,9.699999809265137,9.699999809265137,100
"RKTA","Rocket Internet Growth Opportunities Corp. Class A Ordinary Shares","2021-08-30 09:30:00-04:00",9.699999809265137,9.699999809265137,9.699999809265137,9.699999809265137,9.699999809265137,0
"RKTA","Rocket Internet Growth Opportunities Corp. Class A Ordinary Shares","2021-08-30 14:30:00-04:00",9.6899995803833,9.6899995803833,9.680800437927246,9.680800437927246,9.680800437927246,400
"RKTA","Rocket Internet Growth Opportunities Corp. Class A Ordinary Shares","2021-08-30 15:30:00-04:00",9.649999618530272,9.649999618530272,9.649999618530272,9.649999618530272,9.649999618530272,100
"RKTA","Rocket Internet Growth Opportunities Corp. Class A Ordinary Shares","2021-09-07 09:30:00-04:00",9.649999618530272,9.649999618530272,9.649999618530272,9.649999618530272,9.649999618530272,0
"RKTA","Rocket Internet Growth Opportunities Corp. Class A Ordinary Shares","2021-09-07 13:30:00-04:00",9.640000343322754,9.68000030517578,9.640000343322754,9.68000030517578,9.68000030517578,7072
"RKTA","Rocket Internet Growth Opportunities Corp. Class A Ordinary Shares","2021-09-07 14:30:00-04:00",9.68000030517578,9.699999809265137,9.68000030517578,9.699999809265137,9.699999809265137,400
"RKTA","Rocket Internet Growth Opportunities Corp. Class A Ordinary Shares","2021-09-07 15:30:00-04:00",9.699999809265137,9.710000038146973,9.6899995803833,9.699999809265137,9.699999809265137,1619
"RKTA","Rocket Internet Growth Opportunities Corp. Class A Ordinary Shares","2021-09-09 09:30:00-04:00",9.710000038146973,9.720000267028809,9.699999809265137,9.699999809265137,9.699999809265137,0
"RKTA","Rocket Internet Growth Opportunities Corp. Class A Ordinary Shares","2021-09-10 09:30:00-04:00",9.699999809265137,9.70009994506836,9.699999809265137,9.699999809265137,9.699999809265137,91
"RKTA","Rocket Internet Growth Opportunities Corp. Class A Ordinary Shares","2021-09-10 14:30:00-04:00",9.739999771118164,9.739999771118164,9.739999771118164,9.739999771118164,9.739999771118164,152
"RKTA","Rocket Internet Growth Opportunities Corp. Class A Ordinary Shares","2021-09-13 09:30:00-04:00",9.760000228881836,9.760000228881836,9.760000228881836,9.760000228881836,9.760000228881836,0
"RKTA","Rocket Internet Growth Opportunities Corp. Class A Ordinary Shares","2021-09-13 15:30:00-04:00",9.6899995803833,9.6899995803833,9.6899995803833,9.6899995803833,9.6899995803833,182
"RKTA","Rocket Internet Growth Opportunities Corp. Class A Ordinary Shares","2021-09-14 09:30:00-04:00",9.65999984741211,9.65999984741211,9.65999984741211,9.65999984741211,9.65999984741211,0
"RKTA","Rocket Internet Growth Opportunities Corp. Class A Ordinary Shares","2021-09-14 13:30:00-04:00",9.699999809265137,9.699999809265137,9.699999809265137,9.699999809265137,9.699999809265137,100001
"RKTA","Rocket Internet Growth Opportunities Corp. Class A Ordinary Shares","2021-09-15 14:30:00-04:00",9.720000267028809,9.720000267028809,9.720000267028809,9.720000267028809,9.720000267028809,626
"RKTA","Rocket Internet Growth Opportunities Corp. Class A Ordinary Shares","2021-09-15 15:30:00-04:00",9.720000267028809,9.729999542236328,9.720000267028809,9.720000267028809,9.720000267028809,605
"RKTA","Rocket Internet Growth Opportunities Corp. Class A Ordinary Shares","2021-09-16 09:30:00-04:00",9.649999618530272,9.649999618530272,9.649999618530272,9.649999618530272,9.649999618530272,0
"RKTA","Rocket Internet Growth Opportunities Corp. Class A Ordinary Shares","2021-09-16 10:30:00-04:00",9.699999809265137,9.699999809265137,9.6899995803833,9.699999809265137,9.699999809265137,277134
"RKTA","Rocket Internet Growth Opportunities Corp. Class A Ordinary Shares","2021-09-16 11:30:00-04:00",9.710000038146973,9.710000038146973,9.704999923706056,9.704999923706056,9.704999923706056,545
"RKTA","Rocket Internet Growth Opportunities Corp. Class A Ordinary Shares","2021-09-16 12:30:00-04:00",9.704999923706056,9.710000038146973,9.69499969482422,9.710000038146973,9.710000038146973,208598
"RKTA","Rocket Internet Growth Opportunities Corp. Class A Ordinary Shares","2021-09-16 13:30:00-04:00",9.720000267028809,9.760000228881836,9.720000267028809,9.760000228881836,9.760000228881836,6102
"RKTA","Rocket Internet Growth Opportunities Corp. Class A Ordinary Shares","2021-09-16 14:30:00-04:00",9.760000228881836,9.760000228881836,9.75,9.760000228881836,9.760000228881836,3922
"RKTA","Rocket Internet Growth Opportunities Corp. Class A Ordinary Shares","2021-09-16 15:30:00-04:00",9.75,9.760000228881836,9.75,9.760000228881836,9.760000228881836,5316
"RKTA","Rocket Internet Growth Opportunities Corp. Class A Ordinary Shares","2021-09-16 16:00:00-04:00",9.76,9.76,9.76,9.76,9.76,0
"RKTA","Rocket Internet Growth Opportunities Corp. Class A Ordinary Shares","2021-09-17 14:30:00-04:00",9.739999771118164,9.739999771118164,9.739999771118164,9.739999771118164,9.739999771118164,1100
"RKTA","Rocket Internet Growth Opportunities Corp. Class A Ordinary Shares","2021-09-17 15:30:00-04:00",9.770000457763672,9.770000457763672,9.760000228881836,9.770000457763672,9.770000457763672,13341
"RKTA","Rocket Internet Growth Opportunities Corp. Class A Ordinary Shares","2021-09-17 16:00:00-04:00",9.77,9.77,9.77,9.77,9.77,309
"RKTA","Rocket Internet Growth Opportunities Corp. Class A Ordinary Shares","2021-09-21 13:30:00-04:00",9.748000144958496,9.748000144958496,9.748000144958496,9.748000144958496,9.748000144958496,0
"RKTA","Rocket Internet Growth Opportunities Corp. Class A Ordinary Shares","2021-09-22 09:30:00-04:00",9.65999984741211,9.65999984741211,9.65999984741211,9.65999984741211,9.65999984741211,0
"RKTA","Rocket Internet Growth Opportunities Corp. Class A Ordinary Shares","2021-09-22 11:30:00-04:00",9.710000038146973,9.710000038146973,9.710000038146973,9.710000038146973,9.710000038146973,200
"RKTA","Rocket Internet Growth Opportunities Corp. Class A Ordinary Shares","2021-09-22 12:30:00-04:00",9.720000267028809,9.720000267028809,9.720000267028809,9.720000267028809,9.720000267028809,629
"RKTA","Rocket Internet Growth Opportunities Corp. Class A Ordinary Shares","2021-09-22 13:30:00-04:00",9.75,9.75,9.75,9.75,9.75,100
"RKTA","Rocket Internet Growth Opportunities Corp. Class A Ordinary Shares","2021-09-22 15:30:00-04:00",9.75,9.75,9.75,9.75,9.75,100
"RKTA","Rocket Internet Growth Opportunities Corp. Class A Ordinary Shares","2021-09-23 09:30:00-04:00",9.770000457763672,9.770000457763672,9.770000457763672,9.770000457763672,9.770000457763672,0
"RKTA","Rocket Internet Growth Opportunities Corp. Class A Ordinary Shares","2021-09-23 10:30:00-04:00",9.720000267028809,9.720000267028809,9.720000267028809,9.720000267028809,9.720000267028809,694
"RKTA","Rocket Internet Growth Opportunities Corp. Class A Ordinary Shares","2021-09-23 11:30:00-04:00",9.6899995803833,9.6899995803833,9.6899995803833,9.6899995803833,9.6899995803833,570
"RKTA","Rocket Internet Growth Opportunities Corp. Class A Ordinary Shares","2021-09-23 12:30:00-04:00",9.75,9.75,9.75,9.75,9.75,112
"RKTA","Rocket Internet Growth Opportunities Corp. Class A Ordinary Shares","2021-09-23 15:30:00-04:00",9.760000228881836,9.760000228881836,9.760000228881836,9.760000228881836,9.760000228881836,100
"RKTA","Rocket Internet Growth Opportunities Corp. Class A Ordinary Shares","2021-09-27 09:30:00-04:00",9.6899995803833,9.6899995803833,9.6899995803833,9.6899995803833,9.6899995803833,0
"RKTA","Rocket Internet Growth Opportunities Corp. Class A Ordinary Shares","2021-09-27 11:30:00-04:00",9.75,9.75,9.65999984741211,9.65999984741211,9.65999984741211,928
"RKTA","Rocket Internet Growth Opportunities Corp. Class A Ordinary Shares","2021-09-27 12:30:00-04:00",9.739999771118164,9.739999771118164,9.739999771118164,9.739999771118164,9.739999771118164,123
"RKTA","Rocket Internet Growth Opportunities Corp. Class A Ordinary Shares","2021-09-27 13:30:00-04:00",9.739999771118164,9.739999771118164,9.739999771118164,9.739999771118164,9.739999771118164,208
"RKTA","Rocket Internet Growth Opportunities Corp. Class A Ordinary Shares","2021-09-27 15:30:00-04:00",9.739999771118164,9.739999771118164,9.739999771118164,9.739999771118164,9.739999771118164,100
"RKTA","Rocket Internet Growth Opportunities Corp. Class A Ordinary Shares","2021-09-28 09:30:00-04:00",9.65999984741211,9.65999984741211,9.65999984741211,9.65999984741211,9.65999984741211,0
"RKTA","Rocket Internet Growth Opportunities Corp. Class A Ordinary Shares","2021-09-28 14:30:00-04:00",9.710000038146973,9.710000038146973,9.710000038146973,9.710000038146973,9.710000038146973,102
"RKTA","Rocket Internet Growth Opportunities Corp. Class A Ordinary Shares","2021-09-29 16:00:00-04:00",9.31,9.31,9.31,9.31,9.31,0
"RKTA","Rocket Internet Growth Opportunities Corp. Class A Ordinary Shares","2021-10-04 09:30:00-04:00",9.770000457763672,9.770000457763672,9.770000457763672,9.770000457763672,9.770000457763672,0
"RKTA","Rocket Internet Growth Opportunities Corp. Class A Ordinary Shares","2021-10-04 11:30:00-04:00",9.760000228881836,9.779999732971191,9.760000228881836,9.770000457763672,9.770000457763672,401800
"RKTA","Rocket Internet Growth Opportunities Corp. Class A Ordinary Shares","2021-10-04 12:30:00-04:00",9.760000228881836,9.770000457763672,9.760000228881836,9.770000457763672,9.770000457763672,202
"RKTA","Rocket Internet Growth Opportunities Corp. Class A Ordinary Shares","2021-10-04 13:30:00-04:00",9.770000457763672,9.770000457763672,9.770000457763672,9.770000457763672,9.770000457763672,200
"RKTA","Rocket Internet Growth Opportunities Corp. Class A Ordinary Shares","2021-10-04 15:30:00-04:00",9.760000228881836,9.770000457763672,9.720000267028809,9.720000267028809,9.720000267028809,2532
"RKTA","Rocket Internet Growth Opportunities Corp. Class A Ordinary Shares","2021-10-05 09:30:00-04:00",9.720000267028809,9.720000267028809,9.720000267028809,9.720000267028809,9.720000267028809,0
"RKTA","Rocket Internet Growth Opportunities Corp. Class A Ordinary Shares","2021-10-05 14:30:00-04:00",9.75,9.75,9.75,9.75,9.75,208
"RKTA","Rocket Internet Growth Opportunities Corp. Class A Ordinary Shares","2021-10-05 15:30:00-04:00",9.75,9.75,9.75,9.75,9.75,109
"RKTA","Rocket Internet Growth Opportunities Corp. Class A Ordinary Shares","2021-10-06 09:30:00-04:00",9.68000030517578,9.68000030517578,9.68000030517578,9.68000030517578,9.68000030517578,0
"RKTA","Rocket Internet Growth Opportunities Corp. Class A Ordinary Shares","2021-10-06 13:30:00-04:00",9.720000267028809,9.720000267028809,9.720000267028809,9.720000267028809,9.720000267028809,8152
"RKTA","Rocket Internet Growth Opportunities Corp. Class A Ordinary Shares","2021-10-06 14:30:00-04:00",9.739999771118164,9.739999771118164,9.739999771118164,9.739999771118164,9.739999771118164,256
"RKTA","Rocket Internet Growth Opportunities Corp. Class A Ordinary Shares","2021-10-06 15:30:00-04:00",9.690199851989746,9.75,9.690199851989746,9.739999771118164,9.739999771118164,746
"RKTA","Rocket Internet Growth Opportunities Corp. Class A Ordinary Shares","2021-10-07 09:30:00-04:00",9.75,9.75,9.75,9.75,9.75,0
"RKTA","Rocket Internet Growth Opportunities Corp. Class A Ordinary Shares","2021-10-07 15:30:00-04:00",9.75,9.75,9.75,9.75,9.75,604
"RKTA","Rocket Internet Growth Opportunities Corp. Class A Ordinary Shares","2021-10-11 09:30:00-04:00",9.75,9.75,9.75,9.75,9.75,300138
"RKTA","Rocket Internet Growth Opportunities Corp. Class A Ordinary Shares","2021-10-11 14:30:00-04:00",9.75,9.760000228881836,9.75,9.760000228881836,9.760000228881836,86457
"RKTA","Rocket Internet Growth Opportunities Corp. Class A Ordinary Shares","2021-10-11 15:30:00-04:00",9.760000228881836,9.760000228881836,9.760000228881836,9.760000228881836,9.760000228881836,4108
"RKTA","Rocket Internet Growth Opportunities Corp. Class A Ordinary Shares","2021-10-14 09:30:00-04:00",9.760000228881836,9.760000228881836,9.760000228881836,9.760000228881836,9.760000228881836,0
"RKTA","Rocket Internet Growth Opportunities Corp. Class A Ordinary Shares","2021-10-18 09:30:00-04:00",9.6899995803833,9.6899995803833,9.6899995803833,9.6899995803833,9.6899995803833,12
"RKTA","Rocket Internet Growth Opportunities Corp. Class A Ordinary Shares","2021-10-18 15:30:00-04:00",9.729999542236328,9.729999542236328,9.729999542236328,9.729999542236328,9.729999542236328,100
"RKTA","Rocket Internet Growth Opportunities Corp. Class A Ordinary Shares","2021-10-20 09:30:00-04:00",9.760000228881836,9.760000228881836,9.760000228881836,9.760000228881836,9.760000228881836,0
"RKTA","Rocket Internet Growth Opportunities Corp. Class A Ordinary Shares","2021-10-27 09:30:00-04:00",9.720000267028809,9.720000267028809,9.720000267028809,9.720000267028809,9.720000267028809,401
"RKTA","Rocket Internet Growth Opportunities Corp. Class A Ordinary Shares","2021-10-27 10:30:00-04:00",9.760000228881836,9.760000228881836,9.760000228881836,9.760000228881836,9.760000228881836,10029
"RKTA","Rocket Internet Growth Opportunities Corp. Class A Ordinary Shares","2021-10-27 11:30:00-04:00",9.760000228881836,9.760000228881836,9.760000228881836,9.760000228881836,9.760000228881836,303
"RKTA","Rocket Internet Growth Opportunities Corp. Class A Ordinary Shares","2021-10-27 14:30:00-04:00",9.770000457763672,9.770000457763672,9.770000457763672,9.770000457763672,9.770000457763672,200
"RKTA","Rocket Internet Growth Opportunities Corp. Class A Ordinary Shares","2021-10-27 15:30:00-04:00",9.770000457763672,9.770000457763672,9.760000228881836,9.760000228881836,9.760000228881836,700
"RKTA","Rocket Internet Growth Opportunities Corp. Class A Ordinary Shares","2021-10-28 09:30:00-04:00",9.770000457763672,9.770000457763672,9.770000457763672,9.770000457763672,9.770000457763672,0
"RKTA","Rocket Internet Growth Opportunities Corp. Class A Ordinary Shares","2021-10-29 09:30:00-04:00",9.770000457763672,9.770000457763672,9.770000457763672,9.770000457763672,9.770000457763672,47
"RKTA","Rocket Internet Growth Opportunities Corp. Class A Ordinary Shares","2021-10-29 11:30:00-04:00",9.760000228881836,9.760000228881836,9.760000228881836,9.760000228881836,9.760000228881836,6206
"RKTA","Rocket Internet Growth Opportunities Corp. Class A Ordinary Shares","2021-10-29 12:30:00-04:00",9.760000228881836,9.760000228881836,9.760000228881836,9.760000228881836,9.760000228881836,4350
"RKTA","Rocket Internet Growth Opportunities Corp. Class A Ordinary Shares","2021-10-29 13:30:00-04:00",9.760000228881836,9.760000228881836,9.760000228881836,9.760000228881836,9.760000228881836,5413
"RKTA","Rocket Internet Growth Opportunities Corp. Class A Ordinary Shares","2021-10-29 14:30:00-04:00",9.770000457763672,9.770000457763672,9.770000457763672,9.770000457763672,9.770000457763672,859
"RKTA","Rocket Internet Growth Opportunities Corp. Class A Ordinary Shares","2021-10-29 15:30:00-04:00",9.770000457763672,9.770000457763672,9.770000457763672,9.770000457763672,9.770000457763672,377
"RKTA","Rocket Internet Growth Opportunities Corp. Class A Ordinary Shares","2021-10-29 16:00:00-04:00",9.77,9.77,9.77,9.77,9.77,219
"RKTA","Rocket Internet Growth Opportunities Corp. Class A Ordinary Shares","2021-11-01 09:30:00-04:00",9.770000457763672,9.770000457763672,9.75,9.75,9.75,0
"RKTA","Rocket Internet Growth Opportunities Corp. Class A Ordinary Shares","2021-11-01 10:30:00-04:00",9.770000457763672,9.770000457763672,9.770000457763672,9.770000457763672,9.770000457763672,111
"RKTA","Rocket Internet Growth Opportunities Corp. Class A Ordinary Shares","2021-11-01 11:30:00-04:00",9.770000457763672,9.770000457763672,9.770000457763672,9.770000457763672,9.770000457763672,100
"RKTA","Rocket Internet Growth Opportunities Corp. Class A Ordinary Shares","2021-11-01 12:30:00-04:00",9.770000457763672,9.770000457763672,9.770000457763672,9.770000457763672,9.770000457763672,104
"RKTA","Rocket Internet Growth Opportunities Corp. Class A Ordinary Shares","2021-11-01 14:30:00-04:00",9.770000457763672,9.770000457763672,9.770000457763672,9.770000457763672,9.770000457763672,201
"RKTA","Rocket Internet Growth Opportunities Corp. Class A Ordinary Shares","2021-11-01 15:30:00-04:00",9.770000457763672,9.779999732971191,9.765000343322754,9.779999732971191,9.779999732971191,23594
"RKTA","Rocket Internet Growth Opportunities Corp. Class A Ordinary Shares","2021-11-02 09:30:00-04:00",9.779999732971191,9.779999732971191,9.779999732971191,9.779999732971191,9.779999732971191,0
"RKTA","Rocket Internet Growth Opportunities Corp. Class A Ordinary Shares","2021-11-02 13:30:00-04:00",9.779999732971191,9.779999732971191,9.779999732971191,9.779999732971191,9.779999732971191,1000
"RKTA","Rocket Internet Growth Opportunities Corp. Class A Ordinary Shares","2021-11-02 14:30:00-04:00",9.779999732971191,9.800000190734863,9.779999732971191,9.800000190734863,9.800000190734863,27497
"RKTA","Rocket Internet Growth Opportunities Corp. Class A Ordinary Shares","2021-11-02 15:30:00-04:00",9.800000190734863,9.800000190734863,9.75,9.800000190734863,9.800000190734863,0
"RKTA","Rocket Internet Growth Opportunities Corp. Class A Ordinary Shares","2021-11-03 09:30:00-04:00",9.729999542236328,9.729999542236328,9.729999542236328,9.729999542236328,9.729999542236328,239
"RKTA","Rocket Internet Growth Opportunities Corp. Class A Ordinary Shares","2021-11-03 10:30:00-04:00",9.800000190734863,9.800000190734863,9.800000190734863,9.800000190734863,9.800000190734863,557
"RKTA","Rocket Internet Growth Opportunities Corp. Class A Ordinary Shares","2021-11-03 14:30:00-04:00",9.800000190734863,9.800000190734863,9.760000228881836,9.760000228881836,9.760000228881836,174691
"RKTA","Rocket Internet Growth Opportunities Corp. Class A Ordinary Shares","2021-11-03 15:30:00-04:00",9.800000190734863,9.800000190734863,9.800000190734863,9.800000190734863,9.800000190734863,100
"RKTA","Rocket Internet Growth Opportunities Corp. Class A Ordinary Shares","2021-11-04 11:30:00-04:00",9.799799919128418,9.800000190734863,9.799799919128418,9.800000190734863,9.800000190734863,600
"RKTA","Rocket Internet Growth Opportunities Corp. Class A Ordinary Shares","2021-11-04 12:30:00-04:00",9.78499984741211,9.78499984741211,9.78499984741211,9.78499984741211,9.78499984741211,455
"RKTA","Rocket Internet Growth Opportunities Corp. Class A Ordinary Shares","2021-11-04 15:30:00-04:00",9.800000190734863,9.800000190734863,9.800000190734863,9.800000190734863,9.800000190734863,100
"RKTA","Rocket Internet Growth Opportunities Corp. Class A Ordinary Shares","2021-11-05 09:30:00-04:00",9.800000190734863,9.800000190734863,9.800000190734863,9.800000190734863,9.800000190734863,815
"RKTA","Rocket Internet Growth Opportunities Corp. Class A Ordinary Shares","2021-11-05 10:30:00-04:00",9.779999732971191,9.800000190734863,9.779999732971191,9.800000190734863,9.800000190734863,900
"RKTA","Rocket Internet Growth Opportunities Corp. Class A Ordinary Shares","2021-11-05 12:30:00-04:00",9.760000228881836,9.760000228881836,9.760000228881836,9.760000228881836,9.760000228881836,305
"RKTA","Rocket Internet Growth Opportunities Corp. Class A Ordinary Shares","2021-11-05 13:30:00-04:00",9.800000190734863,9.800000190734863,9.800000190734863,9.800000190734863,9.800000190734863,100
"RKTA","Rocket Internet Growth Opportunities Corp. Class A Ordinary Shares","2021-11-05 15:30:00-04:00",9.774999618530272,9.800000190734863,9.774999618530272,9.800000190734863,9.800000190734863,450
"RKTA","Rocket Internet Growth Opportunities Corp. Class A Ordinary Shares","2021-11-08 09:30:00-05:00",9.800000190734863,9.800000190734863,9.800000190734863,9.800000190734863,9.800000190734863,0
"RKTA","Rocket Internet Growth Opportunities Corp. Class A Ordinary Shares","2021-11-08 11:30:00-05:00",9.75,9.789999961853027,9.75,9.789999961853027,9.789999961853027,1100
"RKTA","Rocket Internet Growth Opportunities Corp. Class A Ordinary Shares","2021-11-08 12:30:00-05:00",9.789199829101562,9.789199829101562,9.789199829101562,9.789199829101562,9.789199829101562,201
"RKTA","Rocket Internet Growth Opportunities Corp. Class A Ordinary Shares","2021-11-08 15:30:00-05:00",9.75,9.800000190734863,9.75,9.75,9.75,12399
"RKTA","Rocket Internet Growth Opportunities Corp. Class A Ordinary Shares","2021-11-08 16:00:00-05:00",9.79,9.79,9.79,9.79,9.79,1025
"RKTA","Rocket Internet Growth Opportunities Corp. Class A Ordinary Shares","2021-11-09 09:30:00-05:00",9.789999961853027,9.789999961853027,9.789999961853027,9.789999961853027,9.789999961853027,0
"RKTA","Rocket Internet Growth Opportunities Corp. Class A Ordinary Shares","2021-11-09 11:30:00-05:00",9.760000228881836,9.789999961853027,9.739999771118164,9.789999961853027,9.789999961853027,6555
"RKTA","Rocket Internet Growth Opportunities Corp. Class A Ordinary Shares","2021-11-09 12:30:00-05:00",9.789999961853027,9.800000190734863,9.789999961853027,9.800000190734863,9.800000190734863,2820
"RKTA","Rocket Internet Growth Opportunities Corp. Class A Ordinary Shares","2021-11-09 13:30:00-05:00",9.760000228881836,9.789999961853027,9.760000228881836,9.789999961853027,9.789999961853027,401
"RKTA","Rocket Internet Growth Opportunities Corp. Class A Ordinary Shares","2021-11-09 14:30:00-05:00",9.760000228881836,9.789999961853027,9.760000228881836,9.760000228881836,9.760000228881836,600
"RKTA","Rocket Internet Growth Opportunities Corp. Class A Ordinary Shares","2021-11-09 15:30:00-05:00",9.789999961853027,9.789999961853027,9.760000228881836,9.760000228881836,9.760000228881836,0
"RKTA","Rocket Internet Growth Opportunities Corp. Class A Ordinary Shares","2021-11-10 09:30:00-05:00",9.75,9.789999961853027,9.75,9.789999961853027,9.789999961853027,1815
"RKTA","Rocket Internet Growth Opportunities Corp. Class A Ordinary Shares","2021-11-10 10:30:00-05:00",9.789999961853027,9.789999961853027,9.789999961853027,9.789999961853027,9.789999961853027,100
"RKTA","Rocket Internet Growth Opportunities Corp. Class A Ordinary Shares","2021-11-10 11:30:00-05:00",9.760199546813965,9.760199546813965,9.760000228881836,9.760000228881836,9.760000228881836,431
"RKTA","Rocket Internet Growth Opportunities Corp. Class A Ordinary Shares","2021-11-10 14:30:00-05:00",9.760000228881836,9.800000190734863,9.75,9.800000190734863,9.800000190734863,4146
"RKTA","Rocket Internet Growth Opportunities Corp. Class A Ordinary Shares","2021-11-10 15:30:00-05:00",9.800000190734863,9.800000190734863,9.739999771118164,9.75,9.75,0
"RKTA","Rocket Internet Growth Opportunities Corp. Class A Ordinary Shares","2021-11-11 09:30:00-05:00",9.789999961853027,9.800000190734863,9.789999961853027,9.800000190734863,9.800000190734863,1449
"RKTA","Rocket Internet Growth Opportunities Corp. Class A Ordinary Shares","2021-11-11 14:30:00-05:00",9.800000190734863,9.800000190734863,9.800000190734863,9.800000190734863,9.800000190734863,103
"RKTA","Rocket Internet Growth Opportunities Corp. Class A Ordinary Shares","2021-11-11 15:30:00-05:00",9.800000190734863,9.800000190734863,9.75,9.789999961853027,9.789999961853027,0
"RKTA","Rocket Internet Growth Opportunities Corp. Class A Ordinary Shares","2021-11-12 07:00:00-05:00",9.94,9.94,9.94,9.94,9.94,0
"RKTA","Rocket Internet Growth Opportunities Corp. Class A Ordinary Shares","2021-11-12 09:30:00-05:00",9.789999961853027,9.789999961853027,9.779999732971191,9.779999732971191,9.779999732971191,11031
"RKTA","Rocket Internet Growth Opportunities Corp. Class A Ordinary Shares","2021-11-12 12:30:00-05:00",9.789999961853027,9.789999961853027,9.779999732971191,9.779999732971191,9.779999732971191,6302
"RKTA","Rocket Internet Growth Opportunities Corp. Class A Ordinary Shares","2021-11-12 13:30:00-05:00",9.779999732971191,9.779999732971191,9.779999732971191,9.779999732971191,9.779999732971191,15801
"RKTA","Rocket Internet Growth Opportunities Corp. Class A Ordinary Shares","2021-11-12 15:30:00-05:00",9.779999732971191,9.779999732971191,9.779999732971191,9.779999732971191,9.779999732971191,301
"RKTA","Rocket Internet Growth Opportunities Corp. Class A Ordinary Shares","2021-11-15 09:30:00-05:00",9.779999732971191,9.779999732971191,9.779999732971191,9.779999732971191,9.779999732971191,0
"RKTA","Rocket Internet Growth Opportunities Corp. Class A Ordinary Shares","2021-11-15 10:30:00-05:00",9.779999732971191,9.800000190734863,9.779999732971191,9.800000190734863,9.800000190734863,3616
"RKTA","Rocket Internet Growth Opportunities Corp. Class A Ordinary Shares","2021-11-15 11:30:00-05:00",9.800000190734863,9.800000190734863,9.800000190734863,9.800000190734863,9.800000190734863,512
"RKTA","Rocket Internet Growth Opportunities Corp. Class A Ordinary Shares","2021-11-15 15:30:00-05:00",9.800000190734863,9.800000190734863,9.779999732971191,9.779999732971191,9.779999732971191,503
"RKTA","Rocket Internet Growth Opportunities Corp. Class A Ordinary Shares","2021-11-16 09:30:00-05:00",9.779999732971191,9.779999732971191,9.760000228881836,9.760000228881836,9.760000228881836,16863
"RKTA","Rocket Internet Growth Opportunities Corp. Class A Ordinary Shares","2021-11-16 10:30:00-05:00",9.770000457763672,9.770000457763672,9.770000457763672,9.770000457763672,9.770000457763672,605
"RKTA","Rocket Internet Growth Opportunities Corp. Class A Ordinary Shares","2021-11-16 11:30:00-05:00",9.770000457763672,9.770000457763672,9.765000343322754,9.765000343322754,9.765000343322754,600
"RKTA","Rocket Internet Growth Opportunities Corp. Class A Ordinary Shares","2021-11-16 12:30:00-05:00",9.765000343322754,9.779999732971191,9.760000228881836,9.760000228881836,9.760000228881836,998
"RKTA","Rocket Internet Growth Opportunities Corp. Class A Ordinary Shares","2021-11-16 13:30:00-05:00",9.765000343322754,9.779999732971191,9.760000228881836,9.779999732971191,9.779999732971191,1111
"RKTA","Rocket Internet Growth Opportunities Corp. Class A Ordinary Shares","2021-11-16 14:30:00-05:00",9.760000228881836,9.779999732971191,9.760000228881836,9.779999732971191,9.779999732971191,1725
"RKTA","Rocket Internet Growth Opportunities Corp. Class A Ordinary Shares","2021-11-16 15:30:00-05:00",9.779999732971191,9.779999732971191,9.779999732971191,9.779999732971191,9.779999732971191,0
"RKTA","Rocket Internet Growth Opportunities Corp. Class A Ordinary Shares","2021-11-17 09:30:00-05:00",9.789999961853027,9.789999961853027,9.760000228881836,9.789999961853027,9.789999961853027,24182
"RKTA","Rocket Internet Growth Opportunities Corp. Class A Ordinary Shares","2021-11-17 10:30:00-05:00",9.789999961853027,9.800000190734863,9.789999961853027,9.800000190734863,9.800000190734863,10438
"RKTA","Rocket Internet Growth Opportunities Corp. Class A Ordinary Shares","2021-11-17 11:30:00-05:00",9.800000190734863,9.800000190734863,9.800000190734863,9.800000190734863,9.800000190734863,200
"RKTA","Rocket Internet Growth Opportunities Corp. Class A Ordinary Shares","2021-11-17 12:30:00-05:00",9.799799919128418,9.799799919128418,9.799799919128418,9.799799919128418,9.799799919128418,150
"RKTA","Rocket Internet Growth Opportunities Corp. Class A Ordinary Shares","2021-11-17 14:30:00-05:00",9.780200004577637,9.789999961853027,9.780200004577637,9.789999961853027,9.789999961853027,1311
"RKTA","Rocket Internet Growth Opportunities Corp. Class A Ordinary Shares","2021-11-17 15:30:00-05:00",9.800000190734863,9.800000190734863,9.800000190734863,9.800000190734863,9.800000190734863,386
"RKTA","Rocket Internet Growth Opportunities Corp. Class A Ordinary Shares","2021-11-17 16:00:00-05:00",9.8,9.8,9.8,9.8,9.8,101
"RKTA","Rocket Internet Growth Opportunities Corp. Class A Ordinary Shares","2021-11-18 09:30:00-05:00",9.800000190734863,9.800000190734863,9.770000457763672,9.800000190734863,9.800000190734863,0
"RKTA","Rocket Internet Growth Opportunities Corp. Class A Ordinary Shares","2021-11-18 10:30:00-05:00",9.800000190734863,9.800000190734863,9.800000190734863,9.800000190734863,9.800000190734863,102
"RKTA","Rocket Internet Growth Opportunities Corp. Class A Ordinary Shares","2021-11-18 12:30:00-05:00",9.780400276184082,9.780400276184082,9.780400276184082,9.780400276184082,9.780400276184082,503
"RKTA","Rocket Internet Growth Opportunities Corp. Class A Ordinary Shares","2021-11-18 15:30:00-05:00",9.800000190734863,9.800000190734863,9.800000190734863,9.800000190734863,9.800000190734863,0
"RKTA","Rocket Internet Growth Opportunities Corp. Class A Ordinary Shares","2021-11-19 09:00:00-05:00",9.8,9.8,9.8,9.8,9.8,0
"RKTA","Rocket Internet Growth Opportunities Corp. Class A Ordinary Shares","2021-11-19 09:30:00-05:00",9.800000190734863,9.800000190734863,9.760000228881836,9.800000190734863,9.800000190734863,3011
"RKTA","Rocket Internet Growth Opportunities Corp. Class A Ordinary Shares","2021-11-19 10:30:00-05:00",9.800000190734863,9.800000190734863,9.760000228881836,9.760000228881836,9.760000228881836,403
"RKTA","Rocket Internet Growth Opportunities Corp. Class A Ordinary Shares","2021-11-22 09:30:00-05:00",9.760000228881836,9.800000190734863,9.75,9.789999961853027,9.789999961853027,7223
"RKTA","Rocket Internet Growth Opportunities Corp. Class A Ordinary Shares","2021-11-22 10:30:00-05:00",9.789999961853027,9.789999961853027,9.789999961853027,9.789999961853027,9.789999961853027,106
"RKTA","Rocket Internet Growth Opportunities Corp. Class A Ordinary Shares","2021-11-22 11:30:00-05:00",9.75,9.75,9.75,9.75,9.75,196
"RKTA","Rocket Internet Growth Opportunities Corp. Class A Ordinary Shares","2021-11-22 13:30:00-05:00",9.75,9.75,9.75,9.75,9.75,14400
"RKTA","Rocket Internet Growth Opportunities Corp. Class A Ordinary Shares","2021-11-22 14:30:00-05:00",9.765000343322754,9.765000343322754,9.765000343322754,9.765000343322754,9.765000343322754,1000
"RKTA","Rocket Internet Growth Opportunities Corp. Class A Ordinary Shares","2021-11-22 15:30:00-05:00",9.765000343322754,9.765000343322754,9.75,9.765000343322754,9.765000343322754,2639
"RKTA","Rocket Internet Growth Opportunities Corp. Class A Ordinary Shares","2021-11-22 16:00:00-05:00",9.78,9.78,9.78,9.78,9.78,0
"RKTA","Rocket Internet Growth Opportunities Corp. Class A Ordinary Shares","2021-11-23 09:30:00-05:00",9.779999732971191,9.779999732971191,9.770000457763672,9.770000457763672,9.770000457763672,8437
"RKTA","Rocket Internet Growth Opportunities Corp. Class A Ordinary Shares","2021-11-23 10:30:00-05:00",9.760000228881836,9.770000457763672,9.760000228881836,9.760000228881836,9.760000228881836,519
"RKTA","Rocket Internet Growth Opportunities Corp. Class A Ordinary Shares","2021-11-23 11:30:00-05:00",9.760000228881836,9.760000228881836,9.760000228881836,9.760000228881836,9.760000228881836,206
"RKTA","Rocket Internet Growth Opportunities Corp. Class A Ordinary Shares","2021-11-23 12:30:00-05:00",9.760000228881836,9.760000228881836,9.760000228881836,9.760000228881836,9.760000228881836,100
"RKTA","Rocket Internet Growth Opportunities Corp. Class A Ordinary Shares","2021-11-23 13:30:00-05:00",9.760000228881836,9.760000228881836,9.760000228881836,9.760000228881836,9.760000228881836,1105
"RKTA","Rocket Internet Growth Opportunities Corp. Class A Ordinary Shares","2021-11-23 15:30:00-05:00",9.760000228881836,9.760000228881836,9.760000228881836,9.760000228881836,9.760000228881836,300
"RKTA","Rocket Internet Growth Opportunities Corp. Class A Ordinary Shares","2021-11-24 10:30:00-05:00",9.739999771118164,9.739999771118164,9.739999771118164,9.739999771118164,9.739999771118164,0
"RKTA","Rocket Internet Growth Opportunities Corp. Class A Ordinary Shares","2021-11-24 13:30:00-05:00",9.739999771118164,9.760000228881836,9.739999771118164,9.760000228881836,9.760000228881836,1904
"RKTA","Rocket Internet Growth Opportunities Corp. Class A Ordinary Shares","2021-11-24 15:30:00-05:00",9.760000228881836,9.760000228881836,9.760000228881836,9.760000228881836,9.760000228881836,100
"RKTA","Rocket Internet Growth Opportunities Corp. Class A Ordinary Shares","2021-11-26 09:30:00-05:00",9.729999542236328,9.74899959564209,9.729999542236328,9.74899959564209,9.74899959564209,8
"RKTA","Rocket Internet Growth Opportunities Corp. Class A Ordinary Shares","2021-11-26 11:30:00-05:00",9.739999771118164,9.74250030517578,9.739999771118164,9.74250030517578,9.74250030517578,2150
"RKTA","Rocket Internet Growth Opportunities Corp. Class A Ordinary Shares","2021-11-26 12:30:00-05:00",9.739999771118164,9.75,9.739999771118164,9.75,9.75,3653
"RKTA","Rocket Internet Growth Opportunities Corp. Class A Ordinary Shares","2021-11-29 09:30:00-05:00",9.779999732971191,9.779999732971191,9.779999732971191,9.779999732971191,9.779999732971191,0
"RKTA","Rocket Internet Growth Opportunities Corp. Class A Ordinary Shares","2021-11-29 14:30:00-05:00",9.770000457763672,9.770000457763672,9.770000457763672,9.770000457763672,9.770000457763672,801
"RKTA","Rocket Internet Growth Opportunities Corp. Class A Ordinary Shares","2021-11-29 15:30:00-05:00",9.779999732971191,9.779999732971191,9.779999732971191,9.779999732971191,9.779999732971191,0
"RKTA","Rocket Internet Growth Opportunities Corp. Class A Ordinary Shares","2021-12-01 11:30:00-05:00",9.779999732971191,9.779999732971191,9.779999732971191,9.779999732971191,9.779999732971191,100
"RKTA","Rocket Internet Growth Opportunities Corp. Class A Ordinary Shares","2021-12-01 12:30:00-05:00",9.779999732971191,9.779999732971191,9.779999732971191,9.779999732971191,9.779999732971191,301
"RKTA","Rocket Internet Growth Opportunities Corp. Class A Ordinary Shares","2021-12-01 13:30:00-05:00",9.779999732971191,9.779999732971191,9.779999732971191,9.779999732971191,9.779999732971191,200
"RKTA","Rocket Internet Growth Opportunities Corp. Class A Ordinary Shares","2021-12-01 15:30:00-05:00",9.770000457763672,9.770000457763672,9.770000457763672,9.770000457763672,9.770000457763672,0
"RKTA","Rocket Internet Growth Opportunities Corp. Class A Ordinary Shares","2021-12-02 11:30:00-05:00",9.770000457763672,9.770000457763672,9.770000457763672,9.770000457763672,9.770000457763672,306
"RKTA","Rocket Internet Growth Opportunities Corp. Class A Ordinary Shares","2021-12-02 12:30:00-05:00",9.770000457763672,9.770000457763672,9.770000457763672,9.770000457763672,9.770000457763672,400
"RKTA","Rocket Internet Growth Opportunities Corp. Class A Ordinary Shares","2021-12-02 14:30:00-05:00",9.770000457763672,9.770000457763672,9.770000457763672,9.770000457763672,9.770000457763672,100
"RKTA","Rocket Internet Growth Opportunities Corp. Class A Ordinary Shares","2021-12-06 15:30:00-05:00",9.759699821472168,9.779999732971191,9.7568998336792,9.779999732971191,9.779999732971191,8924
"RKTA","Rocket Internet Growth Opportunities Corp. Class A Ordinary Shares","2021-12-07 15:30:00-05:00",9.760000228881836,9.770000457763672,9.760000228881836,9.770000457763672,9.770000457763672,2011
"RKTA","Rocket Internet Growth Opportunities Corp. Class A Ordinary Shares","2021-12-09 09:30:00-05:00",9.779999732971191,9.779999732971191,9.779999732971191,9.779999732971191,9.779999732971191,0
"RKTA","Rocket Internet Growth Opportunities Corp. Class A Ordinary Shares","2021-12-09 12:30:00-05:00",9.770000457763672,9.770000457763672,9.770000457763672,9.770000457763672,9.770000457763672,111
"RKTA","Rocket Internet Growth Opportunities Corp. Class A Ordinary Shares","2021-12-09 14:30:00-05:00",9.760000228881836,9.760000228881836,9.760000228881836,9.760000228881836,9.760000228881836,348
"RKTA","Rocket Internet Growth Opportunities Corp. Class A Ordinary Shares","2021-12-09 15:30:00-05:00",9.770000457763672,9.770000457763672,9.770000457763672,9.770000457763672,9.770000457763672,195
"RKTA","Rocket Internet Growth Opportunities Corp. Class A Ordinary Shares","2021-12-10 11:30:00-05:00",9.729999542236328,9.729999542236328,9.729999542236328,9.729999542236328,9.729999542236328,145
"RKTA","Rocket Internet Growth Opportunities Corp. Class A Ordinary Shares","2021-12-13 09:30:00-05:00",9.770000457763672,9.770000457763672,9.770000457763672,9.770000457763672,9.770000457763672,0
"RKTA","Rocket Internet Growth Opportunities Corp. Class A Ordinary Shares","2021-12-13 15:30:00-05:00",9.75,9.75,9.729999542236328,9.729999542236328,9.729999542236328,8993
"RKTA","Rocket Internet Growth Opportunities Corp. Class A Ordinary Shares","2021-12-14 08:00:00-05:00",9.73,9.73,9.73,9.73,9.73,0
"RKTA","Rocket Internet Growth Opportunities Corp. Class A Ordinary Shares","2021-12-14 15:30:00-05:00",9.75,9.75,9.75,9.75,9.75,9426
"RKTA","Rocket Internet Growth Opportunities Corp. Class A Ordinary Shares","2021-12-15 09:30:00-05:00",9.760000228881836,9.760000228881836,9.760000228881836,9.760000228881836,9.760000228881836,0
"RKTA","Rocket Internet Growth Opportunities Corp. Class A Ordinary Shares","2021-12-15 11:30:00-05:00",9.75,9.75,9.720000267028809,9.720000267028809,9.720000267028809,296
"RKTA","Rocket Internet Growth Opportunities Corp. Class A Ordinary Shares","2021-12-15 14:30:00-05:00",9.75,9.75,9.75,9.75,9.75,100
"RKTA","Rocket Internet Growth Opportunities Corp. Class A Ordinary Shares","2021-12-16 09:30:00-05:00",9.770000457763672,9.770000457763672,9.770000457763672,9.770000457763672,9.770000457763672,0
"RKTA","Rocket Internet Growth Opportunities Corp. Class A Ordinary Shares","2021-12-16 10:30:00-05:00",9.760000228881836,9.769000053405762,9.760000228881836,9.769000053405762,9.769000053405762,237
"RKTA","Rocket Internet Growth Opportunities Corp. Class A Ordinary Shares","2021-12-16 15:30:00-05:00",9.760000228881836,9.760000228881836,9.760000228881836,9.760000228881836,9.760000228881836,0
"RKTA","Rocket Internet Growth Opportunities Corp. Class A Ordinary Shares","2021-12-20 10:30:00-05:00",9.739999771118164,9.739999771118164,9.739999771118164,9.739999771118164,9.739999771118164,834
"RKTA","Rocket Internet Growth Opportunities Corp. Class A Ordinary Shares","2021-12-20 13:30:00-05:00",9.736300468444824,9.739999771118164,9.736300468444824,9.739999771118164,9.739999771118164,600
"RKTA","Rocket Internet Growth Opportunities Corp. Class A Ordinary Shares","2021-12-20 15:30:00-05:00",9.739999771118164,9.739999771118164,9.739999771118164,9.739999771118164,9.739999771118164,126
"RKTA","Rocket Internet Growth Opportunities Corp. Class A Ordinary Shares","2021-12-21 09:30:00-05:00",9.770000457763672,9.770000457763672,9.735199928283691,9.735199928283691,9.735199928283691,609
"RKTA","Rocket Internet Growth Opportunities Corp. Class A Ordinary Shares","2021-12-21 10:30:00-05:00",9.75,9.75,9.75,9.75,9.75,325
"RKTA","Rocket Internet Growth Opportunities Corp. Class A Ordinary Shares","2021-12-21 15:30:00-05:00",9.75,9.75,9.75,9.75,9.75,126
"RKTA","Rocket Internet Growth Opportunities Corp. Class A Ordinary Shares","2021-12-22 09:30:00-05:00",9.779999732971191,9.779999732971191,9.779999732971191,9.779999732971191,9.779999732971191,0
"RKTA","Rocket Internet Growth Opportunities Corp. Class A Ordinary Shares","2021-12-22 15:30:00-05:00",9.734999656677246,9.734999656677246,9.734999656677246,9.734999656677246,9.734999656677246,100
"RKTA","Rocket Internet Growth Opportunities Corp. Class A Ordinary Shares","2021-12-22 16:00:00-05:00",9.77,9.77,9.77,9.77,9.77,1165
"RKTA","Rocket Internet Growth Opportunities Corp. Class A Ordinary Shares","2021-12-27 09:30:00-05:00",9.779999732971191,9.779999732971191,9.779999732971191,9.779999732971191,9.779999732971191,0
"RKTA","Rocket Internet Growth Opportunities Corp. Class A Ordinary Shares","2021-12-27 11:30:00-05:00",9.729999542236328,9.729999542236328,9.729999542236328,9.729999542236328,9.729999542236328,0
"RKTA","Rocket Internet Growth Opportunities Corp. Class A Ordinary Shares","2021-12-28 11:30:00-05:00",9.734999656677246,9.734999656677246,9.720000267028809,9.724499702453612,9.724499702453612,1162
"RKTA","Rocket Internet Growth Opportunities Corp. Class A Ordinary Shares","2021-12-28 13:30:00-05:00",9.75,9.75,9.75,9.75,9.75,100
"RKTA","Rocket Internet Growth Opportunities Corp. Class A Ordinary Shares","2021-12-28 15:30:00-05:00",9.75,9.75,9.75,9.75,9.75,136
"RKTA","Rocket Internet Growth Opportunities Corp. Class A Ordinary Shares","2021-12-29 09:30:00-05:00",9.770000457763672,9.770000457763672,9.770000457763672,9.770000457763672,9.770000457763672,0
"RKTA","Rocket Internet Growth Opportunities Corp. Class A Ordinary Shares","2021-12-29 14:30:00-05:00",9.744999885559082,9.744999885559082,9.744999885559082,9.744999885559082,9.744999885559082,200
"RKTA","Rocket Internet Growth Opportunities Corp. Class A Ordinary Shares","2021-12-29 16:00:00-05:00",9.75,9.75,9.75,9.75,9.75,164
"RKTA","Rocket Internet Growth Opportunities Corp. Class A Ordinary Shares","2021-12-30 09:30:00-05:00",9.770000457763672,9.770000457763672,9.770000457763672,9.770000457763672,9.770000457763672,0
