"ticker","name","date","open","high","low","close","adjusted close","volume"
"RLAY","Relay Therapeutics, Inc. - Common Stock","2021-01-04 09:30:00-05:00",43.2400016784668,43.2400016784668,40.85499954223633,40.86750030517578,40.86750030517578,0
"RLAY","Relay Therapeutics, Inc. - Common Stock","2021-01-04 10:30:00-05:00",41.03179931640625,41.03179931640625,39.70000076293945,40.220001220703125,40.220001220703125,54622
"RLAY","Relay Therapeutics, Inc. - Common Stock","2021-01-04 11:30:00-05:00",39.959999084472656,40.41999816894531,39.09999847412109,40.06999969482422,40.06999969482422,42892
"RLAY","Relay Therapeutics, Inc. - Common Stock","2021-01-04 12:30:00-05:00",40.185001373291016,40.84999847412109,39.91999816894531,40.5099983215332,40.5099983215332,33934
"RLAY","Relay Therapeutics, Inc. - Common Stock","2021-01-04 13:30:00-05:00",40.470001220703125,41.0,39.83000183105469,40.52999877929688,40.52999877929688,53617
"RLAY","Relay Therapeutics, Inc. - Common Stock","2021-01-04 14:30:00-05:00",40.4900016784668,40.66999816894531,39.869998931884766,40.209999084472656,40.209999084472656,60598
"RLAY","Relay Therapeutics, Inc. - Common Stock","2021-01-04 15:30:00-05:00",40.21500015258789,40.56999969482422,39.66999816894531,40.56999969482422,40.56999969482422,111953
"RLAY","Relay Therapeutics, Inc. - Common Stock","2021-01-04 16:00:00-05:00",40.44,40.44,40.44,40.44,40.44,0
"RLAY","Relay Therapeutics, Inc. - Common Stock","2021-01-05 09:30:00-05:00",40.4900016784668,40.4900016784668,38.060001373291016,38.650001525878906,38.650001525878906,54654
"RLAY","Relay Therapeutics, Inc. - Common Stock","2021-01-05 10:30:00-05:00",38.880001068115234,38.95000076293945,37.52000045776367,38.43999862670898,38.43999862670898,156815
"RLAY","Relay Therapeutics, Inc. - Common Stock","2021-01-05 11:30:00-05:00",38.150001525878906,38.290000915527344,36.5,36.52999877929688,36.52999877929688,85323
"RLAY","Relay Therapeutics, Inc. - Common Stock","2021-01-05 12:30:00-05:00",36.52000045776367,37.72999954223633,36.34000015258789,37.375,37.375,45422
"RLAY","Relay Therapeutics, Inc. - Common Stock","2021-01-05 13:30:00-05:00",37.36000061035156,38.040000915527344,37.36000061035156,37.95000076293945,37.95000076293945,84362
"RLAY","Relay Therapeutics, Inc. - Common Stock","2021-01-05 14:30:00-05:00",38.0,38.0,37.59999847412109,37.790000915527344,37.790000915527344,37311
"RLAY","Relay Therapeutics, Inc. - Common Stock","2021-01-05 15:30:00-05:00",37.85499954223633,38.04999923706055,37.619998931884766,37.84000015258789,37.84000015258789,96698
"RLAY","Relay Therapeutics, Inc. - Common Stock","2021-01-05 16:00:00-05:00",37.96,37.96,37.96,37.96,37.96,0
"RLAY","Relay Therapeutics, Inc. - Common Stock","2021-01-06 09:30:00-05:00",37.94499969482422,40.09000015258789,37.730098724365234,39.75,39.75,89726
"RLAY","Relay Therapeutics, Inc. - Common Stock","2021-01-06 10:30:00-05:00",39.83000183105469,40.0,38.400001525878906,38.7676010131836,38.7676010131836,67940
"RLAY","Relay Therapeutics, Inc. - Common Stock","2021-01-06 11:30:00-05:00",38.560001373291016,39.79999923706055,38.52999877929688,39.78499984741211,39.78499984741211,35236
"RLAY","Relay Therapeutics, Inc. - Common Stock","2021-01-06 12:30:00-05:00",39.86000061035156,40.41999816894531,39.45000076293945,39.720001220703125,39.720001220703125,32353
"RLAY","Relay Therapeutics, Inc. - Common Stock","2021-01-06 13:30:00-05:00",39.619998931884766,40.15999984741211,38.810001373291016,38.810001373291016,38.810001373291016,30612
"RLAY","Relay Therapeutics, Inc. - Common Stock","2021-01-06 14:30:00-05:00",39.03499984741211,39.650001525878906,38.78499984741211,39.15999984741211,39.15999984741211,33653
"RLAY","Relay Therapeutics, Inc. - Common Stock","2021-01-06 15:30:00-05:00",39.13999938964844,39.68000030517578,38.34000015258789,39.64500045776367,39.64500045776367,67672
"RLAY","Relay Therapeutics, Inc. - Common Stock","2021-01-06 16:00:00-05:00",39.57,39.57,39.57,39.57,39.57,16167
"RLAY","Relay Therapeutics, Inc. - Common Stock","2021-01-07 09:30:00-05:00",39.93000030517578,40.57419967651367,39.0,39.68999862670898,39.68999862670898,0
"RLAY","Relay Therapeutics, Inc. - Common Stock","2021-01-07 10:30:00-05:00",39.5,40.900001525878906,39.5,40.81999969482422,40.81999969482422,41314
"RLAY","Relay Therapeutics, Inc. - Common Stock","2021-01-07 11:30:00-05:00",40.56999969482422,40.70000076293945,39.72499847412109,39.869998931884766,39.869998931884766,15595
"RLAY","Relay Therapeutics, Inc. - Common Stock","2021-01-07 12:30:00-05:00",39.959999084472656,40.02000045776367,39.40999984741211,39.40999984741211,39.40999984741211,8992
"RLAY","Relay Therapeutics, Inc. - Common Stock","2021-01-07 13:30:00-05:00",39.595001220703125,40.0,39.36000061035156,39.79999923706055,39.79999923706055,10890
"RLAY","Relay Therapeutics, Inc. - Common Stock","2021-01-07 14:30:00-05:00",39.95000076293945,42.41999816894531,39.900001525878906,41.04999923706055,41.04999923706055,44143
"RLAY","Relay Therapeutics, Inc. - Common Stock","2021-01-07 15:30:00-05:00",41.02999877929688,41.27999877929688,40.720001220703125,41.060001373291016,41.060001373291016,37498
"RLAY","Relay Therapeutics, Inc. - Common Stock","2021-01-07 16:00:00-05:00",41.06,41.06,41.06,41.06,41.06,37186
"RLAY","Relay Therapeutics, Inc. - Common Stock","2021-01-08 09:30:00-05:00",41.810001373291016,42.31999969482422,40.630001068115234,41.33000183105469,41.33000183105469,0
"RLAY","Relay Therapeutics, Inc. - Common Stock","2021-01-08 10:30:00-05:00",41.290000915527344,42.20000076293945,41.2400016784668,42.20000076293945,42.20000076293945,10479
"RLAY","Relay Therapeutics, Inc. - Common Stock","2021-01-08 11:30:00-05:00",42.33060073852539,42.720001220703125,41.06999969482422,41.369998931884766,41.369998931884766,43726
"RLAY","Relay Therapeutics, Inc. - Common Stock","2021-01-08 12:30:00-05:00",41.27000045776367,41.560001373291016,39.369998931884766,40.43999862670898,40.43999862670898,18245
"RLAY","Relay Therapeutics, Inc. - Common Stock","2021-01-08 13:30:00-05:00",40.36840057373047,40.52999877929688,39.415000915527344,40.27000045776367,40.27000045776367,22574
"RLAY","Relay Therapeutics, Inc. - Common Stock","2021-01-08 14:30:00-05:00",40.15999984741211,40.36750030517578,39.775001525878906,40.040000915527344,40.040000915527344,30106
"RLAY","Relay Therapeutics, Inc. - Common Stock","2021-01-08 15:30:00-05:00",40.10499954223633,40.7599983215332,40.09000015258789,40.66999816894531,40.66999816894531,85352
"RLAY","Relay Therapeutics, Inc. - Common Stock","2021-01-08 16:00:00-05:00",40.67,40.67,40.67,40.67,40.67,0
"RLAY","Relay Therapeutics, Inc. - Common Stock","2021-01-11 09:30:00-05:00",39.70000076293945,40.64500045776367,38.68000030517578,39.54999923706055,39.54999923706055,107966
"RLAY","Relay Therapeutics, Inc. - Common Stock","2021-01-11 10:30:00-05:00",39.79499816894531,41.11750030517578,39.560001373291016,40.540000915527344,40.540000915527344,82229
"RLAY","Relay Therapeutics, Inc. - Common Stock","2021-01-11 11:30:00-05:00",40.59999847412109,40.900001525878906,40.09000015258789,40.709999084472656,40.709999084472656,51772
"RLAY","Relay Therapeutics, Inc. - Common Stock","2021-01-11 12:30:00-05:00",40.709999084472656,41.02999877929688,40.27999877929688,40.95000076293945,40.95000076293945,31842
"RLAY","Relay Therapeutics, Inc. - Common Stock","2021-01-11 13:30:00-05:00",40.790000915527344,41.0,38.20000076293945,38.27000045776367,38.27000045776367,81134
"RLAY","Relay Therapeutics, Inc. - Common Stock","2021-01-11 14:30:00-05:00",38.54999923706055,39.2400016784668,37.0,37.0,37.0,147859
"RLAY","Relay Therapeutics, Inc. - Common Stock","2021-01-11 15:30:00-05:00",37.15999984741211,37.59999847412109,36.54999923706055,37.27999877929688,37.27999877929688,230076
"RLAY","Relay Therapeutics, Inc. - Common Stock","2021-01-11 16:00:00-05:00",37.29,37.65,37.29,37.65,37.65,0
"RLAY","Relay Therapeutics, Inc. - Common Stock","2021-01-11 17:00:00-05:00",37.7,37.7,37.6,37.6,37.6,0
"RLAY","Relay Therapeutics, Inc. - Common Stock","2021-01-12 07:00:00-05:00",38.01,38.01,38.0,38.0,38.0,0
"RLAY","Relay Therapeutics, Inc. - Common Stock","2021-01-12 09:00:00-05:00",37.95,38.0,37.95,38.0,38.0,0
"RLAY","Relay Therapeutics, Inc. - Common Stock","2021-01-12 09:30:00-05:00",38.060001373291016,39.560001373291016,37.900001525878906,38.22499847412109,38.22499847412109,120604
"RLAY","Relay Therapeutics, Inc. - Common Stock","2021-01-12 10:30:00-05:00",38.233001708984375,40.0,38.19499969482422,39.85499954223633,39.85499954223633,74966
"RLAY","Relay Therapeutics, Inc. - Common Stock","2021-01-12 11:30:00-05:00",39.86000061035156,40.09000015258789,38.45000076293945,38.783199310302734,38.783199310302734,123199
"RLAY","Relay Therapeutics, Inc. - Common Stock","2021-01-12 12:30:00-05:00",38.66999816894531,40.09999847412109,38.65999984741211,40.040000915527344,40.040000915527344,90206
"RLAY","Relay Therapeutics, Inc. - Common Stock","2021-01-12 13:30:00-05:00",39.95000076293945,40.20000076293945,39.77999877929688,40.06999969482422,40.06999969482422,1677775
"RLAY","Relay Therapeutics, Inc. - Common Stock","2021-01-12 14:30:00-05:00",40.06999969482422,41.45000076293945,39.13999938964844,41.41999816894531,41.41999816894531,255807
"RLAY","Relay Therapeutics, Inc. - Common Stock","2021-01-12 15:30:00-05:00",41.369998931884766,41.39500045776367,39.970001220703125,40.0,40.0,133663
"RLAY","Relay Therapeutics, Inc. - Common Stock","2021-01-12 16:00:00-05:00",40.0,40.0,40.0,40.0,40.0,0
"RLAY","Relay Therapeutics, Inc. - Common Stock","2021-01-13 09:30:00-05:00",40.18999862670898,41.02000045776367,39.09379959106445,40.77000045776367,40.77000045776367,34437
"RLAY","Relay Therapeutics, Inc. - Common Stock","2021-01-13 10:30:00-05:00",40.65499877929688,40.79999923706055,39.34000015258789,39.75,39.75,16342
"RLAY","Relay Therapeutics, Inc. - Common Stock","2021-01-13 11:30:00-05:00",40.09000015258789,40.13999938964844,39.56999969482422,40.11000061035156,40.11000061035156,28721
"RLAY","Relay Therapeutics, Inc. - Common Stock","2021-01-13 12:30:00-05:00",39.94499969482422,46.29999923706055,39.630001068115234,42.08000183105469,42.08000183105469,2317620
"RLAY","Relay Therapeutics, Inc. - Common Stock","2021-01-13 13:30:00-05:00",42.27999877929688,43.060001373291016,42.02389907836914,42.84999847412109,42.84999847412109,111017
"RLAY","Relay Therapeutics, Inc. - Common Stock","2021-01-13 14:30:00-05:00",42.84999847412109,42.970001220703125,41.160099029541016,42.25,42.25,139910
"RLAY","Relay Therapeutics, Inc. - Common Stock","2021-01-13 15:30:00-05:00",42.28499984741211,42.84999847412109,41.68000030517578,41.9900016784668,41.9900016784668,162322
"RLAY","Relay Therapeutics, Inc. - Common Stock","2021-01-13 16:00:00-05:00",42.0,42.0,42.0,42.0,42.0,0
"RLAY","Relay Therapeutics, Inc. - Common Stock","2021-01-14 09:00:00-05:00",42.05,42.05,42.05,42.05,42.05,0
"RLAY","Relay Therapeutics, Inc. - Common Stock","2021-01-14 09:30:00-05:00",41.2400016784668,41.96960067749024,40.20009994506836,41.2400016784668,41.2400016784668,42003
"RLAY","Relay Therapeutics, Inc. - Common Stock","2021-01-14 10:30:00-05:00",41.2599983215332,42.209999084472656,41.130001068115234,41.470001220703125,41.470001220703125,98490
"RLAY","Relay Therapeutics, Inc. - Common Stock","2021-01-14 11:30:00-05:00",41.61000061035156,42.27999877929688,41.0,41.91999816894531,41.91999816894531,2102261
"RLAY","Relay Therapeutics, Inc. - Common Stock","2021-01-14 12:30:00-05:00",41.9900016784668,43.25,41.900001525878906,42.79999923706055,42.79999923706055,52495
"RLAY","Relay Therapeutics, Inc. - Common Stock","2021-01-14 13:30:00-05:00",42.970001220703125,42.9900016784668,41.88999938964844,42.40999984741211,42.40999984741211,67998
"RLAY","Relay Therapeutics, Inc. - Common Stock","2021-01-14 14:30:00-05:00",42.27999877929688,42.7400016784668,42.27999877929688,42.59000015258789,42.59000015258789,76130
"RLAY","Relay Therapeutics, Inc. - Common Stock","2021-01-14 15:30:00-05:00",42.6150016784668,43.90999984741211,42.52000045776367,43.834999084472656,43.834999084472656,127260
"RLAY","Relay Therapeutics, Inc. - Common Stock","2021-01-14 16:00:00-05:00",43.77,43.77,43.77,43.77,43.77,0
"RLAY","Relay Therapeutics, Inc. - Common Stock","2021-01-14 17:00:00-05:00",43.99,43.99,43.99,43.99,43.99,0
"RLAY","Relay Therapeutics, Inc. - Common Stock","2021-01-14 18:00:00-05:00",43.76,44.0,43.76,43.93,43.93,0
"RLAY","Relay Therapeutics, Inc. - Common Stock","2021-01-15 09:30:00-05:00",43.869998931884766,44.68000030517578,42.25,42.759498596191406,42.759498596191406,96254
"RLAY","Relay Therapeutics, Inc. - Common Stock","2021-01-15 10:30:00-05:00",42.720001220703125,43.869998931884766,42.5099983215332,43.5099983215332,43.5099983215332,68944
"RLAY","Relay Therapeutics, Inc. - Common Stock","2021-01-15 11:30:00-05:00",43.63999938964844,44.59999847412109,43.63999938964844,44.2599983215332,44.2599983215332,44068
"RLAY","Relay Therapeutics, Inc. - Common Stock","2021-01-15 12:30:00-05:00",44.29999923706055,45.72999954223633,44.209999084472656,45.2599983215332,45.2599983215332,73034
"RLAY","Relay Therapeutics, Inc. - Common Stock","2021-01-15 13:30:00-05:00",45.119998931884766,45.91999816894531,45.119998931884766,45.20000076293945,45.20000076293945,40648
"RLAY","Relay Therapeutics, Inc. - Common Stock","2021-01-15 14:30:00-05:00",45.27000045776367,45.84000015258789,44.400001525878906,44.95000076293945,44.95000076293945,70056
"RLAY","Relay Therapeutics, Inc. - Common Stock","2021-01-15 15:30:00-05:00",44.95000076293945,45.8849983215332,44.59999847412109,44.79999923706055,44.79999923706055,94381
"RLAY","Relay Therapeutics, Inc. - Common Stock","2021-01-15 16:00:00-05:00",44.85,48.8,44.3,44.3,44.3,0
"RLAY","Relay Therapeutics, Inc. - Common Stock","2021-01-19 09:30:00-05:00",44.709999084472656,46.220001220703125,44.709999084472656,45.61000061035156,45.61000061035156,64938
"RLAY","Relay Therapeutics, Inc. - Common Stock","2021-01-19 10:30:00-05:00",45.44499969482422,47.220001220703125,44.84999847412109,47.0,47.0,66213
"RLAY","Relay Therapeutics, Inc. - Common Stock","2021-01-19 11:30:00-05:00",46.93999862670898,49.20000076293945,46.65999984741211,48.959999084472656,48.959999084472656,63664
"RLAY","Relay Therapeutics, Inc. - Common Stock","2021-01-19 12:30:00-05:00",49.02000045776367,50.27999877929688,48.5259017944336,49.68999862670898,49.68999862670898,145925
"RLAY","Relay Therapeutics, Inc. - Common Stock","2021-01-19 13:30:00-05:00",49.54499816894531,52.15999984741211,49.22999954223633,52.09000015258789,52.09000015258789,165440
"RLAY","Relay Therapeutics, Inc. - Common Stock","2021-01-19 14:30:00-05:00",52.09000015258789,54.93000030517578,51.09999847412109,54.2599983215332,54.2599983215332,308086
"RLAY","Relay Therapeutics, Inc. - Common Stock","2021-01-19 15:30:00-05:00",54.29999923706055,54.79999923706055,53.400001525878906,53.86000061035156,53.86000061035156,187688
"RLAY","Relay Therapeutics, Inc. - Common Stock","2021-01-19 16:00:00-05:00",53.95,53.95,53.95,53.95,53.95,0
"RLAY","Relay Therapeutics, Inc. - Common Stock","2021-01-20 09:30:00-05:00",53.66999816894531,59.09000015258789,52.560001373291016,59.0,59.0,208522
"RLAY","Relay Therapeutics, Inc. - Common Stock","2021-01-20 10:30:00-05:00",59.345001220703125,64.37000274658203,58.000099182128906,59.09040069580078,59.09040069580078,563391
"RLAY","Relay Therapeutics, Inc. - Common Stock","2021-01-20 11:30:00-05:00",59.410099029541016,60.7327995300293,58.29999923706055,60.380001068115234,60.380001068115234,163558
"RLAY","Relay Therapeutics, Inc. - Common Stock","2021-01-20 12:30:00-05:00",60.27999877929688,60.57500076293945,58.5,60.150001525878906,60.150001525878906,209251
"RLAY","Relay Therapeutics, Inc. - Common Stock","2021-01-20 13:30:00-05:00",60.54499816894531,60.55500030517578,56.41999816894531,56.7682991027832,56.7682991027832,105232
"RLAY","Relay Therapeutics, Inc. - Common Stock","2021-01-20 14:30:00-05:00",56.61000061035156,57.45000076293945,55.470001220703125,55.505001068115234,55.505001068115234,74142
"RLAY","Relay Therapeutics, Inc. - Common Stock","2021-01-20 15:30:00-05:00",55.75,56.54999923706055,55.0099983215332,55.89500045776367,55.89500045776367,63022
"RLAY","Relay Therapeutics, Inc. - Common Stock","2021-01-20 16:00:00-05:00",56.28,56.28,56.28,56.28,56.28,0
"RLAY","Relay Therapeutics, Inc. - Common Stock","2021-01-20 18:00:00-05:00",56.3,56.3,56.3,56.3,56.3,0
"RLAY","Relay Therapeutics, Inc. - Common Stock","2021-01-21 09:30:00-05:00",56.20000076293945,56.97679901123047,52.02999877929688,53.22499847412109,53.22499847412109,62834
"RLAY","Relay Therapeutics, Inc. - Common Stock","2021-01-21 10:30:00-05:00",53.209999084472656,56.88999938964844,53.16999816894531,55.77000045776367,55.77000045776367,44935
"RLAY","Relay Therapeutics, Inc. - Common Stock","2021-01-21 11:30:00-05:00",55.91999816894531,56.59000015258789,54.97999954223633,55.72999954223633,55.72999954223633,24667
"RLAY","Relay Therapeutics, Inc. - Common Stock","2021-01-21 12:30:00-05:00",55.79499816894531,57.43000030517578,55.75429916381836,56.96500015258789,56.96500015258789,43193
"RLAY","Relay Therapeutics, Inc. - Common Stock","2021-01-21 13:30:00-05:00",57.01499938964844,58.36000061035156,56.400001525878906,57.43999862670898,57.43999862670898,36722
"RLAY","Relay Therapeutics, Inc. - Common Stock","2021-01-21 14:30:00-05:00",57.52000045776367,58.959999084472656,57.08000183105469,57.54999923706055,57.54999923706055,63457
"RLAY","Relay Therapeutics, Inc. - Common Stock","2021-01-21 15:30:00-05:00",57.27999877929688,57.75,56.650001525878906,56.77000045776367,56.77000045776367,45293
"RLAY","Relay Therapeutics, Inc. - Common Stock","2021-01-21 16:00:00-05:00",56.68,56.69,56.65,56.69,56.69,0
"RLAY","Relay Therapeutics, Inc. - Common Stock","2021-01-21 18:00:00-05:00",56.0,56.0,56.0,56.0,56.0,0
"RLAY","Relay Therapeutics, Inc. - Common Stock","2021-01-22 09:30:00-05:00",56.54999923706055,57.619998931884766,55.70000076293945,57.58000183105469,57.58000183105469,58344
"RLAY","Relay Therapeutics, Inc. - Common Stock","2021-01-22 10:30:00-05:00",57.79999923706055,59.09999847412109,57.59999847412109,58.380001068115234,58.380001068115234,56065
"RLAY","Relay Therapeutics, Inc. - Common Stock","2021-01-22 11:30:00-05:00",58.5,60.47999954223633,58.20000076293945,59.459999084472656,59.459999084472656,77516
"RLAY","Relay Therapeutics, Inc. - Common Stock","2021-01-22 12:30:00-05:00",59.5,60.11000061035156,58.810001373291016,59.81499862670898,59.81499862670898,50347
"RLAY","Relay Therapeutics, Inc. - Common Stock","2021-01-22 13:30:00-05:00",59.95439910888672,61.09000015258789,59.77000045776367,60.59999847412109,60.59999847412109,60766
"RLAY","Relay Therapeutics, Inc. - Common Stock","2021-01-22 14:30:00-05:00",60.58000183105469,61.720001220703125,60.40999984741211,61.4900016784668,61.4900016784668,74186
"RLAY","Relay Therapeutics, Inc. - Common Stock","2021-01-22 15:30:00-05:00",61.53499984741211,61.630001068115234,60.68000030517578,61.34999847412109,61.34999847412109,88918
"RLAY","Relay Therapeutics, Inc. - Common Stock","2021-01-22 16:00:00-05:00",61.53,61.53,56.75,59.5,59.5,0
"RLAY","Relay Therapeutics, Inc. - Common Stock","2021-01-22 17:00:00-05:00",61.47,61.48,61.47,61.48,61.48,0
"RLAY","Relay Therapeutics, Inc. - Common Stock","2021-01-22 18:00:00-05:00",61.48,61.48,61.48,61.48,61.48,0
"RLAY","Relay Therapeutics, Inc. - Common Stock","2021-01-25 04:00:00-05:00",61.58,61.58,61.58,61.58,61.58,0
"RLAY","Relay Therapeutics, Inc. - Common Stock","2021-01-25 07:00:00-05:00",61.58,61.58,61.58,61.58,61.58,0
"RLAY","Relay Therapeutics, Inc. - Common Stock","2021-01-25 08:00:00-05:00",61.58,62.0,61.58,61.78,61.78,0
"RLAY","Relay Therapeutics, Inc. - Common Stock","2021-01-25 09:00:00-05:00",61.75,64.72,61.53,61.53,61.53,0
"RLAY","Relay Therapeutics, Inc. - Common Stock","2021-01-25 09:30:00-05:00",62.0,62.95000076293945,59.41999816894531,61.0,61.0,54420
"RLAY","Relay Therapeutics, Inc. - Common Stock","2021-01-25 10:30:00-05:00",61.0,61.0,57.59999847412109,58.09000015258789,58.09000015258789,71027
"RLAY","Relay Therapeutics, Inc. - Common Stock","2021-01-25 11:30:00-05:00",58.09000015258789,58.84999847412109,55.119998931884766,55.52999877929688,55.52999877929688,58175
"RLAY","Relay Therapeutics, Inc. - Common Stock","2021-01-25 12:30:00-05:00",56.02000045776367,57.540000915527344,55.79999923706055,57.2400016784668,57.2400016784668,45455
"RLAY","Relay Therapeutics, Inc. - Common Stock","2021-01-25 13:30:00-05:00",57.209999084472656,58.72999954223633,57.119998931884766,57.77999877929688,57.77999877929688,30459
"RLAY","Relay Therapeutics, Inc. - Common Stock","2021-01-25 14:30:00-05:00",57.93999862670898,58.26430130004883,57.09999847412109,57.22999954223633,57.22999954223633,26948
"RLAY","Relay Therapeutics, Inc. - Common Stock","2021-01-25 15:30:00-05:00",57.33000183105469,58.275001525878906,57.11000061035156,57.40999984741211,57.40999984741211,86894
"RLAY","Relay Therapeutics, Inc. - Common Stock","2021-01-25 16:00:00-05:00",57.49,58.51,57.49,58.51,58.51,0
"RLAY","Relay Therapeutics, Inc. - Common Stock","2021-01-25 17:00:00-05:00",58.5,58.5,58.5,58.5,58.5,0
"RLAY","Relay Therapeutics, Inc. - Common Stock","2021-01-26 09:00:00-05:00",58.0,58.0,58.0,58.0,58.0,0
"RLAY","Relay Therapeutics, Inc. - Common Stock","2021-01-26 09:30:00-05:00",57.40999984741211,58.400001525878906,56.13999938964844,57.02999877929688,57.02999877929688,48464
"RLAY","Relay Therapeutics, Inc. - Common Stock","2021-01-26 10:30:00-05:00",57.209999084472656,57.209999084472656,55.63999938964844,56.209999084472656,56.209999084472656,41214
"RLAY","Relay Therapeutics, Inc. - Common Stock","2021-01-26 11:30:00-05:00",56.43000030517578,57.31999969482422,55.90999984741211,57.1349983215332,57.1349983215332,28142
"RLAY","Relay Therapeutics, Inc. - Common Stock","2021-01-26 12:30:00-05:00",57.14500045776367,58.33000183105469,57.14500045776367,58.33000183105469,58.33000183105469,43408
"RLAY","Relay Therapeutics, Inc. - Common Stock","2021-01-26 13:30:00-05:00",58.33000183105469,59.09000015258789,58.33000183105469,58.77000045776367,58.77000045776367,66231
"RLAY","Relay Therapeutics, Inc. - Common Stock","2021-01-26 14:30:00-05:00",58.77000045776367,58.90999984741211,57.790000915527344,58.29499816894531,58.29499816894531,76496
"RLAY","Relay Therapeutics, Inc. - Common Stock","2021-01-26 15:30:00-05:00",58.290000915527344,58.470001220703125,56.04999923706055,56.27999877929688,56.27999877929688,130025
"RLAY","Relay Therapeutics, Inc. - Common Stock","2021-01-26 16:00:00-05:00",56.29,56.29,55.7,55.7,55.7,0
"RLAY","Relay Therapeutics, Inc. - Common Stock","2021-01-27 09:00:00-05:00",56.3,56.3,56.3,56.3,56.3,0
"RLAY","Relay Therapeutics, Inc. - Common Stock","2021-01-27 09:30:00-05:00",55.41999816894531,58.33000183105469,53.93000030517578,58.040000915527344,58.040000915527344,85895
"RLAY","Relay Therapeutics, Inc. - Common Stock","2021-01-27 10:30:00-05:00",57.65999984741211,58.77999877929688,57.36000061035156,58.11000061035156,58.11000061035156,72290
"RLAY","Relay Therapeutics, Inc. - Common Stock","2021-01-27 11:30:00-05:00",58.14500045776367,58.150001525878906,56.56999969482422,57.1349983215332,57.1349983215332,24153
"RLAY","Relay Therapeutics, Inc. - Common Stock","2021-01-27 12:30:00-05:00",57.369998931884766,58.470001220703125,57.15999984741211,57.62749862670898,57.62749862670898,12171
"RLAY","Relay Therapeutics, Inc. - Common Stock","2021-01-27 13:30:00-05:00",57.31999969482422,57.79999923706055,55.79999923706055,56.0099983215332,56.0099983215332,36592
"RLAY","Relay Therapeutics, Inc. - Common Stock","2021-01-27 14:30:00-05:00",56.25,56.4900016784668,55.03499984741211,55.03499984741211,55.03499984741211,37763
"RLAY","Relay Therapeutics, Inc. - Common Stock","2021-01-27 15:30:00-05:00",55.03499984741211,56.20000076293945,54.85499954223633,55.31999969482422,55.31999969482422,57482
"RLAY","Relay Therapeutics, Inc. - Common Stock","2021-01-27 16:00:00-05:00",55.49,55.49,55.49,55.49,55.49,0
"RLAY","Relay Therapeutics, Inc. - Common Stock","2021-01-28 09:00:00-05:00",55.0,55.0,55.0,55.0,55.0,0
"RLAY","Relay Therapeutics, Inc. - Common Stock","2021-01-28 09:30:00-05:00",55.540000915527344,55.540000915527344,54.20000076293945,54.630001068115234,54.630001068115234,51023
"RLAY","Relay Therapeutics, Inc. - Common Stock","2021-01-28 10:30:00-05:00",54.81869888305664,55.220001220703125,53.18999862670898,53.310001373291016,53.310001373291016,51397
"RLAY","Relay Therapeutics, Inc. - Common Stock","2021-01-28 11:30:00-05:00",53.47499847412109,54.5,53.47499847412109,53.97999954223633,53.97999954223633,31954
"RLAY","Relay Therapeutics, Inc. - Common Stock","2021-01-28 12:30:00-05:00",54.22949981689453,55.52999877929688,53.91999816894531,55.09999847412109,55.09999847412109,113446
"RLAY","Relay Therapeutics, Inc. - Common Stock","2021-01-28 13:30:00-05:00",55.18000030517578,56.02999877929688,54.900001525878906,55.6349983215332,55.6349983215332,73016
"RLAY","Relay Therapeutics, Inc. - Common Stock","2021-01-28 14:30:00-05:00",55.63999938964844,55.63999938964844,53.58000183105469,53.83000183105469,53.83000183105469,70618
"RLAY","Relay Therapeutics, Inc. - Common Stock","2021-01-28 15:30:00-05:00",53.5,53.720001220703125,52.56999969482422,53.275001525878906,53.275001525878906,64620
"RLAY","Relay Therapeutics, Inc. - Common Stock","2021-01-28 16:00:00-05:00",53.2,53.2,53.1994,53.2,53.2,0
"RLAY","Relay Therapeutics, Inc. - Common Stock","2021-01-29 09:00:00-05:00",53.2,53.5,52.64,52.64,52.64,0
"RLAY","Relay Therapeutics, Inc. - Common Stock","2021-01-29 09:30:00-05:00",51.59999847412109,54.05500030517578,50.3307991027832,53.93000030517578,53.93000030517578,110437
"RLAY","Relay Therapeutics, Inc. - Common Stock","2021-01-29 10:30:00-05:00",53.93999862670898,53.93999862670898,51.43999862670898,51.95000076293945,51.95000076293945,35110
"RLAY","Relay Therapeutics, Inc. - Common Stock","2021-01-29 11:30:00-05:00",51.720001220703125,52.42499923706055,50.59000015258789,50.869998931884766,50.869998931884766,78299
"RLAY","Relay Therapeutics, Inc. - Common Stock","2021-01-29 12:30:00-05:00",51.060001373291016,51.060001373291016,48.66999816894531,49.52999877929688,49.52999877929688,54879
"RLAY","Relay Therapeutics, Inc. - Common Stock","2021-01-29 13:30:00-05:00",49.26499938964844,49.66999816894531,47.79999923706055,48.96500015258789,48.96500015258789,94279
"RLAY","Relay Therapeutics, Inc. - Common Stock","2021-01-29 14:30:00-05:00",48.96500015258789,49.61000061035156,48.72999954223633,49.025001525878906,49.025001525878906,56027
"RLAY","Relay Therapeutics, Inc. - Common Stock","2021-01-29 15:30:00-05:00",49.025001525878906,49.900001525878906,48.97999954223633,49.68999862670898,49.68999862670898,117016
"RLAY","Relay Therapeutics, Inc. - Common Stock","2021-01-29 16:00:00-05:00",49.58,49.6,49.28,49.6,49.6,0
"RLAY","Relay Therapeutics, Inc. - Common Stock","2021-02-01 08:00:00-05:00",50.0,50.29,49.89,50.29,50.29,0
"RLAY","Relay Therapeutics, Inc. - Common Stock","2021-02-01 09:00:00-05:00",51.36,51.36,50.51,50.62,50.62,0
"RLAY","Relay Therapeutics, Inc. - Common Stock","2021-02-01 09:30:00-05:00",50.0,50.0,47.119998931884766,48.34600067138672,48.34600067138672,89752
"RLAY","Relay Therapeutics, Inc. - Common Stock","2021-02-01 10:30:00-05:00",48.2400016784668,49.27000045776367,47.84999847412109,49.20000076293945,49.20000076293945,46728
"RLAY","Relay Therapeutics, Inc. - Common Stock","2021-02-01 11:30:00-05:00",49.29999923706055,49.59999847412109,48.720001220703125,49.25,49.25,45314
"RLAY","Relay Therapeutics, Inc. - Common Stock","2021-02-01 12:30:00-05:00",49.34000015258789,49.619998931884766,49.13999938964844,49.310001373291016,49.310001373291016,30985
"RLAY","Relay Therapeutics, Inc. - Common Stock","2021-02-01 13:30:00-05:00",49.310001373291016,49.58000183105469,49.150001525878906,49.2599983215332,49.2599983215332,51748
"RLAY","Relay Therapeutics, Inc. - Common Stock","2021-02-01 14:30:00-05:00",49.220001220703125,50.18000030517578,49.220001220703125,49.5099983215332,49.5099983215332,64956
"RLAY","Relay Therapeutics, Inc. - Common Stock","2021-02-01 15:30:00-05:00",49.540000915527344,50.720001220703125,49.40999984741211,50.47499847412109,50.47499847412109,111288
"RLAY","Relay Therapeutics, Inc. - Common Stock","2021-02-01 16:00:00-05:00",50.55,50.55,50.55,50.55,50.55,0
"RLAY","Relay Therapeutics, Inc. - Common Stock","2021-02-01 18:00:00-05:00",50.55,50.55,50.55,50.55,50.55,0
"RLAY","Relay Therapeutics, Inc. - Common Stock","2021-02-02 09:00:00-05:00",50.55,50.55,50.55,50.55,50.55,0
"RLAY","Relay Therapeutics, Inc. - Common Stock","2021-02-02 09:30:00-05:00",51.02999877929688,51.41999816894531,48.34000015258789,48.970001220703125,48.970001220703125,65351
"RLAY","Relay Therapeutics, Inc. - Common Stock","2021-02-02 10:30:00-05:00",48.959999084472656,50.75,48.5,50.5,50.5,25133
"RLAY","Relay Therapeutics, Inc. - Common Stock","2021-02-02 11:30:00-05:00",50.71910095214844,50.71910095214844,49.0,49.150001525878906,49.150001525878906,42986
"RLAY","Relay Therapeutics, Inc. - Common Stock","2021-02-02 12:30:00-05:00",49.23820114135742,49.7400016784668,48.810001373291016,49.334999084472656,49.334999084472656,61353
"RLAY","Relay Therapeutics, Inc. - Common Stock","2021-02-02 13:30:00-05:00",49.345001220703125,51.462501525878906,48.58000183105469,51.040000915527344,51.040000915527344,62240
"RLAY","Relay Therapeutics, Inc. - Common Stock","2021-02-02 14:30:00-05:00",50.959999084472656,51.400001525878906,50.38999938964844,51.08000183105469,51.08000183105469,37020
"RLAY","Relay Therapeutics, Inc. - Common Stock","2021-02-02 15:30:00-05:00",51.209999084472656,51.470001220703125,50.41999816894531,50.95500183105469,50.95500183105469,72920
"RLAY","Relay Therapeutics, Inc. - Common Stock","2021-02-02 16:00:00-05:00",50.96,50.96,50.95,50.95,50.95,0
"RLAY","Relay Therapeutics, Inc. - Common Stock","2021-02-03 08:00:00-05:00",52.0,52.0,52.0,52.0,52.0,0
"RLAY","Relay Therapeutics, Inc. - Common Stock","2021-02-03 09:00:00-05:00",50.96,51.0,50.96,50.96,50.96,0
"RLAY","Relay Therapeutics, Inc. - Common Stock","2021-02-03 09:30:00-05:00",50.959999084472656,51.1349983215332,49.02999877929688,50.25,50.25,56415
"RLAY","Relay Therapeutics, Inc. - Common Stock","2021-02-03 10:30:00-05:00",50.34999847412109,50.34999847412109,48.79999923706055,49.130001068115234,49.130001068115234,31915
"RLAY","Relay Therapeutics, Inc. - Common Stock","2021-02-03 11:30:00-05:00",48.84999847412109,50.77999877929688,48.65999984741211,50.77000045776367,50.77000045776367,32400
"RLAY","Relay Therapeutics, Inc. - Common Stock","2021-02-03 12:30:00-05:00",50.77000045776367,51.0,50.02999877929688,50.22999954223633,50.22999954223633,49601
"RLAY","Relay Therapeutics, Inc. - Common Stock","2021-02-03 13:30:00-05:00",50.400001525878906,50.630001068115234,49.88999938964844,50.125,50.125,68771
"RLAY","Relay Therapeutics, Inc. - Common Stock","2021-02-03 14:30:00-05:00",50.18000030517578,50.88999938964844,49.900001525878906,50.86000061035156,50.86000061035156,47252
"RLAY","Relay Therapeutics, Inc. - Common Stock","2021-02-03 15:30:00-05:00",50.87419891357422,50.93999862670898,49.810001373291016,50.08000183105469,50.08000183105469,52651
"RLAY","Relay Therapeutics, Inc. - Common Stock","2021-02-03 16:00:00-05:00",50.21,50.21,50.21,50.21,50.21,0
"RLAY","Relay Therapeutics, Inc. - Common Stock","2021-02-04 09:00:00-05:00",50.21,50.21,50.21,50.21,50.21,0
"RLAY","Relay Therapeutics, Inc. - Common Stock","2021-02-04 09:30:00-05:00",50.88999938964844,51.97999954223633,48.2599983215332,51.650001525878906,51.650001525878906,69878
"RLAY","Relay Therapeutics, Inc. - Common Stock","2021-02-04 10:30:00-05:00",51.22999954223633,51.22999954223633,49.16999816894531,50.02999877929688,50.02999877929688,49320
"RLAY","Relay Therapeutics, Inc. - Common Stock","2021-02-04 11:30:00-05:00",49.959999084472656,50.459999084472656,49.36000061035156,49.79899978637695,49.79899978637695,47007
"RLAY","Relay Therapeutics, Inc. - Common Stock","2021-02-04 12:30:00-05:00",49.85060119628906,50.709999084472656,49.34999847412109,50.02000045776367,50.02000045776367,62474
"RLAY","Relay Therapeutics, Inc. - Common Stock","2021-02-04 13:30:00-05:00",50.150001525878906,50.33000183105469,49.880001068115234,50.130001068115234,50.130001068115234,26246
"RLAY","Relay Therapeutics, Inc. - Common Stock","2021-02-04 14:30:00-05:00",50.20000076293945,50.790000915527344,49.77000045776367,49.94499969482422,49.94499969482422,40937
"RLAY","Relay Therapeutics, Inc. - Common Stock","2021-02-04 15:30:00-05:00",49.84999847412109,50.02999877929688,49.36000061035156,50.0099983215332,50.0099983215332,45506
"RLAY","Relay Therapeutics, Inc. - Common Stock","2021-02-04 16:00:00-05:00",49.97,49.97,49.97,49.97,49.97,15405
"RLAY","Relay Therapeutics, Inc. - Common Stock","2021-02-05 08:00:00-05:00",49.97,49.97,49.97,49.97,49.97,0
"RLAY","Relay Therapeutics, Inc. - Common Stock","2021-02-05 09:00:00-05:00",50.03,50.03,50.01,50.01,50.01,0
"RLAY","Relay Therapeutics, Inc. - Common Stock","2021-02-05 09:30:00-05:00",50.0,50.7400016784668,48.66999816894531,49.0,49.0,94171
"RLAY","Relay Therapeutics, Inc. - Common Stock","2021-02-05 10:30:00-05:00",49.119998931884766,49.970001220703125,48.84999847412109,49.44499969482422,49.44499969482422,74634
"RLAY","Relay Therapeutics, Inc. - Common Stock","2021-02-05 11:30:00-05:00",49.58000183105469,50.0,48.5,49.16999816894531,49.16999816894531,68532
"RLAY","Relay Therapeutics, Inc. - Common Stock","2021-02-05 12:30:00-05:00",49.16999816894531,49.900001525878906,48.75,49.310001373291016,49.310001373291016,84091
"RLAY","Relay Therapeutics, Inc. - Common Stock","2021-02-05 13:30:00-05:00",49.31499862670898,50.18999862670898,48.90999984741211,50.02000045776367,50.02000045776367,119272
"RLAY","Relay Therapeutics, Inc. - Common Stock","2021-02-05 14:30:00-05:00",49.94430160522461,50.52999877929688,49.27999877929688,49.27999877929688,49.27999877929688,85146
"RLAY","Relay Therapeutics, Inc. - Common Stock","2021-02-05 15:30:00-05:00",49.22999954223633,49.709999084472656,49.13999938964844,49.13999938964844,49.13999938964844,128775
"RLAY","Relay Therapeutics, Inc. - Common Stock","2021-02-05 16:00:00-05:00",49.34,49.6,49.16,49.6,49.6,0
"RLAY","Relay Therapeutics, Inc. - Common Stock","2021-02-08 09:30:00-05:00",49.93000030517578,50.2400016784668,47.63999938964844,49.02999877929688,49.02999877929688,145724
"RLAY","Relay Therapeutics, Inc. - Common Stock","2021-02-08 10:30:00-05:00",49.15499877929688,50.88999938964844,49.02999877929688,49.58000183105469,49.58000183105469,81602
"RLAY","Relay Therapeutics, Inc. - Common Stock","2021-02-08 11:30:00-05:00",49.97999954223633,50.20000076293945,49.18000030517578,49.72999954223633,49.72999954223633,64792
"RLAY","Relay Therapeutics, Inc. - Common Stock","2021-02-08 12:30:00-05:00",49.650001525878906,50.31999969482422,49.33000183105469,49.89500045776367,49.89500045776367,115479
"RLAY","Relay Therapeutics, Inc. - Common Stock","2021-02-08 13:30:00-05:00",49.92499923706055,50.02999877929688,49.5,49.90999984741211,49.90999984741211,73926
"RLAY","Relay Therapeutics, Inc. - Common Stock","2021-02-08 14:30:00-05:00",49.85499954223633,50.22999954223633,49.5099983215332,50.02000045776367,50.02000045776367,140537
"RLAY","Relay Therapeutics, Inc. - Common Stock","2021-02-08 15:30:00-05:00",50.04999923706055,50.25,49.720001220703125,50.0099983215332,50.0099983215332,159211
"RLAY","Relay Therapeutics, Inc. - Common Stock","2021-02-08 16:00:00-05:00",50.0,50.01,50.0,50.01,50.01,0
"RLAY","Relay Therapeutics, Inc. - Common Stock","2021-02-08 17:00:00-05:00",50.0,50.0,50.0,50.0,50.0,0
"RLAY","Relay Therapeutics, Inc. - Common Stock","2021-02-09 08:00:00-05:00",50.0,50.0,50.0,50.0,50.0,0
"RLAY","Relay Therapeutics, Inc. - Common Stock","2021-02-09 09:00:00-05:00",50.0,50.1,50.0,50.1,50.1,0
"RLAY","Relay Therapeutics, Inc. - Common Stock","2021-02-09 09:30:00-05:00",49.91999816894531,50.47999954223633,49.150001525878906,50.36000061035156,50.36000061035156,58541
"RLAY","Relay Therapeutics, Inc. - Common Stock","2021-02-09 10:30:00-05:00",50.29999923706055,51.0,49.95000076293945,50.79999923706055,50.79999923706055,64155
"RLAY","Relay Therapeutics, Inc. - Common Stock","2021-02-09 11:30:00-05:00",50.84000015258789,50.880001068115234,49.34000015258789,49.56999969482422,49.56999969482422,72706
"RLAY","Relay Therapeutics, Inc. - Common Stock","2021-02-09 12:30:00-05:00",49.584999084472656,49.88999938964844,48.459999084472656,49.39500045776367,49.39500045776367,56568
"RLAY","Relay Therapeutics, Inc. - Common Stock","2021-02-09 13:30:00-05:00",49.29999923706055,50.5,48.86000061035156,50.15999984741211,50.15999984741211,59603
"RLAY","Relay Therapeutics, Inc. - Common Stock","2021-02-09 14:30:00-05:00",50.38999938964844,50.38999938964844,48.93000030517578,49.38999938964844,49.38999938964844,70116
"RLAY","Relay Therapeutics, Inc. - Common Stock","2021-02-09 15:30:00-05:00",49.45000076293945,49.84000015258789,49.0,49.369998931884766,49.369998931884766,67517
"RLAY","Relay Therapeutics, Inc. - Common Stock","2021-02-09 16:00:00-05:00",49.32,49.81,49.32,49.8,49.8,0
"RLAY","Relay Therapeutics, Inc. - Common Stock","2021-02-10 08:00:00-05:00",49.32,49.32,49.32,49.32,49.32,0
"RLAY","Relay Therapeutics, Inc. - Common Stock","2021-02-10 09:00:00-05:00",50.12,50.66,50.12,50.66,50.66,0
"RLAY","Relay Therapeutics, Inc. - Common Stock","2021-02-10 09:30:00-05:00",50.75,50.75,47.84999847412109,48.84999847412109,48.84999847412109,107675
"RLAY","Relay Therapeutics, Inc. - Common Stock","2021-02-10 10:30:00-05:00",48.68999862670898,49.060001373291016,47.2599983215332,48.1349983215332,48.1349983215332,53141
"RLAY","Relay Therapeutics, Inc. - Common Stock","2021-02-10 11:30:00-05:00",48.02000045776367,49.33000183105469,47.709999084472656,49.17499923706055,49.17499923706055,77581
"RLAY","Relay Therapeutics, Inc. - Common Stock","2021-02-10 12:30:00-05:00",49.31999969482422,49.630001068115234,48.8650016784668,49.21500015258789,49.21500015258789,61104
"RLAY","Relay Therapeutics, Inc. - Common Stock","2021-02-10 13:30:00-05:00",49.310001373291016,49.32500076293945,47.7599983215332,48.165000915527344,48.165000915527344,90072
"RLAY","Relay Therapeutics, Inc. - Common Stock","2021-02-10 14:30:00-05:00",48.2599983215332,48.88999938964844,47.84000015258789,48.119998931884766,48.119998931884766,95702
"RLAY","Relay Therapeutics, Inc. - Common Stock","2021-02-10 15:30:00-05:00",48.150001525878906,48.27999877929688,47.09999847412109,47.68999862670898,47.68999862670898,164421
"RLAY","Relay Therapeutics, Inc. - Common Stock","2021-02-10 16:00:00-05:00",47.53,48.0,47.53,48.0,48.0,0
"RLAY","Relay Therapeutics, Inc. - Common Stock","2021-02-11 08:00:00-05:00",47.53,47.53,47.53,47.53,47.53,0
"RLAY","Relay Therapeutics, Inc. - Common Stock","2021-02-11 09:00:00-05:00",47.1,47.53,46.33,46.33,46.33,0
"RLAY","Relay Therapeutics, Inc. - Common Stock","2021-02-11 09:30:00-05:00",46.11000061035156,47.15999984741211,45.93999862670898,46.290000915527344,46.290000915527344,94085
"RLAY","Relay Therapeutics, Inc. - Common Stock","2021-02-11 10:30:00-05:00",46.15999984741211,47.47999954223633,46.04999923706055,46.59999847412109,46.59999847412109,40532
"RLAY","Relay Therapeutics, Inc. - Common Stock","2021-02-11 11:30:00-05:00",46.650001525878906,47.04999923706055,44.720001220703125,44.875,44.875,71390
"RLAY","Relay Therapeutics, Inc. - Common Stock","2021-02-11 12:30:00-05:00",44.869998931884766,45.880001068115234,44.369998931884766,45.650001525878906,45.650001525878906,80216
"RLAY","Relay Therapeutics, Inc. - Common Stock","2021-02-11 13:30:00-05:00",45.7400016784668,45.79999923706055,44.810001373291016,45.18999862670898,45.18999862670898,86259
"RLAY","Relay Therapeutics, Inc. - Common Stock","2021-02-11 14:30:00-05:00",45.18999862670898,45.709999084472656,45.04999923706055,45.505001068115234,45.505001068115234,75327
"RLAY","Relay Therapeutics, Inc. - Common Stock","2021-02-11 15:30:00-05:00",45.5,46.2400016784668,45.27000045776367,46.0099983215332,46.0099983215332,184070
"RLAY","Relay Therapeutics, Inc. - Common Stock","2021-02-11 16:00:00-05:00",46.23,46.69,46.23,46.69,46.69,0
"RLAY","Relay Therapeutics, Inc. - Common Stock","2021-02-11 17:00:00-05:00",46.5,46.5,46.5,46.5,46.5,0
"RLAY","Relay Therapeutics, Inc. - Common Stock","2021-02-12 08:00:00-05:00",46.27,46.27,46.27,46.27,46.27,0
"RLAY","Relay Therapeutics, Inc. - Common Stock","2021-02-12 09:00:00-05:00",46.23,46.23,46.23,46.23,46.23,0
"RLAY","Relay Therapeutics, Inc. - Common Stock","2021-02-12 09:30:00-05:00",45.95000076293945,47.27999877929688,44.68999862670898,46.685001373291016,46.685001373291016,96403
"RLAY","Relay Therapeutics, Inc. - Common Stock","2021-02-12 10:30:00-05:00",46.459999084472656,48.959999084472656,45.630001068115234,48.880001068115234,48.880001068115234,61416
"RLAY","Relay Therapeutics, Inc. - Common Stock","2021-02-12 11:30:00-05:00",48.95000076293945,49.4557991027832,48.310001373291016,48.3120002746582,48.3120002746582,40357
"RLAY","Relay Therapeutics, Inc. - Common Stock","2021-02-12 12:30:00-05:00",48.43999862670898,48.59000015258789,46.650001525878906,46.91999816894531,46.91999816894531,111876
"RLAY","Relay Therapeutics, Inc. - Common Stock","2021-02-12 13:30:00-05:00",46.68999862670898,47.09999847412109,46.13999938964844,46.8650016784668,46.8650016784668,56347
"RLAY","Relay Therapeutics, Inc. - Common Stock","2021-02-12 14:30:00-05:00",46.790000915527344,46.94499969482422,46.02999877929688,46.02999877929688,46.02999877929688,47327
"RLAY","Relay Therapeutics, Inc. - Common Stock","2021-02-12 15:30:00-05:00",46.02999877929688,46.6150016784668,45.810001373291016,45.86000061035156,45.86000061035156,87277
"RLAY","Relay Therapeutics, Inc. - Common Stock","2021-02-12 16:00:00-05:00",45.92,45.92,45.92,45.92,45.92,0
"RLAY","Relay Therapeutics, Inc. - Common Stock","2021-02-16 08:00:00-05:00",48.87,48.87,48.87,48.87,48.87,0
"RLAY","Relay Therapeutics, Inc. - Common Stock","2021-02-16 09:00:00-05:00",45.92,48.0,45.92,47.99,47.99,0
"RLAY","Relay Therapeutics, Inc. - Common Stock","2021-02-16 09:30:00-05:00",46.47999954223633,46.54999923706055,44.58000183105469,45.05500030517578,45.05500030517578,59741
"RLAY","Relay Therapeutics, Inc. - Common Stock","2021-02-16 10:30:00-05:00",45.040000915527344,46.5099983215332,44.65999984741211,45.18000030517578,45.18000030517578,64925
"RLAY","Relay Therapeutics, Inc. - Common Stock","2021-02-16 11:30:00-05:00",45.18000030517578,45.9900016784668,44.59000015258789,45.38999938964844,45.38999938964844,36497
"RLAY","Relay Therapeutics, Inc. - Common Stock","2021-02-16 12:30:00-05:00",45.4900016784668,46.119998931884766,45.15999984741211,45.59000015258789,45.59000015258789,36929
"RLAY","Relay Therapeutics, Inc. - Common Stock","2021-02-16 13:30:00-05:00",45.70309829711914,45.70309829711914,44.72999954223633,44.89500045776367,44.89500045776367,32319
"RLAY","Relay Therapeutics, Inc. - Common Stock","2021-02-16 14:30:00-05:00",44.9900016784668,45.25,44.5,44.790000915527344,44.790000915527344,44209
"RLAY","Relay Therapeutics, Inc. - Common Stock","2021-02-16 15:30:00-05:00",44.915000915527344,45.0099983215332,43.79999923706055,44.369998931884766,44.369998931884766,110381
"RLAY","Relay Therapeutics, Inc. - Common Stock","2021-02-16 16:00:00-05:00",44.25,44.25,43.03,43.03,43.03,0
"RLAY","Relay Therapeutics, Inc. - Common Stock","2021-02-17 09:30:00-05:00",44.36000061035156,46.70000076293945,44.209999084472656,45.88999938964844,45.88999938964844,204790
"RLAY","Relay Therapeutics, Inc. - Common Stock","2021-02-17 10:30:00-05:00",45.91999816894531,45.970001220703125,44.2400016784668,44.68999862670898,44.68999862670898,40970
"RLAY","Relay Therapeutics, Inc. - Common Stock","2021-02-17 11:30:00-05:00",44.81999969482422,45.09000015258789,44.29499816894531,44.6349983215332,44.6349983215332,23054
"RLAY","Relay Therapeutics, Inc. - Common Stock","2021-02-17 12:30:00-05:00",44.75,45.54999923706055,44.75,45.09999847412109,45.09999847412109,42121
"RLAY","Relay Therapeutics, Inc. - Common Stock","2021-02-17 13:30:00-05:00",45.150001525878906,45.45000076293945,44.83000183105469,44.869998931884766,44.869998931884766,28862
"RLAY","Relay Therapeutics, Inc. - Common Stock","2021-02-17 14:30:00-05:00",44.93000030517578,45.18000030517578,44.65999984741211,45.13999938964844,45.13999938964844,50589
"RLAY","Relay Therapeutics, Inc. - Common Stock","2021-02-17 15:30:00-05:00",45.095001220703125,45.18000030517578,43.77999877929688,44.150001525878906,44.150001525878906,99636
"RLAY","Relay Therapeutics, Inc. - Common Stock","2021-02-17 16:00:00-05:00",44.22,44.22,44.0,44.15,44.15,0
"RLAY","Relay Therapeutics, Inc. - Common Stock","2021-02-17 17:00:00-05:00",44.15,44.15,44.15,44.15,44.15,0
"RLAY","Relay Therapeutics, Inc. - Common Stock","2021-02-18 08:00:00-05:00",44.22,44.22,44.22,44.22,44.22,0
"RLAY","Relay Therapeutics, Inc. - Common Stock","2021-02-18 09:30:00-05:00",44.0,45.95000076293945,43.71500015258789,45.4900016784668,45.4900016784668,86592
"RLAY","Relay Therapeutics, Inc. - Common Stock","2021-02-18 10:30:00-05:00",45.630001068115234,45.65999984741211,44.25669860839844,44.720001220703125,44.720001220703125,67867
"RLAY","Relay Therapeutics, Inc. - Common Stock","2021-02-18 11:30:00-05:00",44.630001068115234,45.02999877929688,44.150001525878906,44.375,44.375,41243
"RLAY","Relay Therapeutics, Inc. - Common Stock","2021-02-18 12:30:00-05:00",44.375,44.80500030517578,44.060001373291016,44.33000183105469,44.33000183105469,27842
"RLAY","Relay Therapeutics, Inc. - Common Stock","2021-02-18 13:30:00-05:00",44.33000183105469,44.40999984741211,43.70000076293945,44.09999847412109,44.09999847412109,49971
"RLAY","Relay Therapeutics, Inc. - Common Stock","2021-02-18 14:30:00-05:00",44.09000015258789,44.59999847412109,43.5099983215332,43.625,43.625,47230
"RLAY","Relay Therapeutics, Inc. - Common Stock","2021-02-18 15:30:00-05:00",43.68000030517578,43.86000061035156,42.970001220703125,43.15999984741211,43.15999984741211,91485
"RLAY","Relay Therapeutics, Inc. - Common Stock","2021-02-18 16:00:00-05:00",43.17,44.4,43.16,44.0,44.0,0
"RLAY","Relay Therapeutics, Inc. - Common Stock","2021-02-19 08:00:00-05:00",43.16,43.88,43.16,43.88,43.88,0
"RLAY","Relay Therapeutics, Inc. - Common Stock","2021-02-19 09:30:00-05:00",43.63999938964844,46.400001525878906,43.5,45.25,45.25,108229
"RLAY","Relay Therapeutics, Inc. - Common Stock","2021-02-19 10:30:00-05:00",45.20000076293945,45.84999847412109,44.9900016784668,45.18999862670898,45.18999862670898,22590
"RLAY","Relay Therapeutics, Inc. - Common Stock","2021-02-19 11:30:00-05:00",45.09999847412109,45.61000061035156,44.43999862670898,44.90499877929688,44.90499877929688,80843
"RLAY","Relay Therapeutics, Inc. - Common Stock","2021-02-19 12:30:00-05:00",44.79499816894531,45.29999923706055,44.244998931884766,45.119998931884766,45.119998931884766,39032
"RLAY","Relay Therapeutics, Inc. - Common Stock","2021-02-19 13:30:00-05:00",45.11000061035156,45.310001373291016,43.91999816894531,44.18999862670898,44.18999862670898,50509
"RLAY","Relay Therapeutics, Inc. - Common Stock","2021-02-19 14:30:00-05:00",44.10749816894531,44.18000030517578,42.77000045776367,42.84000015258789,42.84000015258789,103910
"RLAY","Relay Therapeutics, Inc. - Common Stock","2021-02-19 15:30:00-05:00",43.02000045776367,43.66999816894531,42.709999084472656,43.619998931884766,43.619998931884766,109069
"RLAY","Relay Therapeutics, Inc. - Common Stock","2021-02-19 16:00:00-05:00",43.61,43.61,43.61,43.61,43.61,40248
"RLAY","Relay Therapeutics, Inc. - Common Stock","2021-02-19 17:00:00-05:00",44.0,44.0,44.0,44.0,44.0,0
"RLAY","Relay Therapeutics, Inc. - Common Stock","2021-02-22 08:00:00-05:00",43.5,43.5,43.5,43.5,43.5,0
"RLAY","Relay Therapeutics, Inc. - Common Stock","2021-02-22 09:30:00-05:00",43.470001220703125,45.20000076293945,43.29499816894531,43.915000915527344,43.915000915527344,176451
"RLAY","Relay Therapeutics, Inc. - Common Stock","2021-02-22 10:30:00-05:00",44.0098991394043,45.0099983215332,43.77000045776367,44.0,44.0,136142
"RLAY","Relay Therapeutics, Inc. - Common Stock","2021-02-22 11:30:00-05:00",43.93999862670898,45.400001525878906,43.650001525878906,44.79999923706055,44.79999923706055,77935
"RLAY","Relay Therapeutics, Inc. - Common Stock","2021-02-22 12:30:00-05:00",44.900001525878906,45.22999954223633,44.5,44.77999877929688,44.77999877929688,72765
"RLAY","Relay Therapeutics, Inc. - Common Stock","2021-02-22 13:30:00-05:00",44.88999938964844,45.150001525878906,44.72999954223633,45.0,45.0,71177
"RLAY","Relay Therapeutics, Inc. - Common Stock","2021-02-22 14:30:00-05:00",45.09000015258789,45.09999847412109,44.130001068115234,44.560001373291016,44.560001373291016,134311
"RLAY","Relay Therapeutics, Inc. - Common Stock","2021-02-22 15:30:00-05:00",44.560001373291016,44.560001373291016,43.5,43.93000030517578,43.93000030517578,199600
"RLAY","Relay Therapeutics, Inc. - Common Stock","2021-02-22 16:00:00-05:00",44.02,44.02,44.02,44.02,44.02,0
"RLAY","Relay Therapeutics, Inc. - Common Stock","2021-02-22 17:00:00-05:00",44.03,44.03,44.03,44.03,44.03,0
"RLAY","Relay Therapeutics, Inc. - Common Stock","2021-02-23 07:00:00-05:00",44.02,44.02,44.02,44.02,44.02,0
"RLAY","Relay Therapeutics, Inc. - Common Stock","2021-02-23 08:00:00-05:00",44.0,44.05,44.0,44.02,44.02,0
"RLAY","Relay Therapeutics, Inc. - Common Stock","2021-02-23 09:30:00-05:00",43.2599983215332,44.22999954223633,40.5099983215332,43.130001068115234,43.130001068115234,171109
"RLAY","Relay Therapeutics, Inc. - Common Stock","2021-02-23 10:30:00-05:00",43.060001373291016,43.59000015258789,42.0099983215332,42.220001220703125,42.220001220703125,102754
"RLAY","Relay Therapeutics, Inc. - Common Stock","2021-02-23 11:30:00-05:00",42.220001220703125,42.470001220703125,40.77999877929688,41.275001525878906,41.275001525878906,133579
"RLAY","Relay Therapeutics, Inc. - Common Stock","2021-02-23 12:30:00-05:00",41.2599983215332,41.56999969482422,40.29999923706055,40.70500183105469,40.70500183105469,161967
"RLAY","Relay Therapeutics, Inc. - Common Stock","2021-02-23 13:30:00-05:00",40.68000030517578,41.470001220703125,40.38999938964844,41.2599983215332,41.2599983215332,147927
"RLAY","Relay Therapeutics, Inc. - Common Stock","2021-02-23 14:30:00-05:00",41.25,41.400001525878906,40.61000061035156,40.65999984741211,40.65999984741211,153317
"RLAY","Relay Therapeutics, Inc. - Common Stock","2021-02-23 15:30:00-05:00",40.61000061035156,40.95000076293945,40.20000076293945,40.400001525878906,40.400001525878906,270114
"RLAY","Relay Therapeutics, Inc. - Common Stock","2021-02-23 16:00:00-05:00",40.46,42.0,40.46,42.0,42.0,0
"RLAY","Relay Therapeutics, Inc. - Common Stock","2021-02-23 17:00:00-05:00",40.46,40.46,40.46,40.46,40.46,0
"RLAY","Relay Therapeutics, Inc. - Common Stock","2021-02-24 04:00:00-05:00",40.22,42.48,40.22,42.48,42.48,0
"RLAY","Relay Therapeutics, Inc. - Common Stock","2021-02-24 06:00:00-05:00",41.5,41.5,41.5,41.5,41.5,0
"RLAY","Relay Therapeutics, Inc. - Common Stock","2021-02-24 09:30:00-05:00",40.619998931884766,43.790000915527344,40.52999877929688,43.72999954223633,43.72999954223633,83778
"RLAY","Relay Therapeutics, Inc. - Common Stock","2021-02-24 10:30:00-05:00",43.80500030517578,44.68000030517578,43.0,44.290000915527344,44.290000915527344,74292
"RLAY","Relay Therapeutics, Inc. - Common Stock","2021-02-24 11:30:00-05:00",44.185001373291016,45.334999084472656,43.53499984741211,44.95500183105469,44.95500183105469,76232
"RLAY","Relay Therapeutics, Inc. - Common Stock","2021-02-24 12:30:00-05:00",45.06999969482422,45.290000915527344,44.619998931884766,44.90499877929688,44.90499877929688,38613
"RLAY","Relay Therapeutics, Inc. - Common Stock","2021-02-24 13:30:00-05:00",44.93999862670898,45.14500045776367,43.650001525878906,43.83000183105469,43.83000183105469,64303
"RLAY","Relay Therapeutics, Inc. - Common Stock","2021-02-24 14:30:00-05:00",43.75,43.83000183105469,42.65999984741211,43.459999084472656,43.459999084472656,66457
"RLAY","Relay Therapeutics, Inc. - Common Stock","2021-02-24 15:30:00-05:00",43.459999084472656,43.59000015258789,43.0099983215332,43.36000061035156,43.36000061035156,133798
"RLAY","Relay Therapeutics, Inc. - Common Stock","2021-02-24 16:00:00-05:00",43.29,43.29,43.29,43.29,43.29,0
"RLAY","Relay Therapeutics, Inc. - Common Stock","2021-02-25 04:00:00-05:00",43.29,43.29,43.29,43.29,43.29,0
"RLAY","Relay Therapeutics, Inc. - Common Stock","2021-02-25 07:00:00-05:00",44.35,44.35,44.35,44.35,44.35,0
"RLAY","Relay Therapeutics, Inc. - Common Stock","2021-02-25 09:30:00-05:00",43.060001373291016,45.86000061035156,43.060001373291016,45.2599983215332,45.2599983215332,59209
"RLAY","Relay Therapeutics, Inc. - Common Stock","2021-02-25 10:30:00-05:00",45.26499938964844,45.380001068115234,42.36000061035156,42.36000061035156,42.36000061035156,71498
"RLAY","Relay Therapeutics, Inc. - Common Stock","2021-02-25 11:30:00-05:00",42.43999862670898,42.880001068115234,41.34999847412109,41.46500015258789,41.46500015258789,56787
"RLAY","Relay Therapeutics, Inc. - Common Stock","2021-02-25 12:30:00-05:00",41.369998931884766,42.61000061035156,40.70000076293945,42.58000183105469,42.58000183105469,108593
"RLAY","Relay Therapeutics, Inc. - Common Stock","2021-02-25 13:30:00-05:00",42.58000183105469,42.88999938964844,41.79999923706055,42.61000061035156,42.61000061035156,56545
"RLAY","Relay Therapeutics, Inc. - Common Stock","2021-02-25 14:30:00-05:00",42.63999938964844,43.153099060058594,42.197601318359375,42.380001068115234,42.380001068115234,58499
"RLAY","Relay Therapeutics, Inc. - Common Stock","2021-02-25 15:30:00-05:00",42.27999877929688,42.79999923706055,41.880001068115234,42.11000061035156,42.11000061035156,99412
"RLAY","Relay Therapeutics, Inc. - Common Stock","2021-02-25 16:00:00-05:00",42.32,42.95,42.319,42.95,42.95,0
"RLAY","Relay Therapeutics, Inc. - Common Stock","2021-02-25 18:00:00-05:00",42.96,42.96,42.96,42.96,42.96,0
"RLAY","Relay Therapeutics, Inc. - Common Stock","2021-02-26 09:00:00-05:00",42.32,42.32,42.32,42.32,42.32,0
"RLAY","Relay Therapeutics, Inc. - Common Stock","2021-02-26 09:30:00-05:00",42.61000061035156,43.58000183105469,40.7599983215332,41.2599983215332,41.2599983215332,57607
"RLAY","Relay Therapeutics, Inc. - Common Stock","2021-02-26 10:30:00-05:00",41.06999969482422,42.31999969482422,40.5,41.54999923706055,41.54999923706055,42288
"RLAY","Relay Therapeutics, Inc. - Common Stock","2021-02-26 11:30:00-05:00",41.5,41.81999969482422,40.90999984741211,41.130001068115234,41.130001068115234,41283
"RLAY","Relay Therapeutics, Inc. - Common Stock","2021-02-26 12:30:00-05:00",41.13999938964844,41.36000061035156,40.560001373291016,40.56999969482422,40.56999969482422,48315
"RLAY","Relay Therapeutics, Inc. - Common Stock","2021-02-26 13:30:00-05:00",40.595001220703125,41.1150016784668,39.880001068115234,41.1150016784668,41.1150016784668,88115
"RLAY","Relay Therapeutics, Inc. - Common Stock","2021-02-26 14:30:00-05:00",41.095001220703125,41.34000015258789,40.720001220703125,40.9900016784668,40.9900016784668,47839
"RLAY","Relay Therapeutics, Inc. - Common Stock","2021-02-26 15:30:00-05:00",40.93000030517578,41.56999969482422,40.93000030517578,41.040000915527344,41.040000915527344,118933
"RLAY","Relay Therapeutics, Inc. - Common Stock","2021-02-26 16:00:00-05:00",41.27,41.75,41.27,41.75,41.75,0
"RLAY","Relay Therapeutics, Inc. - Common Stock","2021-03-01 07:00:00-05:00",42.0,42.0,42.0,42.0,42.0,0
"RLAY","Relay Therapeutics, Inc. - Common Stock","2021-03-01 08:00:00-05:00",41.27,41.27,41.27,41.27,41.27,0
"RLAY","Relay Therapeutics, Inc. - Common Stock","2021-03-01 09:30:00-05:00",42.97999954223633,42.97999954223633,40.310001373291016,40.970001220703125,40.970001220703125,108291
"RLAY","Relay Therapeutics, Inc. - Common Stock","2021-03-01 10:30:00-05:00",40.66999816894531,41.165000915527344,39.630001068115234,39.72499847412109,39.72499847412109,47932
"RLAY","Relay Therapeutics, Inc. - Common Stock","2021-03-01 11:30:00-05:00",39.72499847412109,41.02999877929688,39.72499847412109,41.02999877929688,41.02999877929688,83998
"RLAY","Relay Therapeutics, Inc. - Common Stock","2021-03-01 12:30:00-05:00",40.935001373291016,41.29999923706055,40.7599983215332,41.03499984741211,41.03499984741211,45304
"RLAY","Relay Therapeutics, Inc. - Common Stock","2021-03-01 13:30:00-05:00",41.08000183105469,41.31999969482422,40.58000183105469,40.58000183105469,40.58000183105469,33046
"RLAY","Relay Therapeutics, Inc. - Common Stock","2021-03-01 14:30:00-05:00",40.58000183105469,41.165000915527344,40.290000915527344,41.165000915527344,41.165000915527344,56917
"RLAY","Relay Therapeutics, Inc. - Common Stock","2021-03-01 15:30:00-05:00",41.22999954223633,41.23500061035156,40.09000015258789,40.290000915527344,40.290000915527344,99947
"RLAY","Relay Therapeutics, Inc. - Common Stock","2021-03-01 16:00:00-05:00",40.19,40.98,40.19,40.19,40.19,0
"RLAY","Relay Therapeutics, Inc. - Common Stock","2021-03-02 08:00:00-05:00",40.23,40.23,40.19,40.19,40.19,0
"RLAY","Relay Therapeutics, Inc. - Common Stock","2021-03-02 09:30:00-05:00",40.20000076293945,41.29999923706055,39.22999954223633,39.52999877929688,39.52999877929688,49996
"RLAY","Relay Therapeutics, Inc. - Common Stock","2021-03-02 10:30:00-05:00",39.400001525878906,40.56999969482422,39.400001525878906,39.88999938964844,39.88999938964844,44453
"RLAY","Relay Therapeutics, Inc. - Common Stock","2021-03-02 11:30:00-05:00",39.994998931884766,40.27999877929688,39.66999816894531,39.970001220703125,39.970001220703125,46121
"RLAY","Relay Therapeutics, Inc. - Common Stock","2021-03-02 12:30:00-05:00",40.0,40.29999923706055,39.709999084472656,39.915000915527344,39.915000915527344,44028
"RLAY","Relay Therapeutics, Inc. - Common Stock","2021-03-02 13:30:00-05:00",39.8849983215332,40.165000915527344,39.310001373291016,39.84999847412109,39.84999847412109,55419
"RLAY","Relay Therapeutics, Inc. - Common Stock","2021-03-02 14:30:00-05:00",39.84000015258789,40.27000045776367,39.650001525878906,39.86000061035156,39.86000061035156,72726
"RLAY","Relay Therapeutics, Inc. - Common Stock","2021-03-02 15:30:00-05:00",39.900001525878906,40.040000915527344,39.54999923706055,39.56999969482422,39.56999969482422,110306
"RLAY","Relay Therapeutics, Inc. - Common Stock","2021-03-02 16:00:00-05:00",39.67,39.75,39.67,39.75,39.75,0
"RLAY","Relay Therapeutics, Inc. - Common Stock","2021-03-03 09:30:00-05:00",39.470001220703125,39.90999984741211,37.80759811401367,38.560001373291016,38.560001373291016,93801
"RLAY","Relay Therapeutics, Inc. - Common Stock","2021-03-03 10:30:00-05:00",38.29999923706055,39.36989974975586,38.0,39.09000015258789,39.09000015258789,75944
"RLAY","Relay Therapeutics, Inc. - Common Stock","2021-03-03 11:30:00-05:00",39.119998931884766,39.27000045776367,38.43000030517578,38.4900016784668,38.4900016784668,44729
"RLAY","Relay Therapeutics, Inc. - Common Stock","2021-03-03 12:30:00-05:00",38.5099983215332,39.56999969482422,38.36000061035156,39.459999084472656,39.459999084472656,51022
"RLAY","Relay Therapeutics, Inc. - Common Stock","2021-03-03 13:30:00-05:00",39.43999862670898,39.720001220703125,38.47999954223633,38.4900016784668,38.4900016784668,65829
"RLAY","Relay Therapeutics, Inc. - Common Stock","2021-03-03 14:30:00-05:00",38.54499816894531,39.540000915527344,38.310001373291016,39.209999084472656,39.209999084472656,80344
"RLAY","Relay Therapeutics, Inc. - Common Stock","2021-03-03 15:30:00-05:00",39.34000015258789,39.34000015258789,38.40999984741211,38.41999816894531,38.41999816894531,104775
"RLAY","Relay Therapeutics, Inc. - Common Stock","2021-03-03 16:00:00-05:00",38.59,39.25,38.02,38.59,38.59,0
"RLAY","Relay Therapeutics, Inc. - Common Stock","2021-03-03 17:00:00-05:00",39.93,39.93,38.95,38.95,38.95,0
"RLAY","Relay Therapeutics, Inc. - Common Stock","2021-03-04 08:00:00-05:00",38.59,38.59,38.59,38.59,38.59,0
"RLAY","Relay Therapeutics, Inc. - Common Stock","2021-03-04 09:30:00-05:00",38.56999969482422,39.4900016784668,37.77000045776367,39.130001068115234,39.130001068115234,238083
"RLAY","Relay Therapeutics, Inc. - Common Stock","2021-03-04 10:30:00-05:00",39.09999847412109,40.59000015258789,38.810001373291016,40.290000915527344,40.290000915527344,79816
"RLAY","Relay Therapeutics, Inc. - Common Stock","2021-03-04 11:30:00-05:00",40.35499954223633,41.71500015258789,40.0,40.47999954223633,40.47999954223633,48285
"RLAY","Relay Therapeutics, Inc. - Common Stock","2021-03-04 12:30:00-05:00",40.34000015258789,41.0,39.20000076293945,40.08000183105469,40.08000183105469,148268
"RLAY","Relay Therapeutics, Inc. - Common Stock","2021-03-04 13:30:00-05:00",39.86000061035156,40.70000076293945,39.369998931884766,40.06999969482422,40.06999969482422,150191
"RLAY","Relay Therapeutics, Inc. - Common Stock","2021-03-04 14:30:00-05:00",40.040000915527344,40.34000015258789,39.130001068115234,39.59999847412109,39.59999847412109,188140
"RLAY","Relay Therapeutics, Inc. - Common Stock","2021-03-04 15:30:00-05:00",39.59999847412109,40.38999938964844,39.400001525878906,39.9900016784668,39.9900016784668,199050
"RLAY","Relay Therapeutics, Inc. - Common Stock","2021-03-04 16:00:00-05:00",39.99,40.01,39.99,40.01,40.01,0
"RLAY","Relay Therapeutics, Inc. - Common Stock","2021-03-05 08:00:00-05:00",39.99,40.4,39.99,39.99,39.99,0
"RLAY","Relay Therapeutics, Inc. - Common Stock","2021-03-05 09:30:00-05:00",39.20000076293945,39.20000076293945,36.09999847412109,36.91999816894531,36.91999816894531,288067
"RLAY","Relay Therapeutics, Inc. - Common Stock","2021-03-05 10:30:00-05:00",36.84999847412109,37.20000076293945,33.560001373291016,33.88999938964844,33.88999938964844,159253
"RLAY","Relay Therapeutics, Inc. - Common Stock","2021-03-05 11:30:00-05:00",33.88999938964844,37.7599983215332,33.88999938964844,37.70000076293945,37.70000076293945,162168
"RLAY","Relay Therapeutics, Inc. - Common Stock","2021-03-05 12:30:00-05:00",37.720001220703125,38.459999084472656,36.81999969482422,37.84000015258789,37.84000015258789,127488
"RLAY","Relay Therapeutics, Inc. - Common Stock","2021-03-05 13:30:00-05:00",37.88999938964844,38.25,36.54999923706055,37.165000915527344,37.165000915527344,121182
"RLAY","Relay Therapeutics, Inc. - Common Stock","2021-03-05 14:30:00-05:00",37.2400016784668,37.900001525878906,36.06010055541992,37.755001068115234,37.755001068115234,108812
"RLAY","Relay Therapeutics, Inc. - Common Stock","2021-03-05 15:30:00-05:00",37.77000045776367,38.09000015258789,37.02999877929688,37.380001068115234,37.380001068115234,182470
"RLAY","Relay Therapeutics, Inc. - Common Stock","2021-03-05 16:00:00-05:00",37.39,39.3,37.39,39.3,39.3,0
"RLAY","Relay Therapeutics, Inc. - Common Stock","2021-03-08 07:00:00-05:00",37.5,38.03,37.5,38.03,38.03,0
"RLAY","Relay Therapeutics, Inc. - Common Stock","2021-03-08 09:00:00-05:00",37.5,38.0,37.5,38.0,38.0,0
"RLAY","Relay Therapeutics, Inc. - Common Stock","2021-03-08 09:30:00-05:00",37.7599983215332,38.93989944458008,37.06999969482422,37.525001525878906,37.525001525878906,126416
"RLAY","Relay Therapeutics, Inc. - Common Stock","2021-03-08 10:30:00-05:00",37.4900016784668,38.91999816894531,37.04999923706055,37.52000045776367,37.52000045776367,126095
"RLAY","Relay Therapeutics, Inc. - Common Stock","2021-03-08 11:30:00-05:00",37.470001220703125,37.494998931884766,36.209999084472656,37.18999862670898,37.18999862670898,63735
"RLAY","Relay Therapeutics, Inc. - Common Stock","2021-03-08 12:30:00-05:00",37.20000076293945,37.375,36.459999084472656,36.790000915527344,36.790000915527344,59335
"RLAY","Relay Therapeutics, Inc. - Common Stock","2021-03-08 13:30:00-05:00",36.79249954223633,36.79249954223633,35.100101470947266,35.36000061035156,35.36000061035156,80172
"RLAY","Relay Therapeutics, Inc. - Common Stock","2021-03-08 14:30:00-05:00",35.40999984741211,35.915000915527344,34.79999923706055,35.55500030517578,35.55500030517578,159304
"RLAY","Relay Therapeutics, Inc. - Common Stock","2021-03-08 15:30:00-05:00",35.55500030517578,35.68000030517578,34.994998931884766,35.0,35.0,157619
"RLAY","Relay Therapeutics, Inc. - Common Stock","2021-03-08 16:00:00-05:00",35.01,35.01,35.01,35.01,35.01,0
"RLAY","Relay Therapeutics, Inc. - Common Stock","2021-03-09 08:00:00-05:00",35.01,36.9998,35.01,36.0,36.0,0
"RLAY","Relay Therapeutics, Inc. - Common Stock","2021-03-09 09:00:00-05:00",36.0,36.979,36.0,36.979,36.979,0
"RLAY","Relay Therapeutics, Inc. - Common Stock","2021-03-09 09:30:00-05:00",35.779998779296875,37.84000015258789,35.779998779296875,37.27000045776367,37.27000045776367,78181
"RLAY","Relay Therapeutics, Inc. - Common Stock","2021-03-09 10:30:00-05:00",37.220001220703125,37.2400016784668,36.40499877929688,36.619998931884766,36.619998931884766,58223
"RLAY","Relay Therapeutics, Inc. - Common Stock","2021-03-09 11:30:00-05:00",36.72999954223633,36.78499984741211,36.0099983215332,36.36000061035156,36.36000061035156,47570
"RLAY","Relay Therapeutics, Inc. - Common Stock","2021-03-09 12:30:00-05:00",36.400001525878906,37.09000015258789,36.13999938964844,37.09000015258789,37.09000015258789,77395
"RLAY","Relay Therapeutics, Inc. - Common Stock","2021-03-09 13:30:00-05:00",37.025001525878906,37.45000076293945,36.77999877929688,36.86000061035156,36.86000061035156,108651
"RLAY","Relay Therapeutics, Inc. - Common Stock","2021-03-09 14:30:00-05:00",36.845001220703125,37.06999969482422,36.29499816894531,36.380001068115234,36.380001068115234,94725
"RLAY","Relay Therapeutics, Inc. - Common Stock","2021-03-09 15:30:00-05:00",36.33000183105469,36.47999954223633,35.900001525878906,36.25,36.25,136062
"RLAY","Relay Therapeutics, Inc. - Common Stock","2021-03-09 16:00:00-05:00",36.27,36.27,36.25,36.27,36.27,0
"RLAY","Relay Therapeutics, Inc. - Common Stock","2021-03-10 08:00:00-05:00",36.27,36.27,36.27,36.27,36.27,0
"RLAY","Relay Therapeutics, Inc. - Common Stock","2021-03-10 09:30:00-05:00",36.88999938964844,38.470001220703125,36.52999877929688,37.84999847412109,37.84999847412109,293879
"RLAY","Relay Therapeutics, Inc. - Common Stock","2021-03-10 10:30:00-05:00",38.03900146484375,38.91999816894531,36.72999954223633,38.900001525878906,38.900001525878906,120805
"RLAY","Relay Therapeutics, Inc. - Common Stock","2021-03-10 11:30:00-05:00",38.62009811401367,39.25,38.459999084472656,38.4900016784668,38.4900016784668,55312
"RLAY","Relay Therapeutics, Inc. - Common Stock","2021-03-10 12:30:00-05:00",38.52999877929688,38.65999984741211,38.0099983215332,38.65999984741211,38.65999984741211,47699
"RLAY","Relay Therapeutics, Inc. - Common Stock","2021-03-10 13:30:00-05:00",38.52999877929688,38.70000076293945,37.790000915527344,38.08000183105469,38.08000183105469,67982
"RLAY","Relay Therapeutics, Inc. - Common Stock","2021-03-10 14:30:00-05:00",38.09000015258789,38.54999923706055,37.61000061035156,38.0,38.0,62247
"RLAY","Relay Therapeutics, Inc. - Common Stock","2021-03-10 15:30:00-05:00",37.970001220703125,38.65999984741211,37.970001220703125,38.4900016784668,38.4900016784668,130718
"RLAY","Relay Therapeutics, Inc. - Common Stock","2021-03-10 16:00:00-05:00",38.51,40.05,38.37,40.05,40.05,0
"RLAY","Relay Therapeutics, Inc. - Common Stock","2021-03-10 17:00:00-05:00",40.05,41.0,40.05,41.0,41.0,0
"RLAY","Relay Therapeutics, Inc. - Common Stock","2021-03-11 04:00:00-05:00",40.03,40.03,40.03,40.03,40.03,0
"RLAY","Relay Therapeutics, Inc. - Common Stock","2021-03-11 05:00:00-05:00",40.3,40.3,40.3,40.3,40.3,0
"RLAY","Relay Therapeutics, Inc. - Common Stock","2021-03-11 08:00:00-05:00",40.3,40.3,40.3,40.3,40.3,0
"RLAY","Relay Therapeutics, Inc. - Common Stock","2021-03-11 09:00:00-05:00",40.3,40.3,40.0,40.06,40.06,0
"RLAY","Relay Therapeutics, Inc. - Common Stock","2021-03-11 09:30:00-05:00",40.0,40.13999938964844,38.2599983215332,38.93999862670898,38.93999862670898,87960
"RLAY","Relay Therapeutics, Inc. - Common Stock","2021-03-11 10:30:00-05:00",39.0,40.06999969482422,38.7599983215332,39.90999984741211,39.90999984741211,59734
"RLAY","Relay Therapeutics, Inc. - Common Stock","2021-03-11 11:30:00-05:00",39.79499816894531,40.0,38.59000015258789,38.59000015258789,38.59000015258789,53189
"RLAY","Relay Therapeutics, Inc. - Common Stock","2021-03-11 12:30:00-05:00",38.65499877929688,39.119998931884766,38.25,38.91999816894531,38.91999816894531,84757
"RLAY","Relay Therapeutics, Inc. - Common Stock","2021-03-11 13:30:00-05:00",39.0,39.3849983215332,38.93000030517578,39.334999084472656,39.334999084472656,42468
"RLAY","Relay Therapeutics, Inc. - Common Stock","2021-03-11 14:30:00-05:00",39.31499862670898,39.79999923706055,38.86000061035156,39.70500183105469,39.70500183105469,67011
"RLAY","Relay Therapeutics, Inc. - Common Stock","2021-03-11 15:30:00-05:00",39.70500183105469,39.72999954223633,39.09000015258789,39.650001525878906,39.650001525878906,131416
"RLAY","Relay Therapeutics, Inc. - Common Stock","2021-03-11 16:00:00-05:00",39.66,39.66,39.66,39.66,39.66,0
"RLAY","Relay Therapeutics, Inc. - Common Stock","2021-03-11 17:00:00-05:00",39.66,39.66,39.66,39.66,39.66,0
"RLAY","Relay Therapeutics, Inc. - Common Stock","2021-03-12 08:00:00-05:00",39.66,39.66,39.0,39.0,39.0,0
"RLAY","Relay Therapeutics, Inc. - Common Stock","2021-03-12 09:00:00-05:00",39.0,39.5,39.0,39.5,39.5,0
"RLAY","Relay Therapeutics, Inc. - Common Stock","2021-03-12 09:30:00-05:00",39.18999862670898,39.5,37.82500076293945,38.369998931884766,38.369998931884766,135390
"RLAY","Relay Therapeutics, Inc. - Common Stock","2021-03-12 10:30:00-05:00",38.380001068115234,39.47499847412109,38.34999847412109,39.0099983215332,39.0099983215332,44728
"RLAY","Relay Therapeutics, Inc. - Common Stock","2021-03-12 11:30:00-05:00",39.165000915527344,39.35499954223633,38.060001373291016,38.380001068115234,38.380001068115234,71807
"RLAY","Relay Therapeutics, Inc. - Common Stock","2021-03-12 12:30:00-05:00",38.43999862670898,38.859500885009766,38.08000183105469,38.310001373291016,38.310001373291016,49421
"RLAY","Relay Therapeutics, Inc. - Common Stock","2021-03-12 13:30:00-05:00",38.44499969482422,38.86000061035156,38.18000030517578,38.33000183105469,38.33000183105469,78015
"RLAY","Relay Therapeutics, Inc. - Common Stock","2021-03-12 14:30:00-05:00",38.400001525878906,39.18999862670898,38.400001525878906,38.93999862670898,38.93999862670898,60382
"RLAY","Relay Therapeutics, Inc. - Common Stock","2021-03-12 15:30:00-05:00",38.880001068115234,39.41999816894531,38.810001373291016,39.2599983215332,39.2599983215332,96007
"RLAY","Relay Therapeutics, Inc. - Common Stock","2021-03-12 16:00:00-05:00",39.28,39.29,39.05,39.05,39.05,0
"RLAY","Relay Therapeutics, Inc. - Common Stock","2021-03-15 08:00:00-04:00",39.29,39.29,39.29,39.29,39.29,0
"RLAY","Relay Therapeutics, Inc. - Common Stock","2021-03-15 09:30:00-04:00",39.18000030517578,40.77999877929688,37.630001068115234,39.92499923706055,39.92499923706055,130841
"RLAY","Relay Therapeutics, Inc. - Common Stock","2021-03-15 10:30:00-04:00",40.060001373291016,40.2599983215332,39.34000015258789,39.650001525878906,39.650001525878906,106755
"RLAY","Relay Therapeutics, Inc. - Common Stock","2021-03-15 11:30:00-04:00",39.650001525878906,40.25,39.560001373291016,40.0,40.0,122847
"RLAY","Relay Therapeutics, Inc. - Common Stock","2021-03-15 12:30:00-04:00",39.994998931884766,40.16999816894531,39.025001525878906,39.025001525878906,39.025001525878906,78713
"RLAY","Relay Therapeutics, Inc. - Common Stock","2021-03-15 13:30:00-04:00",39.08000183105469,39.40999984741211,38.290000915527344,38.79999923706055,38.79999923706055,86651
"RLAY","Relay Therapeutics, Inc. - Common Stock","2021-03-15 14:30:00-04:00",38.79999923706055,39.630001068115234,38.7400016784668,39.44499969482422,39.44499969482422,107932
"RLAY","Relay Therapeutics, Inc. - Common Stock","2021-03-15 15:30:00-04:00",39.5,39.58000183105469,38.959999084472656,39.5099983215332,39.5099983215332,142027
"RLAY","Relay Therapeutics, Inc. - Common Stock","2021-03-15 16:00:00-04:00",39.52,39.52,39.52,39.52,39.52,0
"RLAY","Relay Therapeutics, Inc. - Common Stock","2021-03-16 08:00:00-04:00",39.52,39.52,39.52,39.52,39.52,0
"RLAY","Relay Therapeutics, Inc. - Common Stock","2021-03-16 09:30:00-04:00",39.34999847412109,40.63999938964844,38.7599983215332,40.27999877929688,40.27999877929688,98021
"RLAY","Relay Therapeutics, Inc. - Common Stock","2021-03-16 10:30:00-04:00",40.369998931884766,40.65499877929688,39.93000030517578,40.244998931884766,40.244998931884766,112358
"RLAY","Relay Therapeutics, Inc. - Common Stock","2021-03-16 11:30:00-04:00",40.244998931884766,40.45000076293945,40.02000045776367,40.11000061035156,40.11000061035156,67359
"RLAY","Relay Therapeutics, Inc. - Common Stock","2021-03-16 12:30:00-04:00",40.15999984741211,40.70500183105469,39.85499954223633,40.3650016784668,40.3650016784668,91511
"RLAY","Relay Therapeutics, Inc. - Common Stock","2021-03-16 13:30:00-04:00",40.3650016784668,40.380001068115234,39.05350112915039,39.244998931884766,39.244998931884766,112986
"RLAY","Relay Therapeutics, Inc. - Common Stock","2021-03-16 14:30:00-04:00",39.369998931884766,40.16999816894531,38.90999984741211,40.15999984741211,40.15999984741211,104706
"RLAY","Relay Therapeutics, Inc. - Common Stock","2021-03-16 15:30:00-04:00",40.06999969482422,40.4900016784668,39.970001220703125,40.09000015258789,40.09000015258789,104086
"RLAY","Relay Therapeutics, Inc. - Common Stock","2021-03-16 16:00:00-04:00",40.09,40.27,40.09,40.27,40.27,0
"RLAY","Relay Therapeutics, Inc. - Common Stock","2021-03-17 08:00:00-04:00",40.27,40.27,40.27,40.27,40.27,0
"RLAY","Relay Therapeutics, Inc. - Common Stock","2021-03-17 09:30:00-04:00",40.18999862670898,40.38999938964844,38.90999984741211,39.27999877929688,39.27999877929688,64804
"RLAY","Relay Therapeutics, Inc. - Common Stock","2021-03-17 10:30:00-04:00",39.29999923706055,39.95000076293945,38.92919921875,39.95000076293945,39.95000076293945,63845
"RLAY","Relay Therapeutics, Inc. - Common Stock","2021-03-17 11:30:00-04:00",39.93000030517578,39.93000030517578,39.31999969482422,39.4900016784668,39.4900016784668,71180
"RLAY","Relay Therapeutics, Inc. - Common Stock","2021-03-17 12:30:00-04:00",39.5,39.83000183105469,39.040000915527344,39.70000076293945,39.70000076293945,64135
"RLAY","Relay Therapeutics, Inc. - Common Stock","2021-03-17 13:30:00-04:00",39.68000030517578,40.630001068115234,39.54999923706055,40.15999984741211,40.15999984741211,63937
"RLAY","Relay Therapeutics, Inc. - Common Stock","2021-03-17 14:30:00-04:00",40.16999816894531,40.61000061035156,39.8849983215332,40.0,40.0,80348
"RLAY","Relay Therapeutics, Inc. - Common Stock","2021-03-17 15:30:00-04:00",40.0,40.33000183105469,39.79999923706055,40.2400016784668,40.2400016784668,122078
"RLAY","Relay Therapeutics, Inc. - Common Stock","2021-03-17 16:00:00-04:00",40.26,40.26,40.26,40.26,40.26,0
"RLAY","Relay Therapeutics, Inc. - Common Stock","2021-03-18 07:00:00-04:00",42.25,42.25,42.25,42.25,42.25,0
"RLAY","Relay Therapeutics, Inc. - Common Stock","2021-03-18 08:00:00-04:00",40.26,40.26,40.26,40.26,40.26,0
"RLAY","Relay Therapeutics, Inc. - Common Stock","2021-03-18 09:30:00-04:00",39.97999954223633,40.40999984741211,38.27999877929688,38.42250061035156,38.42250061035156,49903
"RLAY","Relay Therapeutics, Inc. - Common Stock","2021-03-18 10:30:00-04:00",38.5099983215332,38.89500045776367,38.0,38.89500045776367,38.89500045776367,74721
"RLAY","Relay Therapeutics, Inc. - Common Stock","2021-03-18 11:30:00-04:00",38.869998931884766,39.47999954223633,38.67499923706055,38.90999984741211,38.90999984741211,61356
"RLAY","Relay Therapeutics, Inc. - Common Stock","2021-03-18 12:30:00-04:00",38.90999984741211,39.56999969482422,38.900001525878906,38.91999816894531,38.91999816894531,53867
"RLAY","Relay Therapeutics, Inc. - Common Stock","2021-03-18 13:30:00-04:00",38.935001373291016,39.16999816894531,37.77000045776367,37.77000045776367,37.77000045776367,50538
"RLAY","Relay Therapeutics, Inc. - Common Stock","2021-03-18 14:30:00-04:00",37.77999877929688,38.09000015258789,37.40999984741211,37.77999877929688,37.77999877929688,108412
"RLAY","Relay Therapeutics, Inc. - Common Stock","2021-03-18 15:30:00-04:00",37.78499984741211,37.880001068115234,36.869998931884766,37.45000076293945,37.45000076293945,257255
"RLAY","Relay Therapeutics, Inc. - Common Stock","2021-03-18 16:00:00-04:00",37.34,37.52,37.34,37.52,37.52,0
"RLAY","Relay Therapeutics, Inc. - Common Stock","2021-03-18 17:00:00-04:00",37.52,37.52,37.52,37.52,37.52,0
"RLAY","Relay Therapeutics, Inc. - Common Stock","2021-03-19 08:00:00-04:00",37.52,37.52,37.52,37.52,37.52,0
"RLAY","Relay Therapeutics, Inc. - Common Stock","2021-03-19 09:00:00-04:00",38.0,38.0,38.0,38.0,38.0,0
"RLAY","Relay Therapeutics, Inc. - Common Stock","2021-03-19 09:30:00-04:00",38.79999923706055,38.79999923706055,37.56999969482422,38.65999984741211,38.65999984741211,189340
"RLAY","Relay Therapeutics, Inc. - Common Stock","2021-03-19 10:30:00-04:00",38.70000076293945,39.29999923706055,38.10499954223633,38.435001373291016,38.435001373291016,67752
"RLAY","Relay Therapeutics, Inc. - Common Stock","2021-03-19 11:30:00-04:00",38.435001373291016,39.2400016784668,38.119998931884766,38.88999938964844,38.88999938964844,71957
"RLAY","Relay Therapeutics, Inc. - Common Stock","2021-03-19 12:30:00-04:00",38.89500045776367,39.869998931884766,38.89500045776367,39.4900016784668,39.4900016784668,82733
"RLAY","Relay Therapeutics, Inc. - Common Stock","2021-03-19 13:30:00-04:00",39.47999954223633,39.61000061035156,38.15999984741211,38.459999084472656,38.459999084472656,79455
"RLAY","Relay Therapeutics, Inc. - Common Stock","2021-03-19 14:30:00-04:00",38.36000061035156,38.459999084472656,37.20000076293945,37.68999862670898,37.68999862670898,105303
"RLAY","Relay Therapeutics, Inc. - Common Stock","2021-03-19 15:30:00-04:00",37.68999862670898,38.1150016784668,37.040000915527344,37.15999984741211,37.15999984741211,227045
"RLAY","Relay Therapeutics, Inc. - Common Stock","2021-03-19 16:00:00-04:00",37.16,37.52,37.0,37.1,37.1,0
"RLAY","Relay Therapeutics, Inc. - Common Stock","2021-03-19 18:00:00-04:00",37.3,37.3,37.3,37.3,37.3,0
"RLAY","Relay Therapeutics, Inc. - Common Stock","2021-03-22 08:00:00-04:00",37.3,37.3,37.3,37.3,37.3,0
"RLAY","Relay Therapeutics, Inc. - Common Stock","2021-03-22 09:30:00-04:00",36.86000061035156,38.290000915527344,36.76499938964844,38.20000076293945,38.20000076293945,64610
"RLAY","Relay Therapeutics, Inc. - Common Stock","2021-03-22 10:30:00-04:00",38.20000076293945,38.52000045776367,37.810001373291016,38.0,38.0,61389
"RLAY","Relay Therapeutics, Inc. - Common Stock","2021-03-22 11:30:00-04:00",38.06499862670898,38.45000076293945,37.900001525878906,38.17499923706055,38.17499923706055,51535
"RLAY","Relay Therapeutics, Inc. - Common Stock","2021-03-22 12:30:00-04:00",38.08000183105469,38.45000076293945,37.77999877929688,38.255001068115234,38.255001068115234,56855
"RLAY","Relay Therapeutics, Inc. - Common Stock","2021-03-22 13:30:00-04:00",38.060001373291016,39.68000030517578,38.060001373291016,39.52000045776367,39.52000045776367,99001
"RLAY","Relay Therapeutics, Inc. - Common Stock","2021-03-22 14:30:00-04:00",39.65999984741211,39.70000076293945,38.95500183105469,39.05500030517578,39.05500030517578,80822
"RLAY","Relay Therapeutics, Inc. - Common Stock","2021-03-22 15:30:00-04:00",39.03499984741211,39.470001220703125,38.959999084472656,39.290000915527344,39.290000915527344,132048
"RLAY","Relay Therapeutics, Inc. - Common Stock","2021-03-22 16:00:00-04:00",39.26,39.26,39.26,39.26,39.26,502666
"RLAY","Relay Therapeutics, Inc. - Common Stock","2021-03-22 17:00:00-04:00",39.26,39.26,39.26,39.26,39.26,0
"RLAY","Relay Therapeutics, Inc. - Common Stock","2021-03-23 09:00:00-04:00",39.26,39.26,39.26,39.26,39.26,0
"RLAY","Relay Therapeutics, Inc. - Common Stock","2021-03-23 09:30:00-04:00",38.869998931884766,39.375,37.06999969482422,37.06999969482422,37.06999969482422,82763
"RLAY","Relay Therapeutics, Inc. - Common Stock","2021-03-23 10:30:00-04:00",37.25,37.41999816894531,36.25,36.25,36.25,66650
"RLAY","Relay Therapeutics, Inc. - Common Stock","2021-03-23 11:30:00-04:00",36.34999847412109,36.4900016784668,35.89649963378906,36.125,36.125,31320
"RLAY","Relay Therapeutics, Inc. - Common Stock","2021-03-23 12:30:00-04:00",36.25,36.84999847412109,36.18000030517578,36.59000015258789,36.59000015258789,80671
"RLAY","Relay Therapeutics, Inc. - Common Stock","2021-03-23 13:30:00-04:00",36.630001068115234,36.834999084472656,36.47999954223633,36.494998931884766,36.494998931884766,36999
"RLAY","Relay Therapeutics, Inc. - Common Stock","2021-03-23 14:30:00-04:00",36.36000061035156,36.59999847412109,35.75,36.04999923706055,36.04999923706055,82200
"RLAY","Relay Therapeutics, Inc. - Common Stock","2021-03-23 15:30:00-04:00",35.959999084472656,36.560001373291016,35.93000030517578,36.400001525878906,36.400001525878906,192747
"RLAY","Relay Therapeutics, Inc. - Common Stock","2021-03-23 16:00:00-04:00",36.45,36.45,36.45,36.45,36.45,510751
"RLAY","Relay Therapeutics, Inc. - Common Stock","2021-03-23 17:00:00-04:00",36.45,36.45,36.45,36.45,36.45,0
"RLAY","Relay Therapeutics, Inc. - Common Stock","2021-03-24 08:00:00-04:00",36.45,36.45,36.45,36.45,36.45,0
"RLAY","Relay Therapeutics, Inc. - Common Stock","2021-03-24 09:30:00-04:00",36.86000061035156,37.0,35.099998474121094,35.93000030517578,35.93000030517578,60835
"RLAY","Relay Therapeutics, Inc. - Common Stock","2021-03-24 10:30:00-04:00",35.869998931884766,36.33000183105469,35.40999984741211,35.7400016784668,35.7400016784668,51253
"RLAY","Relay Therapeutics, Inc. - Common Stock","2021-03-24 11:30:00-04:00",35.779998779296875,35.88999938964844,35.119998931884766,35.349998474121094,35.349998474121094,42239
"RLAY","Relay Therapeutics, Inc. - Common Stock","2021-03-24 12:30:00-04:00",35.349998474121094,35.375,35.0,35.02000045776367,35.02000045776367,66755
"RLAY","Relay Therapeutics, Inc. - Common Stock","2021-03-24 13:30:00-04:00",35.130001068115234,35.32210159301758,34.93000030517578,35.32210159301758,35.32210159301758,41963
"RLAY","Relay Therapeutics, Inc. - Common Stock","2021-03-24 14:30:00-04:00",35.220001220703125,35.349998474121094,35.04999923706055,35.29999923706055,35.29999923706055,80937
"RLAY","Relay Therapeutics, Inc. - Common Stock","2021-03-24 15:30:00-04:00",35.290000915527344,35.400001525878906,34.69499969482422,35.099998474121094,35.099998474121094,167745
"RLAY","Relay Therapeutics, Inc. - Common Stock","2021-03-24 16:00:00-04:00",35.05,36.0,35.05,36.0,36.0,0
"RLAY","Relay Therapeutics, Inc. - Common Stock","2021-03-24 17:00:00-04:00",35.3,35.3,35.3,35.3,35.3,0
"RLAY","Relay Therapeutics, Inc. - Common Stock","2021-03-25 09:30:00-04:00",34.900001525878906,36.04999923706055,34.3650016784668,34.689998626708984,34.689998626708984,103363
"RLAY","Relay Therapeutics, Inc. - Common Stock","2021-03-25 10:30:00-04:00",34.54999923706055,34.849998474121094,33.790000915527344,34.04999923706055,34.04999923706055,81851
"RLAY","Relay Therapeutics, Inc. - Common Stock","2021-03-25 11:30:00-04:00",34.279998779296875,35.55500030517578,33.970001220703125,35.55500030517578,35.55500030517578,94848
"RLAY","Relay Therapeutics, Inc. - Common Stock","2021-03-25 12:30:00-04:00",35.61000061035156,35.61000061035156,34.86000061035156,34.959999084472656,34.959999084472656,34375
"RLAY","Relay Therapeutics, Inc. - Common Stock","2021-03-25 13:30:00-04:00",35.1349983215332,35.27000045776367,34.68000030517578,34.71500015258789,34.71500015258789,69369
"RLAY","Relay Therapeutics, Inc. - Common Stock","2021-03-25 14:30:00-04:00",34.59000015258789,35.45500183105469,34.564998626708984,35.41999816894531,35.41999816894531,72104
"RLAY","Relay Therapeutics, Inc. - Common Stock","2021-03-25 15:30:00-04:00",35.40999984741211,35.970001220703125,35.09000015258789,35.599998474121094,35.599998474121094,105759
"RLAY","Relay Therapeutics, Inc. - Common Stock","2021-03-25 16:00:00-04:00",35.57,35.57,35.57,35.57,35.57,0
"RLAY","Relay Therapeutics, Inc. - Common Stock","2021-03-26 08:00:00-04:00",35.57,35.57,35.57,35.57,35.57,0
"RLAY","Relay Therapeutics, Inc. - Common Stock","2021-03-26 09:30:00-04:00",34.68000030517578,35.5099983215332,33.08000183105469,34.529998779296875,34.529998779296875,82186
"RLAY","Relay Therapeutics, Inc. - Common Stock","2021-03-26 10:30:00-04:00",34.54999923706055,35.189998626708984,33.77000045776367,33.880001068115234,33.880001068115234,83032
"RLAY","Relay Therapeutics, Inc. - Common Stock","2021-03-26 11:30:00-04:00",33.95000076293945,34.599998474121094,33.709999084472656,34.06999969482422,34.06999969482422,60508
"RLAY","Relay Therapeutics, Inc. - Common Stock","2021-03-26 12:30:00-04:00",34.040000915527344,34.189998626708984,33.380001068115234,33.72999954223633,33.72999954223633,73119
"RLAY","Relay Therapeutics, Inc. - Common Stock","2021-03-26 13:30:00-04:00",33.779998779296875,33.88999938964844,33.0099983215332,33.490501403808594,33.490501403808594,75224
"RLAY","Relay Therapeutics, Inc. - Common Stock","2021-03-26 14:30:00-04:00",33.4900016784668,33.81999969482422,33.099998474121094,33.54999923706055,33.54999923706055,108794
"RLAY","Relay Therapeutics, Inc. - Common Stock","2021-03-26 15:30:00-04:00",33.584999084472656,34.470001220703125,33.584999084472656,34.25,34.25,180033
"RLAY","Relay Therapeutics, Inc. - Common Stock","2021-03-26 16:00:00-04:00",34.25,34.25,34.25,34.25,34.25,0
"RLAY","Relay Therapeutics, Inc. - Common Stock","2021-03-26 18:00:00-04:00",36.6,36.6,36.6,36.6,36.6,0
"RLAY","Relay Therapeutics, Inc. - Common Stock","2021-03-29 08:00:00-04:00",34.25,34.25,34.25,34.25,34.25,0
"RLAY","Relay Therapeutics, Inc. - Common Stock","2021-03-29 09:00:00-04:00",34.25,34.9,34.25,34.9,34.9,0
"RLAY","Relay Therapeutics, Inc. - Common Stock","2021-03-29 09:30:00-04:00",33.90999984741211,33.90999984741211,32.900001525878906,33.3650016784668,33.3650016784668,147404
"RLAY","Relay Therapeutics, Inc. - Common Stock","2021-03-29 10:30:00-04:00",33.45000076293945,33.4900016784668,32.5,32.709999084472656,32.709999084472656,113334
"RLAY","Relay Therapeutics, Inc. - Common Stock","2021-03-29 11:30:00-04:00",32.709999084472656,33.220001220703125,32.5,32.689998626708984,32.689998626708984,69136
"RLAY","Relay Therapeutics, Inc. - Common Stock","2021-03-29 12:30:00-04:00",32.630001068115234,33.255001068115234,32.59000015258789,32.849998474121094,32.849998474121094,59498
"RLAY","Relay Therapeutics, Inc. - Common Stock","2021-03-29 13:30:00-04:00",32.709999084472656,32.9900016784668,32.46500015258789,32.83000183105469,32.83000183105469,72087
"RLAY","Relay Therapeutics, Inc. - Common Stock","2021-03-29 14:30:00-04:00",32.775001525878906,33.40999984741211,32.5,33.040000915527344,33.040000915527344,79659
"RLAY","Relay Therapeutics, Inc. - Common Stock","2021-03-29 15:30:00-04:00",33.099998474121094,33.20500183105469,32.5,32.52000045776367,32.52000045776367,150749
"RLAY","Relay Therapeutics, Inc. - Common Stock","2021-03-29 16:00:00-04:00",32.52,33.06,32.52,33.0,33.0,0
"RLAY","Relay Therapeutics, Inc. - Common Stock","2021-03-29 17:00:00-04:00",34.25,34.25,34.25,34.25,34.25,0
"RLAY","Relay Therapeutics, Inc. - Common Stock","2021-03-30 08:00:00-04:00",32.52,32.52,32.52,32.52,32.52,0
"RLAY","Relay Therapeutics, Inc. - Common Stock","2021-03-30 09:00:00-04:00",33.1996,33.1996,33.1996,33.1996,33.1996,0
"RLAY","Relay Therapeutics, Inc. - Common Stock","2021-03-30 09:30:00-04:00",32.349998474121094,33.52000045776367,31.309999465942383,33.04999923706055,33.04999923706055,154830
"RLAY","Relay Therapeutics, Inc. - Common Stock","2021-03-30 10:30:00-04:00",33.02000045776367,35.619998931884766,32.810001373291016,35.619998931884766,35.619998931884766,130436
"RLAY","Relay Therapeutics, Inc. - Common Stock","2021-03-30 11:30:00-04:00",35.290000915527344,35.970001220703125,34.92250061035156,35.95000076293945,35.95000076293945,89352
"RLAY","Relay Therapeutics, Inc. - Common Stock","2021-03-30 12:30:00-04:00",35.90999984741211,36.310001373291016,35.70000076293945,36.0,36.0,67606
"RLAY","Relay Therapeutics, Inc. - Common Stock","2021-03-30 13:30:00-04:00",35.9900016784668,36.0625,34.58000183105469,35.11000061035156,35.11000061035156,76568
"RLAY","Relay Therapeutics, Inc. - Common Stock","2021-03-30 14:30:00-04:00",35.11000061035156,35.91999816894531,35.0099983215332,35.47999954223633,35.47999954223633,67841
"RLAY","Relay Therapeutics, Inc. - Common Stock","2021-03-30 15:30:00-04:00",35.5099983215332,36.29999923706055,35.2599983215332,35.59000015258789,35.59000015258789,236908
"RLAY","Relay Therapeutics, Inc. - Common Stock","2021-03-30 16:00:00-04:00",35.59,35.59,35.58,35.5801,35.5801,0
"RLAY","Relay Therapeutics, Inc. - Common Stock","2021-04-01 09:30:00-04:00",35.0099983215332,36.08000183105469,34.75,35.334999084472656,35.334999084472656,0
"RLAY","Relay Therapeutics, Inc. - Common Stock","2021-04-01 10:30:00-04:00",35.2599983215332,35.62990188598633,35.05500030517578,35.16999816894531,35.16999816894531,44708
"RLAY","Relay Therapeutics, Inc. - Common Stock","2021-04-01 11:30:00-04:00",35.244998931884766,35.36000061035156,34.939998626708984,35.36000061035156,35.36000061035156,119659
"RLAY","Relay Therapeutics, Inc. - Common Stock","2021-04-01 12:30:00-04:00",35.36000061035156,35.75,35.150001525878906,35.3849983215332,35.3849983215332,71241
"RLAY","Relay Therapeutics, Inc. - Common Stock","2021-04-01 13:30:00-04:00",35.40999984741211,35.63999938964844,35.279998779296875,35.439998626708984,35.439998626708984,38579
"RLAY","Relay Therapeutics, Inc. - Common Stock","2021-04-01 14:30:00-04:00",35.470001220703125,36.13999938964844,35.29999923706055,36.09000015258789,36.09000015258789,100522
"RLAY","Relay Therapeutics, Inc. - Common Stock","2021-04-01 15:30:00-04:00",36.119998931884766,36.47999954223633,35.90999984741211,36.25,36.25,110407
"RLAY","Relay Therapeutics, Inc. - Common Stock","2021-04-01 16:00:00-04:00",36.17,36.6,36.17,36.6,36.6,0
"RLAY","Relay Therapeutics, Inc. - Common Stock","2021-04-05 08:00:00-04:00",36.2,36.2,36.2,36.2,36.2,0
"RLAY","Relay Therapeutics, Inc. - Common Stock","2021-04-05 09:00:00-04:00",36.3,36.3,36.3,36.3,36.3,0
"RLAY","Relay Therapeutics, Inc. - Common Stock","2021-04-05 09:30:00-04:00",36.2599983215332,37.86000061035156,36.2599983215332,37.53499984741211,37.53499984741211,115831
"RLAY","Relay Therapeutics, Inc. - Common Stock","2021-04-05 10:30:00-04:00",37.53499984741211,37.88999938964844,36.65999984741211,37.68999862670898,37.68999862670898,118955
"RLAY","Relay Therapeutics, Inc. - Common Stock","2021-04-05 11:30:00-04:00",37.81999969482422,37.9900016784668,37.33000183105469,37.84000015258789,37.84000015258789,71146
"RLAY","Relay Therapeutics, Inc. - Common Stock","2021-04-05 12:30:00-04:00",37.775001525878906,38.09999847412109,36.88999938964844,37.02999877929688,37.02999877929688,102353
"RLAY","Relay Therapeutics, Inc. - Common Stock","2021-04-05 13:30:00-04:00",37.06999969482422,37.95000076293945,36.77999877929688,37.59999847412109,37.59999847412109,68384
"RLAY","Relay Therapeutics, Inc. - Common Stock","2021-04-05 14:30:00-04:00",37.81999969482422,38.15999984741211,37.52000045776367,37.81999969482422,37.81999969482422,80054
"RLAY","Relay Therapeutics, Inc. - Common Stock","2021-04-05 15:30:00-04:00",37.83000183105469,38.36000061035156,37.59000015258789,38.27999877929688,38.27999877929688,126407
"RLAY","Relay Therapeutics, Inc. - Common Stock","2021-04-05 16:00:00-04:00",38.19,38.5,36.01,38.5,38.5,0
"RLAY","Relay Therapeutics, Inc. - Common Stock","2021-04-06 08:00:00-04:00",38.19,38.19,38.19,38.19,38.19,0
"RLAY","Relay Therapeutics, Inc. - Common Stock","2021-04-06 09:30:00-04:00",38.0,38.79999923706055,36.75,37.040000915527344,37.040000915527344,55750
"RLAY","Relay Therapeutics, Inc. - Common Stock","2021-04-06 10:30:00-04:00",37.040000915527344,38.03499984741211,36.95000076293945,37.9900016784668,37.9900016784668,20412
"RLAY","Relay Therapeutics, Inc. - Common Stock","2021-04-06 11:30:00-04:00",37.959999084472656,38.310001373291016,37.84000015258789,37.93999862670898,37.93999862670898,37021
"RLAY","Relay Therapeutics, Inc. - Common Stock","2021-04-06 12:30:00-04:00",37.9900016784668,38.27999877929688,37.0,37.09999847412109,37.09999847412109,64463
"RLAY","Relay Therapeutics, Inc. - Common Stock","2021-04-06 13:30:00-04:00",37.20000076293945,37.38999938964844,36.86000061035156,36.96500015258789,36.96500015258789,18010
"RLAY","Relay Therapeutics, Inc. - Common Stock","2021-04-06 14:30:00-04:00",37.0099983215332,37.09999847412109,36.29999923706055,36.470001220703125,36.470001220703125,65081
"RLAY","Relay Therapeutics, Inc. - Common Stock","2021-04-06 15:30:00-04:00",36.435001373291016,36.59000015258789,35.96500015258789,36.209999084472656,36.209999084472656,71440
"RLAY","Relay Therapeutics, Inc. - Common Stock","2021-04-06 16:00:00-04:00",36.26,36.9,35.87,36.26,36.26,0
"RLAY","Relay Therapeutics, Inc. - Common Stock","2021-04-07 08:00:00-04:00",36.26,36.26,36.26,36.26,36.26,0
"RLAY","Relay Therapeutics, Inc. - Common Stock","2021-04-07 09:30:00-04:00",36.41999816894531,36.5099983215332,35.40999984741211,36.27000045776367,36.27000045776367,86565
"RLAY","Relay Therapeutics, Inc. - Common Stock","2021-04-07 10:30:00-04:00",36.2400016784668,36.540000915527344,35.939998626708984,36.150001525878906,36.150001525878906,57747
"RLAY","Relay Therapeutics, Inc. - Common Stock","2021-04-07 11:30:00-04:00",36.209999084472656,36.52000045776367,35.900001525878906,36.02000045776367,36.02000045776367,38709
"RLAY","Relay Therapeutics, Inc. - Common Stock","2021-04-07 12:30:00-04:00",35.95000076293945,36.5,35.900001525878906,36.16999816894531,36.16999816894531,25203
"RLAY","Relay Therapeutics, Inc. - Common Stock","2021-04-07 13:30:00-04:00",36.16999816894531,36.61000061035156,36.04999923706055,36.17499923706055,36.17499923706055,36086
"RLAY","Relay Therapeutics, Inc. - Common Stock","2021-04-07 14:30:00-04:00",36.20000076293945,36.23500061035156,35.93000030517578,36.09999847412109,36.09999847412109,58599
"RLAY","Relay Therapeutics, Inc. - Common Stock","2021-04-07 15:30:00-04:00",36.11000061035156,36.150001525878906,35.34000015258789,35.68000030517578,35.68000030517578,234066
"RLAY","Relay Therapeutics, Inc. - Common Stock","2021-04-07 16:00:00-04:00",35.68,35.68,35.68,35.68,35.68,0
"RLAY","Relay Therapeutics, Inc. - Common Stock","2021-04-08 06:00:00-04:00",35.09,35.09,35.09,35.09,35.09,0
"RLAY","Relay Therapeutics, Inc. - Common Stock","2021-04-08 09:30:00-04:00",35.93000030517578,36.84999847412109,35.189998626708984,35.650001525878906,35.650001525878906,94374
"RLAY","Relay Therapeutics, Inc. - Common Stock","2021-04-08 10:30:00-04:00",35.81999969482422,35.939998626708984,35.27000045776367,35.38999938964844,35.38999938964844,30477
"RLAY","Relay Therapeutics, Inc. - Common Stock","2021-04-08 11:30:00-04:00",35.380001068115234,35.720001220703125,35.209999084472656,35.709999084472656,35.709999084472656,29359
"RLAY","Relay Therapeutics, Inc. - Common Stock","2021-04-08 12:30:00-04:00",35.86000061035156,35.97999954223633,35.310001373291016,35.41999816894531,35.41999816894531,26190
"RLAY","Relay Therapeutics, Inc. - Common Stock","2021-04-08 13:30:00-04:00",35.40999984741211,35.586299896240234,34.709999084472656,35.39500045776367,35.39500045776367,42196
"RLAY","Relay Therapeutics, Inc. - Common Stock","2021-04-08 14:30:00-04:00",35.2599983215332,35.630001068115234,35.13999938964844,35.290000915527344,35.290000915527344,32040
"RLAY","Relay Therapeutics, Inc. - Common Stock","2021-04-08 15:30:00-04:00",35.400001525878906,35.63999938964844,35.11000061035156,35.349998474121094,35.349998474121094,95078
"RLAY","Relay Therapeutics, Inc. - Common Stock","2021-04-08 16:00:00-04:00",35.35,35.35,35.34,35.34,35.34,0
"RLAY","Relay Therapeutics, Inc. - Common Stock","2021-04-09 09:30:00-04:00",35.310001373291016,36.0099983215332,34.6349983215332,35.209999084472656,35.209999084472656,343777
"RLAY","Relay Therapeutics, Inc. - Common Stock","2021-04-09 10:30:00-04:00",35.220001220703125,36.0,35.165000915527344,35.720001220703125,35.720001220703125,22474
"RLAY","Relay Therapeutics, Inc. - Common Stock","2021-04-09 11:30:00-04:00",35.599998474121094,36.08000183105469,35.52000045776367,35.95500183105469,35.95500183105469,206493
"RLAY","Relay Therapeutics, Inc. - Common Stock","2021-04-09 12:30:00-04:00",36.11000061035156,36.119998931884766,35.029998779296875,35.45000076293945,35.45000076293945,20943
"RLAY","Relay Therapeutics, Inc. - Common Stock","2021-04-09 13:30:00-04:00",35.380001068115234,35.43000030517578,33.79999923706055,34.119998931884766,34.119998931884766,53712
"RLAY","Relay Therapeutics, Inc. - Common Stock","2021-04-09 14:30:00-04:00",34.15999984741211,34.189998626708984,33.33000183105469,33.93000030517578,33.93000030517578,38179
"RLAY","Relay Therapeutics, Inc. - Common Stock","2021-04-09 15:30:00-04:00",33.9900016784668,34.1150016784668,33.52000045776367,33.619998931884766,33.619998931884766,117529
"RLAY","Relay Therapeutics, Inc. - Common Stock","2021-04-09 16:00:00-04:00",33.63,33.63,33.63,33.63,33.63,36735
"RLAY","Relay Therapeutics, Inc. - Common Stock","2021-04-12 09:00:00-04:00",33.81,33.81,33.81,33.81,33.81,0
"RLAY","Relay Therapeutics, Inc. - Common Stock","2021-04-12 09:30:00-04:00",33.630001068115234,33.630001068115234,32.34000015258789,33.36000061035156,33.36000061035156,89671
"RLAY","Relay Therapeutics, Inc. - Common Stock","2021-04-12 10:30:00-04:00",33.25,34.36000061035156,32.92250061035156,34.02000045776367,34.02000045776367,226026
"RLAY","Relay Therapeutics, Inc. - Common Stock","2021-04-12 11:30:00-04:00",34.029998779296875,34.290000915527344,33.84000015258789,33.86000061035156,33.86000061035156,62945
"RLAY","Relay Therapeutics, Inc. - Common Stock","2021-04-12 12:30:00-04:00",33.900001525878906,34.0,33.09000015258789,33.3650016784668,33.3650016784668,93817
"RLAY","Relay Therapeutics, Inc. - Common Stock","2021-04-12 13:30:00-04:00",33.30500030517578,33.68000030517578,32.82500076293945,33.209999084472656,33.209999084472656,214017
"RLAY","Relay Therapeutics, Inc. - Common Stock","2021-04-12 14:30:00-04:00",33.209999084472656,33.529998779296875,32.959999084472656,33.09000015258789,33.09000015258789,216448
"RLAY","Relay Therapeutics, Inc. - Common Stock","2021-04-12 15:30:00-04:00",33.04999923706055,33.13999938964844,32.61000061035156,32.77000045776367,32.77000045776367,166745
"RLAY","Relay Therapeutics, Inc. - Common Stock","2021-04-12 16:00:00-04:00",32.77,32.77,32.77,32.77,32.77,0
"RLAY","Relay Therapeutics, Inc. - Common Stock","2021-04-12 17:00:00-04:00",32.77,32.77,32.77,32.77,32.77,0
"RLAY","Relay Therapeutics, Inc. - Common Stock","2021-04-12 19:00:00-04:00",34.41,36.0,34.41,36.0,36.0,0
"RLAY","Relay Therapeutics, Inc. - Common Stock","2021-04-13 08:00:00-04:00",32.77,32.77,32.77,32.77,32.77,0
"RLAY","Relay Therapeutics, Inc. - Common Stock","2021-04-13 09:30:00-04:00",32.709999084472656,33.2400016784668,31.209999084472656,31.41399955749512,31.41399955749512,133370
"RLAY","Relay Therapeutics, Inc. - Common Stock","2021-04-13 10:30:00-04:00",31.440000534057617,31.739999771118164,31.13999938964844,31.690000534057617,31.690000534057617,184189
"RLAY","Relay Therapeutics, Inc. - Common Stock","2021-04-13 11:30:00-04:00",31.63500022888184,31.86000061035156,30.71500015258789,30.80940055847168,30.80940055847168,270011
"RLAY","Relay Therapeutics, Inc. - Common Stock","2021-04-13 12:30:00-04:00",30.71500015258789,31.739999771118164,30.71500015258789,31.690000534057617,31.690000534057617,61861
"RLAY","Relay Therapeutics, Inc. - Common Stock","2021-04-13 13:30:00-04:00",31.690000534057617,31.729999542236328,31.31999969482422,31.625,31.625,75601
"RLAY","Relay Therapeutics, Inc. - Common Stock","2021-04-13 14:30:00-04:00",31.63500022888184,32.16999816894531,31.25,32.16999816894531,32.16999816894531,91631
"RLAY","Relay Therapeutics, Inc. - Common Stock","2021-04-13 15:30:00-04:00",32.16999816894531,32.310001373291016,31.84000015258789,31.93000030517578,31.93000030517578,164380
"RLAY","Relay Therapeutics, Inc. - Common Stock","2021-04-13 16:00:00-04:00",31.97,31.97,31.0,31.0,31.0,0
"RLAY","Relay Therapeutics, Inc. - Common Stock","2021-04-14 08:00:00-04:00",32.25,32.25,32.25,32.25,32.25,0
"RLAY","Relay Therapeutics, Inc. - Common Stock","2021-04-14 09:30:00-04:00",32.279998779296875,33.900001525878906,32.01499938964844,33.689998626708984,33.689998626708984,76061
"RLAY","Relay Therapeutics, Inc. - Common Stock","2021-04-14 10:30:00-04:00",33.7400016784668,34.56999969482422,33.650001525878906,34.45000076293945,34.45000076293945,38880
"RLAY","Relay Therapeutics, Inc. - Common Stock","2021-04-14 11:30:00-04:00",34.380001068115234,35.20000076293945,34.380001068115234,35.040000915527344,35.040000915527344,32554
"RLAY","Relay Therapeutics, Inc. - Common Stock","2021-04-14 12:30:00-04:00",35.11000061035156,35.56999969482422,34.875,35.060001373291016,35.060001373291016,44101
"RLAY","Relay Therapeutics, Inc. - Common Stock","2021-04-14 13:30:00-04:00",35.1349983215332,35.1349983215332,33.9900016784668,34.5,34.5,39639
"RLAY","Relay Therapeutics, Inc. - Common Stock","2021-04-14 14:30:00-04:00",34.45500183105469,34.58000183105469,33.755001068115234,34.220001220703125,34.220001220703125,56983
"RLAY","Relay Therapeutics, Inc. - Common Stock","2021-04-14 15:30:00-04:00",34.16999816894531,34.380001068115234,33.849998474121094,34.099998474121094,34.099998474121094,101717
"RLAY","Relay Therapeutics, Inc. - Common Stock","2021-04-14 16:00:00-04:00",34.05,34.05,34.05,34.05,34.05,0
"RLAY","Relay Therapeutics, Inc. - Common Stock","2021-04-14 17:00:00-04:00",34.05,34.05,34.05,34.05,34.05,0
"RLAY","Relay Therapeutics, Inc. - Common Stock","2021-04-15 08:00:00-04:00",34.05,34.25,34.05,34.25,34.25,0
"RLAY","Relay Therapeutics, Inc. - Common Stock","2021-04-15 09:30:00-04:00",34.25,34.81999969482422,33.224998474121094,34.290000915527344,34.290000915527344,35881
"RLAY","Relay Therapeutics, Inc. - Common Stock","2021-04-15 10:30:00-04:00",34.290000915527344,34.88999938964844,33.584999084472656,34.779998779296875,34.779998779296875,26860
"RLAY","Relay Therapeutics, Inc. - Common Stock","2021-04-15 11:30:00-04:00",34.689998626708984,35.029998779296875,34.29750061035156,34.30500030517578,34.30500030517578,25553
"RLAY","Relay Therapeutics, Inc. - Common Stock","2021-04-15 12:30:00-04:00",34.290000915527344,34.349998474121094,33.869998931884766,33.970001220703125,33.970001220703125,16017
"RLAY","Relay Therapeutics, Inc. - Common Stock","2021-04-15 13:30:00-04:00",33.849998474121094,34.29999923706055,33.849998474121094,34.279998779296875,34.279998779296875,15662
"RLAY","Relay Therapeutics, Inc. - Common Stock","2021-04-15 14:30:00-04:00",34.20000076293945,34.3650016784668,33.18000030517578,33.27000045776367,33.27000045776367,35414
"RLAY","Relay Therapeutics, Inc. - Common Stock","2021-04-15 15:30:00-04:00",33.29499816894531,33.849998474121094,33.125,33.720001220703125,33.720001220703125,100536
"RLAY","Relay Therapeutics, Inc. - Common Stock","2021-04-15 16:00:00-04:00",33.73,33.73,33.73,33.73,33.73,0
"RLAY","Relay Therapeutics, Inc. - Common Stock","2021-04-16 08:00:00-04:00",33.73,33.85,33.73,33.85,33.85,0
"RLAY","Relay Therapeutics, Inc. - Common Stock","2021-04-16 09:30:00-04:00",33.970001220703125,34.525001525878906,32.099998474121094,32.13669967651367,32.13669967651367,131801
"RLAY","Relay Therapeutics, Inc. - Common Stock","2021-04-16 10:30:00-04:00",32.099998474121094,32.97999954223633,31.825000762939453,32.26499938964844,32.26499938964844,80427
"RLAY","Relay Therapeutics, Inc. - Common Stock","2021-04-16 11:30:00-04:00",32.185001373291016,32.349998474121094,31.81999969482422,31.89999961853028,31.89999961853028,78504
"RLAY","Relay Therapeutics, Inc. - Common Stock","2021-04-16 12:30:00-04:00",31.88500022888184,31.989999771118164,31.51000022888184,31.770000457763672,31.770000457763672,72711
"RLAY","Relay Therapeutics, Inc. - Common Stock","2021-04-16 13:30:00-04:00",31.78499984741211,32.630001068115234,31.56999969482422,32.619998931884766,32.619998931884766,43430
"RLAY","Relay Therapeutics, Inc. - Common Stock","2021-04-16 14:30:00-04:00",32.63999938964844,33.040000915527344,32.3849983215332,32.849998474121094,32.849998474121094,48661
"RLAY","Relay Therapeutics, Inc. - Common Stock","2021-04-16 15:30:00-04:00",32.810001373291016,32.880001068115234,32.380001068115234,32.58000183105469,32.58000183105469,103804
"RLAY","Relay Therapeutics, Inc. - Common Stock","2021-04-16 16:00:00-04:00",32.6,32.67,32.6,32.67,32.67,0
"RLAY","Relay Therapeutics, Inc. - Common Stock","2021-04-19 08:00:00-04:00",32.6,32.6,32.6,32.6,32.6,0
"RLAY","Relay Therapeutics, Inc. - Common Stock","2021-04-19 09:30:00-04:00",32.77000045776367,33.08000183105469,31.559999465942383,31.875,31.875,41652
"RLAY","Relay Therapeutics, Inc. - Common Stock","2021-04-19 10:30:00-04:00",31.799999237060547,31.850000381469727,30.9950008392334,31.540000915527344,31.540000915527344,67046
"RLAY","Relay Therapeutics, Inc. - Common Stock","2021-04-19 11:30:00-04:00",31.549999237060547,32.4900016784668,31.450000762939453,32.02000045776367,32.02000045776367,48445
"RLAY","Relay Therapeutics, Inc. - Common Stock","2021-04-19 12:30:00-04:00",32.220001220703125,32.720001220703125,31.989999771118164,32.09120178222656,32.09120178222656,33105
"RLAY","Relay Therapeutics, Inc. - Common Stock","2021-04-19 13:30:00-04:00",32.29999923706055,32.59000015258789,32.06999969482422,32.525001525878906,32.525001525878906,53647
"RLAY","Relay Therapeutics, Inc. - Common Stock","2021-04-19 14:30:00-04:00",32.540000915527344,32.630001068115234,32.29999923706055,32.366798400878906,32.366798400878906,25514
"RLAY","Relay Therapeutics, Inc. - Common Stock","2021-04-19 15:30:00-04:00",32.43000030517578,32.709999084472656,32.2599983215332,32.689998626708984,32.689998626708984,77663
"RLAY","Relay Therapeutics, Inc. - Common Stock","2021-04-19 16:00:00-04:00",32.63,32.63,32.629,32.629,32.629,0
"RLAY","Relay Therapeutics, Inc. - Common Stock","2021-04-19 18:00:00-04:00",31.5,31.5,31.5,31.5,31.5,0
"RLAY","Relay Therapeutics, Inc. - Common Stock","2021-04-20 08:00:00-04:00",31.01,31.01,31.01,31.01,31.01,0
"RLAY","Relay Therapeutics, Inc. - Common Stock","2021-04-20 09:30:00-04:00",32.290000915527344,32.98500061035156,32.150001525878906,32.70000076293945,32.70000076293945,18359
"RLAY","Relay Therapeutics, Inc. - Common Stock","2021-04-20 10:30:00-04:00",32.59000015258789,32.68000030517578,31.75,32.04999923706055,32.04999923706055,41882
"RLAY","Relay Therapeutics, Inc. - Common Stock","2021-04-20 11:30:00-04:00",31.94499969482422,32.810001373291016,31.5,32.52000045776367,32.52000045776367,22364
"RLAY","Relay Therapeutics, Inc. - Common Stock","2021-04-20 12:30:00-04:00",32.47999954223633,32.810001373291016,32.2400016784668,32.2400016784668,32.2400016784668,26880
"RLAY","Relay Therapeutics, Inc. - Common Stock","2021-04-20 13:30:00-04:00",32.29999923706055,32.459999084472656,31.959999084472656,32.02000045776367,32.02000045776367,15273
"RLAY","Relay Therapeutics, Inc. - Common Stock","2021-04-20 14:30:00-04:00",32.062599182128906,32.15999984741211,31.709999084472656,31.950000762939453,31.950000762939453,22128
"RLAY","Relay Therapeutics, Inc. - Common Stock","2021-04-20 15:30:00-04:00",32.0,32.31999969482422,31.920000076293945,32.2599983215332,32.2599983215332,33794
"RLAY","Relay Therapeutics, Inc. - Common Stock","2021-04-20 16:00:00-04:00",32.26,32.26,32.26,32.26,32.26,0
"RLAY","Relay Therapeutics, Inc. - Common Stock","2021-04-21 08:00:00-04:00",32.26,32.5,32.26,32.5,32.5,0
"RLAY","Relay Therapeutics, Inc. - Common Stock","2021-04-21 09:30:00-04:00",31.979999542236328,32.900001525878906,31.979999542236328,32.560001373291016,32.560001373291016,14713
"RLAY","Relay Therapeutics, Inc. - Common Stock","2021-04-21 10:30:00-04:00",32.849998474121094,33.40999984741211,32.5,33.18000030517578,33.18000030517578,62098
"RLAY","Relay Therapeutics, Inc. - Common Stock","2021-04-21 11:30:00-04:00",33.10490036010742,34.029998779296875,33.10490036010742,33.779998779296875,33.779998779296875,27774
"RLAY","Relay Therapeutics, Inc. - Common Stock","2021-04-21 12:30:00-04:00",33.790000915527344,33.90999984741211,33.45000076293945,33.540000915527344,33.540000915527344,23063
"RLAY","Relay Therapeutics, Inc. - Common Stock","2021-04-21 13:30:00-04:00",33.51900100708008,34.119998931884766,33.5099983215332,33.619998931884766,33.619998931884766,39965
"RLAY","Relay Therapeutics, Inc. - Common Stock","2021-04-21 14:30:00-04:00",33.564998626708984,34.41999816894531,33.43000030517578,34.380001068115234,34.380001068115234,44222
"RLAY","Relay Therapeutics, Inc. - Common Stock","2021-04-21 15:30:00-04:00",34.40999984741211,34.4900016784668,34.099998474121094,34.369998931884766,34.369998931884766,103861
"RLAY","Relay Therapeutics, Inc. - Common Stock","2021-04-21 16:00:00-04:00",34.45,34.5,33.99,34.41,34.41,0
"RLAY","Relay Therapeutics, Inc. - Common Stock","2021-04-22 09:30:00-04:00",33.9900016784668,34.5,32.23500061035156,32.45000076293945,32.45000076293945,37908
"RLAY","Relay Therapeutics, Inc. - Common Stock","2021-04-22 10:30:00-04:00",32.474998474121094,33.81999969482422,32.474998474121094,33.665000915527344,33.665000915527344,28151
"RLAY","Relay Therapeutics, Inc. - Common Stock","2021-04-22 11:30:00-04:00",33.86000061035156,34.400001525878906,33.4900016784668,34.189998626708984,34.189998626708984,27869
"RLAY","Relay Therapeutics, Inc. - Common Stock","2021-04-22 12:30:00-04:00",34.34000015258789,34.7599983215332,33.41999816894531,34.16999816894531,34.16999816894531,48644
"RLAY","Relay Therapeutics, Inc. - Common Stock","2021-04-22 13:30:00-04:00",34.04999923706055,34.04999923706055,33.130001068115234,33.59000015258789,33.59000015258789,28336
"RLAY","Relay Therapeutics, Inc. - Common Stock","2021-04-22 14:30:00-04:00",33.57500076293945,33.68000030517578,33.18000030517578,33.39500045776367,33.39500045776367,31143
"RLAY","Relay Therapeutics, Inc. - Common Stock","2021-04-22 15:30:00-04:00",33.459999084472656,34.2599983215332,33.459999084472656,33.959999084472656,33.959999084472656,104007
"RLAY","Relay Therapeutics, Inc. - Common Stock","2021-04-22 16:00:00-04:00",33.97,33.97,33.97,33.97,33.97,0
"RLAY","Relay Therapeutics, Inc. - Common Stock","2021-04-23 09:30:00-04:00",33.83000183105469,34.52000045776367,33.619998931884766,34.41999816894531,34.41999816894531,38639
"RLAY","Relay Therapeutics, Inc. - Common Stock","2021-04-23 10:30:00-04:00",34.369998931884766,34.45000076293945,33.43000030517578,33.43000030517578,33.43000030517578,28681
"RLAY","Relay Therapeutics, Inc. - Common Stock","2021-04-23 11:30:00-04:00",33.405601501464844,33.689998626708984,32.775001525878906,32.775001525878906,32.775001525878906,39752
"RLAY","Relay Therapeutics, Inc. - Common Stock","2021-04-23 12:30:00-04:00",32.70000076293945,33.310001373291016,32.689998626708984,33.310001373291016,33.310001373291016,11081
"RLAY","Relay Therapeutics, Inc. - Common Stock","2021-04-23 13:30:00-04:00",33.279998779296875,33.5099983215332,33.130001068115234,33.24250030517578,33.24250030517578,43787
"RLAY","Relay Therapeutics, Inc. - Common Stock","2021-04-23 14:30:00-04:00",33.29999923706055,33.52000045776367,33.209999084472656,33.46500015258789,33.46500015258789,35151
"RLAY","Relay Therapeutics, Inc. - Common Stock","2021-04-23 15:30:00-04:00",33.435001373291016,33.4900016784668,32.91999816894531,33.34000015258789,33.34000015258789,89393
"RLAY","Relay Therapeutics, Inc. - Common Stock","2021-04-23 16:00:00-04:00",33.34,33.34,32.76,32.76,32.76,0
"RLAY","Relay Therapeutics, Inc. - Common Stock","2021-04-26 09:30:00-04:00",33.88999938964844,35.38999938964844,33.400001525878906,35.33000183105469,35.33000183105469,128869
"RLAY","Relay Therapeutics, Inc. - Common Stock","2021-04-26 10:30:00-04:00",35.310001373291016,35.43000030517578,34.84000015258789,35.099998474121094,35.099998474121094,39676
"RLAY","Relay Therapeutics, Inc. - Common Stock","2021-04-26 11:30:00-04:00",35.290000915527344,35.29999923706055,34.9005012512207,35.0,35.0,23244
"RLAY","Relay Therapeutics, Inc. - Common Stock","2021-04-26 12:30:00-04:00",35.0,35.11579895019531,34.61000061035156,34.75,34.75,38577
"RLAY","Relay Therapeutics, Inc. - Common Stock","2021-04-26 13:30:00-04:00",34.72999954223633,34.880001068115234,34.630001068115234,34.76499938964844,34.76499938964844,52266
"RLAY","Relay Therapeutics, Inc. - Common Stock","2021-04-26 14:30:00-04:00",34.775001525878906,35.029998779296875,34.41999816894531,34.505001068115234,34.505001068115234,63129
"RLAY","Relay Therapeutics, Inc. - Common Stock","2021-04-26 15:30:00-04:00",34.5099983215332,35.209999084472656,34.29999923706055,34.88999938964844,34.88999938964844,95133
"RLAY","Relay Therapeutics, Inc. - Common Stock","2021-04-26 16:00:00-04:00",34.91,34.91,34.36,34.36,34.36,0
"RLAY","Relay Therapeutics, Inc. - Common Stock","2021-04-27 08:00:00-04:00",34.91,34.91,34.91,34.91,34.91,0
"RLAY","Relay Therapeutics, Inc. - Common Stock","2021-04-27 09:30:00-04:00",35.0,35.0099983215332,33.689998626708984,34.0,34.0,59815
"RLAY","Relay Therapeutics, Inc. - Common Stock","2021-04-27 10:30:00-04:00",34.005001068115234,34.31269836425781,33.709999084472656,33.88999938964844,33.88999938964844,36559
"RLAY","Relay Therapeutics, Inc. - Common Stock","2021-04-27 11:30:00-04:00",33.959999084472656,34.189998626708984,33.040000915527344,33.040000915527344,33.040000915527344,27625
"RLAY","Relay Therapeutics, Inc. - Common Stock","2021-04-27 12:30:00-04:00",33.0,33.564998626708984,32.72999954223633,33.380001068115234,33.380001068115234,36874
"RLAY","Relay Therapeutics, Inc. - Common Stock","2021-04-27 13:30:00-04:00",33.29999923706055,33.72249984741211,33.099998474121094,33.599998474121094,33.599998474121094,67822
"RLAY","Relay Therapeutics, Inc. - Common Stock","2021-04-27 14:30:00-04:00",33.560001373291016,33.619998931884766,33.130001068115234,33.4900016784668,33.4900016784668,117464
"RLAY","Relay Therapeutics, Inc. - Common Stock","2021-04-27 15:30:00-04:00",33.5,33.59000015258789,33.349998474121094,33.5099983215332,33.5099983215332,83570
"RLAY","Relay Therapeutics, Inc. - Common Stock","2021-04-27 16:00:00-04:00",33.48,33.48,33.48,33.48,33.48,34194
"RLAY","Relay Therapeutics, Inc. - Common Stock","2021-04-28 09:30:00-04:00",33.33000183105469,33.77000045776367,32.45000076293945,32.709999084472656,32.709999084472656,0
"RLAY","Relay Therapeutics, Inc. - Common Stock","2021-04-28 10:30:00-04:00",32.779998779296875,33.31999969482422,32.5099983215332,32.79059982299805,32.79059982299805,52568
"RLAY","Relay Therapeutics, Inc. - Common Stock","2021-04-28 11:30:00-04:00",32.904998779296875,32.904998779296875,32.4900016784668,32.83000183105469,32.83000183105469,15820
"RLAY","Relay Therapeutics, Inc. - Common Stock","2021-04-28 12:30:00-04:00",32.915000915527344,33.209999084472656,32.81999969482422,33.11000061035156,33.11000061035156,9035
"RLAY","Relay Therapeutics, Inc. - Common Stock","2021-04-28 13:30:00-04:00",33.04999923706055,33.2599983215332,32.52000045776367,33.09000015258789,33.09000015258789,34175
"RLAY","Relay Therapeutics, Inc. - Common Stock","2021-04-28 14:30:00-04:00",33.06999969482422,33.59000015258789,33.06999969482422,33.2400016784668,33.2400016784668,122282
"RLAY","Relay Therapeutics, Inc. - Common Stock","2021-04-28 15:30:00-04:00",33.369998931884766,33.68000030517578,33.099998474121094,33.61000061035156,33.61000061035156,63043
"RLAY","Relay Therapeutics, Inc. - Common Stock","2021-04-28 16:00:00-04:00",33.6,33.6,33.1221,33.6,33.6,0
"RLAY","Relay Therapeutics, Inc. - Common Stock","2021-04-29 09:30:00-04:00",33.40999984741211,33.61000061035156,32.43000030517578,32.78499984741211,32.78499984741211,39519
"RLAY","Relay Therapeutics, Inc. - Common Stock","2021-04-29 10:30:00-04:00",32.68000030517578,32.93000030517578,32.380001068115234,32.630001068115234,32.630001068115234,39357
"RLAY","Relay Therapeutics, Inc. - Common Stock","2021-04-29 11:30:00-04:00",32.630001068115234,32.79999923706055,32.1349983215332,32.29999923706055,32.29999923706055,32962
"RLAY","Relay Therapeutics, Inc. - Common Stock","2021-04-29 12:30:00-04:00",32.29499816894531,32.7400016784668,32.29499816894531,32.7400016784668,32.7400016784668,34645
"RLAY","Relay Therapeutics, Inc. - Common Stock","2021-04-29 13:30:00-04:00",32.77000045776367,33.04499816894531,32.65999984741211,32.95000076293945,32.95000076293945,20505
"RLAY","Relay Therapeutics, Inc. - Common Stock","2021-04-29 14:30:00-04:00",32.970001220703125,33.15999984741211,32.880001068115234,33.15999984741211,33.15999984741211,51661
"RLAY","Relay Therapeutics, Inc. - Common Stock","2021-04-29 15:30:00-04:00",33.130001068115234,33.540000915527344,33.099998474121094,33.29999923706055,33.29999923706055,40579
"RLAY","Relay Therapeutics, Inc. - Common Stock","2021-04-29 16:00:00-04:00",33.3,33.3,32.9374,32.9374,32.9374,0
"RLAY","Relay Therapeutics, Inc. - Common Stock","2021-04-30 18:00:00-04:00",31.71,31.71,31.71,31.71,31.71,0
"RLAY","Relay Therapeutics, Inc. - Common Stock","2021-04-30 19:00:00-04:00",31.7,31.7,31.7,31.7,31.7,0
"RLAY","Relay Therapeutics, Inc. - Common Stock","2021-05-03 07:00:00-04:00",33.99,33.99,33.0,33.99,33.99,0
"RLAY","Relay Therapeutics, Inc. - Common Stock","2021-05-03 08:00:00-04:00",31.71,31.71,31.71,31.71,31.71,0
"RLAY","Relay Therapeutics, Inc. - Common Stock","2021-05-03 09:30:00-04:00",32.16999816894531,32.16999816894531,31.030000686645508,31.030000686645508,31.030000686645508,74605
"RLAY","Relay Therapeutics, Inc. - Common Stock","2021-05-03 10:30:00-04:00",31.030000686645508,31.739999771118164,31.030000686645508,31.170000076293945,31.170000076293945,34872
"RLAY","Relay Therapeutics, Inc. - Common Stock","2021-05-03 11:30:00-04:00",31.36000061035156,32.220001220703125,31.18000030517578,31.825000762939453,31.825000762939453,58291
"RLAY","Relay Therapeutics, Inc. - Common Stock","2021-05-03 12:30:00-04:00",31.729999542236328,32.0099983215332,31.489999771118164,31.655000686645508,31.655000686645508,72796
"RLAY","Relay Therapeutics, Inc. - Common Stock","2021-05-03 13:30:00-04:00",31.6299991607666,31.65999984741211,30.709999084472656,31.100000381469727,31.100000381469727,66002
"RLAY","Relay Therapeutics, Inc. - Common Stock","2021-05-03 14:30:00-04:00",31.200000762939453,32.08000183105469,31.040000915527344,32.0,32.0,89146
"RLAY","Relay Therapeutics, Inc. - Common Stock","2021-05-03 15:30:00-04:00",31.979999542236328,32.209999084472656,31.64999961853028,31.700000762939453,31.700000762939453,112642
"RLAY","Relay Therapeutics, Inc. - Common Stock","2021-05-03 16:00:00-04:00",31.72,31.72,31.5903,31.719,31.719,0
"RLAY","Relay Therapeutics, Inc. - Common Stock","2021-05-04 09:30:00-04:00",31.39999961853028,31.39999961853028,29.81999969482422,30.89999961853028,30.89999961853028,199067
"RLAY","Relay Therapeutics, Inc. - Common Stock","2021-05-04 10:30:00-04:00",30.799999237060547,31.030000686645508,30.26000022888184,30.600000381469727,30.600000381469727,73963
"RLAY","Relay Therapeutics, Inc. - Common Stock","2021-05-04 11:30:00-04:00",30.6200008392334,30.6299991607666,30.190000534057617,30.540000915527344,30.540000915527344,36584
"RLAY","Relay Therapeutics, Inc. - Common Stock","2021-05-04 12:30:00-04:00",30.5,30.790000915527344,30.25,30.770000457763672,30.770000457763672,56204
"RLAY","Relay Therapeutics, Inc. - Common Stock","2021-05-04 13:30:00-04:00",30.7450008392334,30.940000534057617,30.59000015258789,30.700000762939453,30.700000762939453,72402
"RLAY","Relay Therapeutics, Inc. - Common Stock","2021-05-04 14:30:00-04:00",30.700000762939453,30.84000015258789,30.670000076293945,30.780000686645508,30.780000686645508,75166
"RLAY","Relay Therapeutics, Inc. - Common Stock","2021-05-04 15:30:00-04:00",30.780000686645508,30.864999771118164,30.71999931335449,30.76000022888184,30.76000022888184,144527
"RLAY","Relay Therapeutics, Inc. - Common Stock","2021-05-04 16:00:00-04:00",30.75,30.75,30.6895,30.75,30.75,0
"RLAY","Relay Therapeutics, Inc. - Common Stock","2021-05-04 17:00:00-04:00",30.76,31.7,30.5,30.5,30.5,0
"RLAY","Relay Therapeutics, Inc. - Common Stock","2021-05-05 09:30:00-04:00",30.89999961853028,31.51000022888184,29.86000061035156,30.57999992370605,30.57999992370605,59758
"RLAY","Relay Therapeutics, Inc. - Common Stock","2021-05-05 10:30:00-04:00",30.51499938964844,31.07999992370605,30.395000457763672,30.61000061035156,30.61000061035156,41358
"RLAY","Relay Therapeutics, Inc. - Common Stock","2021-05-05 11:30:00-04:00",30.565000534057617,30.80500030517578,30.0,30.32999992370605,30.32999992370605,47947
"RLAY","Relay Therapeutics, Inc. - Common Stock","2021-05-05 12:30:00-04:00",30.32999992370605,30.739999771118164,30.31999969482422,30.6299991607666,30.6299991607666,45310
"RLAY","Relay Therapeutics, Inc. - Common Stock","2021-05-05 13:30:00-04:00",30.68000030517578,30.90999984741211,30.450000762939453,30.46999931335449,30.46999931335449,44213
"RLAY","Relay Therapeutics, Inc. - Common Stock","2021-05-05 14:30:00-04:00",30.46649932861328,30.520000457763672,30.0,30.32999992370605,30.32999992370605,111080
"RLAY","Relay Therapeutics, Inc. - Common Stock","2021-05-05 15:30:00-04:00",30.200000762939453,30.38999938964844,30.09000015258789,30.38999938964844,30.38999938964844,78369
"RLAY","Relay Therapeutics, Inc. - Common Stock","2021-05-05 16:00:00-04:00",30.4,30.4,30.4,30.4,30.4,0
"RLAY","Relay Therapeutics, Inc. - Common Stock","2021-05-06 08:00:00-04:00",30.4,30.4,30.4,30.4,30.4,0
"RLAY","Relay Therapeutics, Inc. - Common Stock","2021-05-06 09:00:00-04:00",30.4,30.46,30.4,30.46,30.46,0
"RLAY","Relay Therapeutics, Inc. - Common Stock","2021-05-06 09:30:00-04:00",30.3700008392334,30.530000686645508,29.850000381469727,30.0,30.0,522911
"RLAY","Relay Therapeutics, Inc. - Common Stock","2021-05-06 10:30:00-04:00",30.0,30.26499938964844,29.190000534057617,29.6200008392334,29.6200008392334,88565
"RLAY","Relay Therapeutics, Inc. - Common Stock","2021-05-06 11:30:00-04:00",29.540000915527344,29.790000915527344,28.780000686645508,29.02499961853028,29.02499961853028,216900
"RLAY","Relay Therapeutics, Inc. - Common Stock","2021-05-06 12:30:00-04:00",29.11000061035156,29.11000061035156,28.440000534057617,28.5,28.5,92345
"RLAY","Relay Therapeutics, Inc. - Common Stock","2021-05-06 13:30:00-04:00",28.475000381469727,28.6200008392334,27.729999542236328,27.94499969482422,27.94499969482422,290839
"RLAY","Relay Therapeutics, Inc. - Common Stock","2021-05-06 14:30:00-04:00",27.950000762939453,29.600000381469727,27.700000762939453,29.46500015258789,29.46500015258789,304592
"RLAY","Relay Therapeutics, Inc. - Common Stock","2021-05-06 15:30:00-04:00",29.459999084472656,29.850000381469727,29.11000061035156,29.190000534057617,29.190000534057617,197062
"RLAY","Relay Therapeutics, Inc. - Common Stock","2021-05-06 16:00:00-04:00",29.18,29.18,29.18,29.18,29.18,0
"RLAY","Relay Therapeutics, Inc. - Common Stock","2021-05-07 08:00:00-04:00",29.18,29.18,29.18,29.18,29.18,0
"RLAY","Relay Therapeutics, Inc. - Common Stock","2021-05-07 09:30:00-04:00",29.38999938964844,30.239999771118164,29.1200008392334,29.799999237060547,29.799999237060547,73608
"RLAY","Relay Therapeutics, Inc. - Common Stock","2021-05-07 10:30:00-04:00",29.799999237060547,29.799999237060547,29.26000022888184,29.334999084472656,29.334999084472656,120768
"RLAY","Relay Therapeutics, Inc. - Common Stock","2021-05-07 11:30:00-04:00",29.39999961853028,29.700000762939453,29.39999961853028,29.434999465942383,29.434999465942383,55386
"RLAY","Relay Therapeutics, Inc. - Common Stock","2021-05-07 12:30:00-04:00",29.489999771118164,29.56999969482422,29.13999938964844,29.43000030517578,29.43000030517578,87933
"RLAY","Relay Therapeutics, Inc. - Common Stock","2021-05-07 13:30:00-04:00",29.43000030517578,29.540000915527344,29.32999992370605,29.450000762939453,29.450000762939453,41696
"RLAY","Relay Therapeutics, Inc. - Common Stock","2021-05-07 14:30:00-04:00",29.450000762939453,29.59000015258789,29.39999961853028,29.46500015258789,29.46500015258789,52359
"RLAY","Relay Therapeutics, Inc. - Common Stock","2021-05-07 15:30:00-04:00",29.479999542236328,29.64999961853028,29.34000015258789,29.459999084472656,29.459999084472656,234895
"RLAY","Relay Therapeutics, Inc. - Common Stock","2021-05-07 16:00:00-04:00",29.5,29.5,29.23,29.23,29.23,0
"RLAY","Relay Therapeutics, Inc. - Common Stock","2021-05-07 19:00:00-04:00",29.25,29.25,29.25,29.25,29.25,0
"RLAY","Relay Therapeutics, Inc. - Common Stock","2021-05-10 09:00:00-04:00",29.0,29.0,29.0,29.0,29.0,0
"RLAY","Relay Therapeutics, Inc. - Common Stock","2021-05-10 09:30:00-04:00",29.299999237060547,29.479999542236328,27.369400024414062,27.530000686645508,27.530000686645508,86327
"RLAY","Relay Therapeutics, Inc. - Common Stock","2021-05-10 10:30:00-04:00",27.5,28.009899139404297,27.5,27.600000381469727,27.600000381469727,49025
"RLAY","Relay Therapeutics, Inc. - Common Stock","2021-05-10 11:30:00-04:00",27.625,28.020000457763672,27.479999542236328,27.588499069213867,27.588499069213867,356246
"RLAY","Relay Therapeutics, Inc. - Common Stock","2021-05-10 12:30:00-04:00",27.600000381469727,27.920000076293945,27.46500015258789,27.84000015258789,27.84000015258789,44738
"RLAY","Relay Therapeutics, Inc. - Common Stock","2021-05-10 13:30:00-04:00",27.86000061035156,27.88999938964844,27.39999961853028,27.46999931335449,27.46999931335449,57641
"RLAY","Relay Therapeutics, Inc. - Common Stock","2021-05-10 14:30:00-04:00",27.39999961853028,28.114999771118164,27.39999961853028,27.979999542236328,27.979999542236328,57209
"RLAY","Relay Therapeutics, Inc. - Common Stock","2021-05-10 15:30:00-04:00",27.9950008392334,28.09000015258789,27.56999969482422,27.780000686645508,27.780000686645508,143445
"RLAY","Relay Therapeutics, Inc. - Common Stock","2021-05-10 16:00:00-04:00",27.78,27.78,27.43,27.43,27.43,0
"RLAY","Relay Therapeutics, Inc. - Common Stock","2021-05-10 17:00:00-04:00",27.3,27.3,27.3,27.3,27.3,0
"RLAY","Relay Therapeutics, Inc. - Common Stock","2021-05-11 08:00:00-04:00",27.5,27.5,27.31,27.31,27.31,0
"RLAY","Relay Therapeutics, Inc. - Common Stock","2021-05-11 09:00:00-04:00",27.71,27.71,27.31,27.31,27.31,0
"RLAY","Relay Therapeutics, Inc. - Common Stock","2021-05-11 09:30:00-04:00",27.020000457763672,28.770000457763672,26.84000015258789,28.145000457763672,28.145000457763672,107167
"RLAY","Relay Therapeutics, Inc. - Common Stock","2021-05-11 10:30:00-04:00",28.06999969482422,29.104999542236328,27.739999771118164,28.850000381469727,28.850000381469727,81278
"RLAY","Relay Therapeutics, Inc. - Common Stock","2021-05-11 11:30:00-04:00",28.989999771118164,29.46999931335449,28.920000076293945,29.14999961853028,29.14999961853028,28941
"RLAY","Relay Therapeutics, Inc. - Common Stock","2021-05-11 12:30:00-04:00",29.13999938964844,29.46999931335449,28.64999961853028,28.725000381469727,28.725000381469727,45728
"RLAY","Relay Therapeutics, Inc. - Common Stock","2021-05-11 13:30:00-04:00",28.725000381469727,28.94499969482422,28.36000061035156,28.94499969482422,28.94499969482422,26334
"RLAY","Relay Therapeutics, Inc. - Common Stock","2021-05-11 14:30:00-04:00",28.770000457763672,28.8700008392334,28.25,28.5,28.5,29227
"RLAY","Relay Therapeutics, Inc. - Common Stock","2021-05-11 15:30:00-04:00",28.46999931335449,28.530000686645508,28.01499938964844,28.459999084472656,28.459999084472656,126548
"RLAY","Relay Therapeutics, Inc. - Common Stock","2021-05-11 16:00:00-04:00",28.4,28.4,28.4,28.4,28.4,0
"RLAY","Relay Therapeutics, Inc. - Common Stock","2021-05-12 08:00:00-04:00",28.4,28.4,28.4,28.4,28.4,0
"RLAY","Relay Therapeutics, Inc. - Common Stock","2021-05-12 09:30:00-04:00",27.93000030517578,29.200000762939453,27.8700008392334,28.89999961853028,28.89999961853028,66047
"RLAY","Relay Therapeutics, Inc. - Common Stock","2021-05-12 10:30:00-04:00",28.780000686645508,29.1299991607666,28.420000076293945,28.600000381469727,28.600000381469727,33825
"RLAY","Relay Therapeutics, Inc. - Common Stock","2021-05-12 11:30:00-04:00",28.64999961853028,29.1299991607666,28.459999084472656,28.559999465942383,28.559999465942383,32615
"RLAY","Relay Therapeutics, Inc. - Common Stock","2021-05-12 12:30:00-04:00",28.520000457763672,28.729999542236328,28.34000015258789,28.450000762939453,28.450000762939453,20280
"RLAY","Relay Therapeutics, Inc. - Common Stock","2021-05-12 13:30:00-04:00",28.45499992370605,28.459999084472656,28.020000457763672,28.104999542236328,28.104999542236328,20892
"RLAY","Relay Therapeutics, Inc. - Common Stock","2021-05-12 14:30:00-04:00",28.020000457763672,28.549999237060547,27.780000686645508,27.920000076293945,27.920000076293945,35813
"RLAY","Relay Therapeutics, Inc. - Common Stock","2021-05-12 15:30:00-04:00",27.959999084472656,28.020000457763672,27.559999465942383,27.6200008392334,27.6200008392334,76819
"RLAY","Relay Therapeutics, Inc. - Common Stock","2021-05-12 16:00:00-04:00",27.61,27.61,27.61,27.61,27.61,0
"RLAY","Relay Therapeutics, Inc. - Common Stock","2021-05-12 19:00:00-04:00",28.0,28.0,28.0,28.0,28.0,0
"RLAY","Relay Therapeutics, Inc. - Common Stock","2021-05-13 08:00:00-04:00",27.61,27.61,27.61,27.61,27.61,0
"RLAY","Relay Therapeutics, Inc. - Common Stock","2021-05-13 09:30:00-04:00",27.71999931335449,28.350000381469727,26.850000381469727,28.065000534057617,28.065000534057617,37334
"RLAY","Relay Therapeutics, Inc. - Common Stock","2021-05-13 10:30:00-04:00",28.059999465942383,28.06999969482422,27.0,27.0049991607666,27.0049991607666,38086
"RLAY","Relay Therapeutics, Inc. - Common Stock","2021-05-13 11:30:00-04:00",27.049999237060547,27.06999969482422,26.440000534057617,26.770000457763672,26.770000457763672,48286
"RLAY","Relay Therapeutics, Inc. - Common Stock","2021-05-13 12:30:00-04:00",26.88999938964844,27.0,26.670000076293945,26.690000534057617,26.690000534057617,48806
"RLAY","Relay Therapeutics, Inc. - Common Stock","2021-05-13 13:30:00-04:00",26.6299991607666,27.18000030517578,26.46999931335449,27.02499961853028,27.02499961853028,57365
"RLAY","Relay Therapeutics, Inc. - Common Stock","2021-05-13 14:30:00-04:00",26.950000762939453,27.6299991607666,26.940000534057617,27.309999465942383,27.309999465942383,35504
"RLAY","Relay Therapeutics, Inc. - Common Stock","2021-05-13 15:30:00-04:00",27.34000015258789,27.670000076293945,27.32999992370605,27.549999237060547,27.549999237060547,63658
"RLAY","Relay Therapeutics, Inc. - Common Stock","2021-05-13 16:00:00-04:00",27.5,27.5,27.5,27.5,27.5,0
"RLAY","Relay Therapeutics, Inc. - Common Stock","2021-05-13 19:00:00-04:00",27.4,27.4,27.4,27.4,27.4,0
"RLAY","Relay Therapeutics, Inc. - Common Stock","2021-05-14 09:30:00-04:00",27.739999771118164,28.200000762939453,26.959999084472656,27.8799991607666,27.8799991607666,107665
"RLAY","Relay Therapeutics, Inc. - Common Stock","2021-05-14 10:30:00-04:00",28.030000686645508,28.76000022888184,28.0,28.434999465942383,28.434999465942383,56003
"RLAY","Relay Therapeutics, Inc. - Common Stock","2021-05-14 11:30:00-04:00",28.520000457763672,29.11000061035156,28.420000076293945,28.88999938964844,28.88999938964844,69977
"RLAY","Relay Therapeutics, Inc. - Common Stock","2021-05-14 12:30:00-04:00",28.920000076293945,28.979999542236328,28.6299991607666,28.8799991607666,28.8799991607666,65931
"RLAY","Relay Therapeutics, Inc. - Common Stock","2021-05-14 13:30:00-04:00",28.88999938964844,29.03470039367676,28.56999969482422,28.979999542236328,28.979999542236328,56868
"RLAY","Relay Therapeutics, Inc. - Common Stock","2021-05-14 14:30:00-04:00",28.950000762939453,29.06999969482422,28.780000686645508,28.93000030517578,28.93000030517578,76917
"RLAY","Relay Therapeutics, Inc. - Common Stock","2021-05-14 15:30:00-04:00",28.93000030517578,29.209999084472656,28.690000534057617,29.18000030517578,29.18000030517578,90358
"RLAY","Relay Therapeutics, Inc. - Common Stock","2021-05-14 16:00:00-04:00",29.19,29.19,29.18,29.18,29.18,0
"RLAY","Relay Therapeutics, Inc. - Common Stock","2021-05-17 09:30:00-04:00",29.18000030517578,29.549999237060547,28.239999771118164,29.32999992370605,29.32999992370605,21367
"RLAY","Relay Therapeutics, Inc. - Common Stock","2021-05-17 10:30:00-04:00",29.155000686645508,29.940000534057617,29.155000686645508,29.834999084472656,29.834999084472656,29744
"RLAY","Relay Therapeutics, Inc. - Common Stock","2021-05-17 11:30:00-04:00",29.93000030517578,30.200000762939453,29.75,30.100000381469727,30.100000381469727,41740
"RLAY","Relay Therapeutics, Inc. - Common Stock","2021-05-17 12:30:00-04:00",30.100000381469727,30.440000534057617,30.030000686645508,30.25,30.25,18914
"RLAY","Relay Therapeutics, Inc. - Common Stock","2021-05-17 13:30:00-04:00",30.290000915527344,30.295000076293945,30.100000381469727,30.190000534057617,30.190000534057617,12961
"RLAY","Relay Therapeutics, Inc. - Common Stock","2021-05-17 14:30:00-04:00",30.15999984741211,30.25,30.030000686645508,30.114999771118164,30.114999771118164,34688
"RLAY","Relay Therapeutics, Inc. - Common Stock","2021-05-17 15:30:00-04:00",30.13999938964844,30.420000076293945,30.059999465942383,30.350000381469727,30.350000381469727,54349
"RLAY","Relay Therapeutics, Inc. - Common Stock","2021-05-17 16:00:00-04:00",30.35,30.35,30.25,30.3,30.3,0
"RLAY","Relay Therapeutics, Inc. - Common Stock","2021-05-18 08:00:00-04:00",30.35,30.35,30.35,30.35,30.35,0
"RLAY","Relay Therapeutics, Inc. - Common Stock","2021-05-18 09:30:00-04:00",28.84000015258789,30.1299991607666,28.84000015258789,30.0,30.0,176957
"RLAY","Relay Therapeutics, Inc. - Common Stock","2021-05-18 10:30:00-04:00",30.0,30.434999465942383,29.90999984741211,30.3700008392334,30.3700008392334,48467
"RLAY","Relay Therapeutics, Inc. - Common Stock","2021-05-18 11:30:00-04:00",30.36000061035156,30.65730094909668,30.25,30.520000457763672,30.520000457763672,51592
"RLAY","Relay Therapeutics, Inc. - Common Stock","2021-05-18 12:30:00-04:00",30.55500030517578,30.61000061035156,29.95009994506836,30.06999969482422,30.06999969482422,55931
"RLAY","Relay Therapeutics, Inc. - Common Stock","2021-05-18 13:30:00-04:00",30.09000015258789,30.200000762939453,29.834999084472656,29.834999084472656,29.834999084472656,28385
"RLAY","Relay Therapeutics, Inc. - Common Stock","2021-05-18 14:30:00-04:00",29.8799991607666,30.190000534057617,29.68000030517578,30.13999938964844,30.13999938964844,61037
"RLAY","Relay Therapeutics, Inc. - Common Stock","2021-05-18 15:30:00-04:00",30.2549991607666,30.2549991607666,29.89999961853028,29.90999984741211,29.90999984741211,56879
"RLAY","Relay Therapeutics, Inc. - Common Stock","2021-05-18 16:00:00-04:00",29.95,29.95,29.95,29.95,29.95,0
"RLAY","Relay Therapeutics, Inc. - Common Stock","2021-05-19 09:30:00-04:00",29.46999931335449,30.299999237060547,29.36000061035156,30.1200008392334,30.1200008392334,27915
"RLAY","Relay Therapeutics, Inc. - Common Stock","2021-05-19 10:30:00-04:00",30.06999969482422,30.57620048522949,29.90999984741211,30.26000022888184,30.26000022888184,47263
"RLAY","Relay Therapeutics, Inc. - Common Stock","2021-05-19 11:30:00-04:00",30.170000076293945,30.36000061035156,29.725000381469727,29.799999237060547,29.799999237060547,22637
"RLAY","Relay Therapeutics, Inc. - Common Stock","2021-05-19 12:30:00-04:00",29.71500015258789,30.06999969482422,29.530000686645508,29.86000061035156,29.86000061035156,47167
"RLAY","Relay Therapeutics, Inc. - Common Stock","2021-05-19 13:30:00-04:00",29.920000076293945,30.07999992370605,29.71999931335449,29.864999771118164,29.864999771118164,25029
"RLAY","Relay Therapeutics, Inc. - Common Stock","2021-05-19 14:30:00-04:00",29.86000061035156,30.3799991607666,29.815000534057617,30.34499931335449,30.34499931335449,58124
"RLAY","Relay Therapeutics, Inc. - Common Stock","2021-05-19 15:30:00-04:00",30.200000762939453,30.3700008392334,29.979999542236328,30.13999938964844,30.13999938964844,93348
"RLAY","Relay Therapeutics, Inc. - Common Stock","2021-05-19 16:00:00-04:00",30.09,30.09,30.09,30.09,30.09,0
"RLAY","Relay Therapeutics, Inc. - Common Stock","2021-05-19 18:00:00-04:00",31.4,32.0,31.4,32.0,32.0,0
"RLAY","Relay Therapeutics, Inc. - Common Stock","2021-05-20 09:30:00-04:00",30.07999992370605,31.18000030517578,29.940000534057617,31.020000457763672,31.020000457763672,45362
"RLAY","Relay Therapeutics, Inc. - Common Stock","2021-05-20 10:30:00-04:00",30.81999969482422,31.3700008392334,30.809999465942383,31.36000061035156,31.36000061035156,39606
"RLAY","Relay Therapeutics, Inc. - Common Stock","2021-05-20 11:30:00-04:00",31.290000915527344,31.3700008392334,30.5,30.75,30.75,44056
"RLAY","Relay Therapeutics, Inc. - Common Stock","2021-05-20 12:30:00-04:00",30.709999084472656,30.790000915527344,30.6200008392334,30.69499969482422,30.69499969482422,22318
"RLAY","Relay Therapeutics, Inc. - Common Stock","2021-05-20 13:30:00-04:00",30.709999084472656,30.739999771118164,30.34000015258789,30.559999465942383,30.559999465942383,79232
"RLAY","Relay Therapeutics, Inc. - Common Stock","2021-05-20 14:30:00-04:00",30.559999465942383,30.90999984741211,30.479999542236328,30.780000686645508,30.780000686645508,42956
"RLAY","Relay Therapeutics, Inc. - Common Stock","2021-05-20 15:30:00-04:00",30.81999969482422,30.88999938964844,30.63999938964844,30.82999992370605,30.82999992370605,49742
"RLAY","Relay Therapeutics, Inc. - Common Stock","2021-05-20 16:00:00-04:00",30.82,32.0,30.82,32.0,32.0,0
"RLAY","Relay Therapeutics, Inc. - Common Stock","2021-05-21 09:30:00-04:00",31.280000686645508,31.280000686645508,30.434999465942383,30.549999237060547,30.549999237060547,28791
"RLAY","Relay Therapeutics, Inc. - Common Stock","2021-05-21 10:30:00-04:00",30.674999237060547,31.0,30.184999465942383,30.815000534057617,30.815000534057617,39819
"RLAY","Relay Therapeutics, Inc. - Common Stock","2021-05-21 11:30:00-04:00",30.815000534057617,31.01000022888184,30.57999992370605,30.64999961853028,30.64999961853028,34391
"RLAY","Relay Therapeutics, Inc. - Common Stock","2021-05-21 12:30:00-04:00",30.65999984741211,30.86000061035156,30.489999771118164,30.86000061035156,30.86000061035156,70373
"RLAY","Relay Therapeutics, Inc. - Common Stock","2021-05-21 13:30:00-04:00",30.850000381469727,30.89999961853028,30.5049991607666,30.5049991607666,30.5049991607666,8813
"RLAY","Relay Therapeutics, Inc. - Common Stock","2021-05-21 14:30:00-04:00",30.479999542236328,30.780000686645508,30.450000762939453,30.584999084472656,30.584999084472656,23120
"RLAY","Relay Therapeutics, Inc. - Common Stock","2021-05-21 15:30:00-04:00",30.559999465942383,30.61000061035156,30.09000015258789,30.14999961853028,30.14999961853028,54618
"RLAY","Relay Therapeutics, Inc. - Common Stock","2021-05-21 16:00:00-04:00",30.09,30.09,30.09,30.09,30.09,24008
"RLAY","Relay Therapeutics, Inc. - Common Stock","2021-05-24 08:00:00-04:00",30.09,30.09,30.09,30.09,30.09,0
"RLAY","Relay Therapeutics, Inc. - Common Stock","2021-05-24 09:30:00-04:00",30.25,30.75,29.959999084472656,30.375,30.375,39427
"RLAY","Relay Therapeutics, Inc. - Common Stock","2021-05-24 10:30:00-04:00",30.34000015258789,30.709999084472656,29.989999771118164,30.57999992370605,30.57999992370605,34347
"RLAY","Relay Therapeutics, Inc. - Common Stock","2021-05-24 11:30:00-04:00",30.64999961853028,31.18000030517578,30.56999969482422,30.80500030517578,30.80500030517578,132542
"RLAY","Relay Therapeutics, Inc. - Common Stock","2021-05-24 12:30:00-04:00",30.940000534057617,30.96999931335449,30.51000022888184,30.530000686645508,30.530000686645508,41097
"RLAY","Relay Therapeutics, Inc. - Common Stock","2021-05-24 13:30:00-04:00",30.61000061035156,31.11000061035156,30.61000061035156,31.049999237060547,31.049999237060547,39718
"RLAY","Relay Therapeutics, Inc. - Common Stock","2021-05-24 14:30:00-04:00",31.049999237060547,31.36000061035156,31.01000022888184,31.25,31.25,70255
"RLAY","Relay Therapeutics, Inc. - Common Stock","2021-05-24 15:30:00-04:00",31.25,31.40999984741211,31.14999961853028,31.21999931335449,31.21999931335449,110455
"RLAY","Relay Therapeutics, Inc. - Common Stock","2021-05-24 16:00:00-04:00",31.25,31.25,31.25,31.25,31.25,0
"RLAY","Relay Therapeutics, Inc. - Common Stock","2021-05-24 19:00:00-04:00",32.0,34.49,31.25,34.0,34.0,0
"RLAY","Relay Therapeutics, Inc. - Common Stock","2021-05-25 06:00:00-04:00",31.05,31.05,31.05,31.05,31.05,0
"RLAY","Relay Therapeutics, Inc. - Common Stock","2021-05-25 09:00:00-04:00",31.5,31.5,31.5,31.5,31.5,0
"RLAY","Relay Therapeutics, Inc. - Common Stock","2021-05-25 09:30:00-04:00",31.25,32.2599983215332,31.25,31.51000022888184,31.51000022888184,41126
"RLAY","Relay Therapeutics, Inc. - Common Stock","2021-05-25 10:30:00-04:00",31.46999931335449,32.400001525878906,30.809999465942383,30.809999465942383,30.809999465942383,106462
"RLAY","Relay Therapeutics, Inc. - Common Stock","2021-05-25 11:30:00-04:00",30.88999938964844,31.030000686645508,30.459999084472656,30.75,30.75,37268
"RLAY","Relay Therapeutics, Inc. - Common Stock","2021-05-25 12:30:00-04:00",30.76000022888184,31.06999969482422,30.75,30.959999084472656,30.959999084472656,40489
"RLAY","Relay Therapeutics, Inc. - Common Stock","2021-05-25 13:30:00-04:00",30.950000762939453,31.200000762939453,30.709999084472656,30.709999084472656,30.709999084472656,30911
"RLAY","Relay Therapeutics, Inc. - Common Stock","2021-05-25 14:30:00-04:00",30.780000686645508,30.93000030517578,30.540000915527344,30.667499542236328,30.667499542236328,38254
"RLAY","Relay Therapeutics, Inc. - Common Stock","2021-05-25 15:30:00-04:00",30.65999984741211,30.76000022888184,30.479999542236328,30.549999237060547,30.549999237060547,68447
"RLAY","Relay Therapeutics, Inc. - Common Stock","2021-05-25 16:00:00-04:00",30.65,30.65,30.65,30.65,30.65,0
"RLAY","Relay Therapeutics, Inc. - Common Stock","2021-05-26 09:30:00-04:00",30.799999237060547,31.6299991607666,30.729999542236328,31.6299991607666,31.6299991607666,35544
"RLAY","Relay Therapeutics, Inc. - Common Stock","2021-05-26 10:30:00-04:00",31.614999771118164,32.220001220703125,31.420000076293945,31.75,31.75,36527
"RLAY","Relay Therapeutics, Inc. - Common Stock","2021-05-26 11:30:00-04:00",31.809999465942383,32.13999938964844,31.65999984741211,32.119998931884766,32.119998931884766,28441
"RLAY","Relay Therapeutics, Inc. - Common Stock","2021-05-26 12:30:00-04:00",32.099998474121094,32.119998931884766,31.6200008392334,31.96999931335449,31.96999931335449,29774
"RLAY","Relay Therapeutics, Inc. - Common Stock","2021-05-26 13:30:00-04:00",31.96999931335449,32.119998931884766,31.81999969482422,32.119998931884766,32.119998931884766,23512
"RLAY","Relay Therapeutics, Inc. - Common Stock","2021-05-26 14:30:00-04:00",32.119998931884766,32.209999084472656,32.029998779296875,32.095001220703125,32.095001220703125,31418
"RLAY","Relay Therapeutics, Inc. - Common Stock","2021-05-26 15:30:00-04:00",32.06999969482422,32.119998931884766,31.82999992370605,31.989999771118164,31.989999771118164,91888
"RLAY","Relay Therapeutics, Inc. - Common Stock","2021-05-26 16:00:00-04:00",32.08,32.08,32.08,32.08,32.08,0
"RLAY","Relay Therapeutics, Inc. - Common Stock","2021-05-27 09:30:00-04:00",32.36000061035156,32.36000061035156,31.290000915527344,31.309999465942383,31.309999465942383,28127
"RLAY","Relay Therapeutics, Inc. - Common Stock","2021-05-27 10:30:00-04:00",31.43000030517578,31.82999992370605,31.11000061035156,31.63999938964844,31.63999938964844,49951
"RLAY","Relay Therapeutics, Inc. - Common Stock","2021-05-27 11:30:00-04:00",31.674999237060547,32.099998474121094,31.600000381469727,32.04499816894531,32.04499816894531,43402
"RLAY","Relay Therapeutics, Inc. - Common Stock","2021-05-27 12:30:00-04:00",32.04999923706055,32.400001525878906,32.029998779296875,32.34000015258789,32.34000015258789,82788
"RLAY","Relay Therapeutics, Inc. - Common Stock","2021-05-27 13:30:00-04:00",32.349998474121094,32.41999816894531,32.2400016784668,32.36000061035156,32.36000061035156,68400
"RLAY","Relay Therapeutics, Inc. - Common Stock","2021-05-27 14:30:00-04:00",32.34000015258789,32.529998779296875,32.25,32.35499954223633,32.35499954223633,40465
"RLAY","Relay Therapeutics, Inc. - Common Stock","2021-05-27 15:30:00-04:00",32.349998474121094,32.65999984741211,32.31999969482422,32.529998779296875,32.529998779296875,106461
"RLAY","Relay Therapeutics, Inc. - Common Stock","2021-05-27 16:00:00-04:00",32.52,32.52,32.5169,32.52,32.52,0
"RLAY","Relay Therapeutics, Inc. - Common Stock","2021-05-28 09:30:00-04:00",32.59000015258789,33.15999984741211,32.59000015258789,32.70000076293945,32.70000076293945,29281
"RLAY","Relay Therapeutics, Inc. - Common Stock","2021-05-28 10:30:00-04:00",32.52000045776367,32.79999923706055,32.349998474121094,32.39500045776367,32.39500045776367,19027
"RLAY","Relay Therapeutics, Inc. - Common Stock","2021-05-28 11:30:00-04:00",32.459999084472656,32.849998474121094,32.345001220703125,32.59000015258789,32.59000015258789,23325
"RLAY","Relay Therapeutics, Inc. - Common Stock","2021-05-28 12:30:00-04:00",32.560001373291016,32.83000183105469,32.560001373291016,32.56999969482422,32.56999969482422,20296
"RLAY","Relay Therapeutics, Inc. - Common Stock","2021-05-28 13:30:00-04:00",32.56999969482422,32.68000030517578,32.40999984741211,32.59000015258789,32.59000015258789,24211
"RLAY","Relay Therapeutics, Inc. - Common Stock","2021-05-28 14:30:00-04:00",32.529998779296875,32.689998626708984,32.130001068115234,32.15999984741211,32.15999984741211,25058
"RLAY","Relay Therapeutics, Inc. - Common Stock","2021-05-28 15:30:00-04:00",32.15999984741211,32.220001220703125,31.88999938964844,32.14979934692383,32.14979934692383,68677
"RLAY","Relay Therapeutics, Inc. - Common Stock","2021-05-28 16:00:00-04:00",32.12,32.12,32.12,32.12,32.12,0
"RLAY","Relay Therapeutics, Inc. - Common Stock","2021-06-01 08:00:00-04:00",32.12,32.12,32.12,32.12,32.12,0
"RLAY","Relay Therapeutics, Inc. - Common Stock","2021-06-01 09:30:00-04:00",32.38999938964844,32.73429870605469,31.56089973449707,32.04999923706055,32.04999923706055,76734
"RLAY","Relay Therapeutics, Inc. - Common Stock","2021-06-01 10:30:00-04:00",32.130001068115234,32.779998779296875,32.099998474121094,32.779998779296875,32.779998779296875,55033
"RLAY","Relay Therapeutics, Inc. - Common Stock","2021-06-01 11:30:00-04:00",32.779998779296875,32.869998931884766,32.43000030517578,32.7599983215332,32.7599983215332,58822
"RLAY","Relay Therapeutics, Inc. - Common Stock","2021-06-01 12:30:00-04:00",32.709999084472656,33.060001373291016,32.689998626708984,33.02000045776367,33.02000045776367,44562
"RLAY","Relay Therapeutics, Inc. - Common Stock","2021-06-01 13:30:00-04:00",33.02000045776367,33.02000045776367,32.7400016784668,32.7599983215332,32.7599983215332,58513
"RLAY","Relay Therapeutics, Inc. - Common Stock","2021-06-01 14:30:00-04:00",32.79999923706055,32.959999084472656,32.650001525878906,32.79999923706055,32.79999923706055,111395
"RLAY","Relay Therapeutics, Inc. - Common Stock","2021-06-01 15:30:00-04:00",32.790000915527344,32.790000915527344,32.529998779296875,32.650001525878906,32.650001525878906,55444
"RLAY","Relay Therapeutics, Inc. - Common Stock","2021-06-01 16:00:00-04:00",32.66,32.66,32.66,32.66,32.66,37590
"RLAY","Relay Therapeutics, Inc. - Common Stock","2021-06-02 08:00:00-04:00",32.66,32.66,32.66,32.66,32.66,0
"RLAY","Relay Therapeutics, Inc. - Common Stock","2021-06-02 09:30:00-04:00",32.84000015258789,33.380001068115234,32.44499969482422,32.869998931884766,32.869998931884766,101182
"RLAY","Relay Therapeutics, Inc. - Common Stock","2021-06-02 10:30:00-04:00",32.900001525878906,33.15999984741211,32.8650016784668,33.05500030517578,33.05500030517578,56265
"RLAY","Relay Therapeutics, Inc. - Common Stock","2021-06-02 11:30:00-04:00",33.0,33.15999984741211,32.849998474121094,32.974998474121094,32.974998474121094,57811
"RLAY","Relay Therapeutics, Inc. - Common Stock","2021-06-02 12:30:00-04:00",33.029998779296875,33.060001373291016,32.79999923706055,32.91999816894531,32.91999816894531,53733
"RLAY","Relay Therapeutics, Inc. - Common Stock","2021-06-02 13:30:00-04:00",33.0099983215332,33.04999923706055,32.79999923706055,32.9900016784668,32.9900016784668,43257
"RLAY","Relay Therapeutics, Inc. - Common Stock","2021-06-02 14:30:00-04:00",33.029998779296875,33.13999938964844,32.93000030517578,32.95000076293945,32.95000076293945,42899
"RLAY","Relay Therapeutics, Inc. - Common Stock","2021-06-02 15:30:00-04:00",32.970001220703125,33.029998779296875,32.814998626708984,32.974998474121094,32.974998474121094,88823
"RLAY","Relay Therapeutics, Inc. - Common Stock","2021-06-02 16:00:00-04:00",32.99,32.99,32.99,32.99,32.99,0
"RLAY","Relay Therapeutics, Inc. - Common Stock","2021-06-03 07:00:00-04:00",33.0,33.0,33.0,33.0,33.0,0
"RLAY","Relay Therapeutics, Inc. - Common Stock","2021-06-03 09:30:00-04:00",32.79999923706055,33.459999084472656,32.20000076293945,32.81999969482422,32.81999969482422,139864
"RLAY","Relay Therapeutics, Inc. - Common Stock","2021-06-03 10:30:00-04:00",32.81999969482422,33.16999816894531,32.5099983215332,33.0,33.0,46136
"RLAY","Relay Therapeutics, Inc. - Common Stock","2021-06-03 11:30:00-04:00",33.0,33.099998474121094,32.7400016784668,33.0,33.0,55889
"RLAY","Relay Therapeutics, Inc. - Common Stock","2021-06-03 12:30:00-04:00",32.9900016784668,33.060001373291016,32.70000076293945,32.97999954223633,32.97999954223633,37821
"RLAY","Relay Therapeutics, Inc. - Common Stock","2021-06-03 13:30:00-04:00",32.97999954223633,33.02000045776367,32.65999984741211,32.68000030517578,32.68000030517578,30817
"RLAY","Relay Therapeutics, Inc. - Common Stock","2021-06-03 14:30:00-04:00",32.65999984741211,32.69499969482422,32.189998626708984,32.279998779296875,32.279998779296875,192414
"RLAY","Relay Therapeutics, Inc. - Common Stock","2021-06-03 15:30:00-04:00",32.279998779296875,32.43000030517578,31.989999771118164,32.02000045776367,32.02000045776367,80370
"RLAY","Relay Therapeutics, Inc. - Common Stock","2021-06-03 16:00:00-04:00",32.06,32.06,32.06,32.06,32.06,0
"RLAY","Relay Therapeutics, Inc. - Common Stock","2021-06-04 09:00:00-04:00",31.95,31.95,31.95,31.95,31.95,0
"RLAY","Relay Therapeutics, Inc. - Common Stock","2021-06-04 09:30:00-04:00",31.81999969482422,32.60499954223633,31.709999084472656,32.40999984741211,32.40999984741211,28718
"RLAY","Relay Therapeutics, Inc. - Common Stock","2021-06-04 10:30:00-04:00",32.5,33.0099983215332,32.5,33.0099983215332,33.0099983215332,30652
"RLAY","Relay Therapeutics, Inc. - Common Stock","2021-06-04 11:30:00-04:00",33.0,33.13999938964844,32.7599983215332,33.0099983215332,33.0099983215332,117426
"RLAY","Relay Therapeutics, Inc. - Common Stock","2021-06-04 12:30:00-04:00",33.02000045776367,33.04999923706055,32.400001525878906,32.400001525878906,32.400001525878906,24894
"RLAY","Relay Therapeutics, Inc. - Common Stock","2021-06-04 13:30:00-04:00",32.400001525878906,32.72999954223633,32.189998626708984,32.189998626708984,32.189998626708984,16844
"RLAY","Relay Therapeutics, Inc. - Common Stock","2021-06-04 14:30:00-04:00",32.22999954223633,32.31999969482422,31.979999542236328,32.08000183105469,32.08000183105469,21166
"RLAY","Relay Therapeutics, Inc. - Common Stock","2021-06-04 15:30:00-04:00",32.08000183105469,32.29499816894531,32.05500030517578,32.15999984741211,32.15999984741211,34911
"RLAY","Relay Therapeutics, Inc. - Common Stock","2021-06-04 16:00:00-04:00",32.15,32.15,32.15,32.15,32.15,0
"RLAY","Relay Therapeutics, Inc. - Common Stock","2021-06-07 09:30:00-04:00",32.29999923706055,33.20000076293945,32.18709945678711,32.47999954223633,32.47999954223633,25441
"RLAY","Relay Therapeutics, Inc. - Common Stock","2021-06-07 10:30:00-04:00",32.4900016784668,33.689998626708984,32.4900016784668,33.395999908447266,33.395999908447266,206961
"RLAY","Relay Therapeutics, Inc. - Common Stock","2021-06-07 11:30:00-04:00",33.3650016784668,33.5099983215332,32.9900016784668,33.459999084472656,33.459999084472656,88720
"RLAY","Relay Therapeutics, Inc. - Common Stock","2021-06-07 12:30:00-04:00",33.459999084472656,34.529998779296875,33.369998931884766,34.40999984741211,34.40999984741211,236536
"RLAY","Relay Therapeutics, Inc. - Common Stock","2021-06-07 13:30:00-04:00",34.5,34.56999969482422,34.18050003051758,34.5,34.5,84602
"RLAY","Relay Therapeutics, Inc. - Common Stock","2021-06-07 14:30:00-04:00",34.5,35.11000061035156,34.380001068115234,35.064998626708984,35.064998626708984,263149
"RLAY","Relay Therapeutics, Inc. - Common Stock","2021-06-07 15:30:00-04:00",35.064998626708984,35.290000915527344,34.560001373291016,34.97999954223633,34.97999954223633,209861
"RLAY","Relay Therapeutics, Inc. - Common Stock","2021-06-07 16:00:00-04:00",34.97,34.97,34.1225,34.1225,34.1225,0
"RLAY","Relay Therapeutics, Inc. - Common Stock","2021-06-08 07:00:00-04:00",35.01,35.01,35.01,35.01,35.01,0
"RLAY","Relay Therapeutics, Inc. - Common Stock","2021-06-08 08:00:00-04:00",34.97,34.97,34.97,34.97,34.97,0
"RLAY","Relay Therapeutics, Inc. - Common Stock","2021-06-08 09:30:00-04:00",35.099998474121094,35.19499969482422,34.22999954223633,34.70000076293945,34.70000076293945,55515
"RLAY","Relay Therapeutics, Inc. - Common Stock","2021-06-08 10:30:00-04:00",34.75,34.7599983215332,33.790000915527344,34.02000045776367,34.02000045776367,32041
"RLAY","Relay Therapeutics, Inc. - Common Stock","2021-06-08 11:30:00-04:00",34.16999816894531,34.540000915527344,33.970001220703125,34.380001068115234,34.380001068115234,40331
"RLAY","Relay Therapeutics, Inc. - Common Stock","2021-06-08 12:30:00-04:00",34.459999084472656,34.69499969482422,34.380001068115234,34.380001068115234,34.380001068115234,34437
"RLAY","Relay Therapeutics, Inc. - Common Stock","2021-06-08 13:30:00-04:00",34.380001068115234,34.630001068115234,34.29999923706055,34.584999084472656,34.584999084472656,26910
"RLAY","Relay Therapeutics, Inc. - Common Stock","2021-06-08 14:30:00-04:00",34.584999084472656,34.95000076293945,34.5,34.95000076293945,34.95000076293945,32024
"RLAY","Relay Therapeutics, Inc. - Common Stock","2021-06-08 15:30:00-04:00",34.900001525878906,35.04999923706055,34.7400016784668,34.869998931884766,34.869998931884766,171242
"RLAY","Relay Therapeutics, Inc. - Common Stock","2021-06-08 16:00:00-04:00",34.87,35.0,34.87,34.87,34.87,0
"RLAY","Relay Therapeutics, Inc. - Common Stock","2021-06-09 08:00:00-04:00",34.87,34.87,34.87,34.87,34.87,0
"RLAY","Relay Therapeutics, Inc. - Common Stock","2021-06-09 09:30:00-04:00",34.93000030517578,35.231300354003906,34.45000076293945,34.54999923706055,34.54999923706055,54126
"RLAY","Relay Therapeutics, Inc. - Common Stock","2021-06-09 10:30:00-04:00",34.5099983215332,34.849998474121094,34.36000061035156,34.439998626708984,34.439998626708984,36705
"RLAY","Relay Therapeutics, Inc. - Common Stock","2021-06-09 11:30:00-04:00",34.45500183105469,34.75,34.43000030517578,34.650001525878906,34.650001525878906,16869
"RLAY","Relay Therapeutics, Inc. - Common Stock","2021-06-09 12:30:00-04:00",34.650001525878906,35.20000076293945,34.650001525878906,34.95000076293945,34.95000076293945,66156
"RLAY","Relay Therapeutics, Inc. - Common Stock","2021-06-09 13:30:00-04:00",34.93000030517578,35.0,34.619998931884766,34.959999084472656,34.959999084472656,31938
"RLAY","Relay Therapeutics, Inc. - Common Stock","2021-06-09 14:30:00-04:00",34.97999954223633,35.029998779296875,34.220001220703125,34.2400016784668,34.2400016784668,98035
"RLAY","Relay Therapeutics, Inc. - Common Stock","2021-06-09 15:30:00-04:00",34.220001220703125,34.77000045776367,34.189998626708984,34.709999084472656,34.709999084472656,76136
"RLAY","Relay Therapeutics, Inc. - Common Stock","2021-06-09 16:00:00-04:00",34.7,35.0,34.7,34.7,34.7,0
"RLAY","Relay Therapeutics, Inc. - Common Stock","2021-06-09 17:00:00-04:00",34.7,34.7,34.7,34.7,34.7,0
"RLAY","Relay Therapeutics, Inc. - Common Stock","2021-06-10 09:30:00-04:00",34.66999816894531,35.20000076293945,34.119998931884766,34.599998474121094,34.599998474121094,34328
"RLAY","Relay Therapeutics, Inc. - Common Stock","2021-06-10 10:30:00-04:00",34.665000915527344,34.82500076293945,34.09000015258789,34.77000045776367,34.77000045776367,15713
"RLAY","Relay Therapeutics, Inc. - Common Stock","2021-06-10 11:30:00-04:00",34.75,34.849998474121094,34.650001525878906,34.779998779296875,34.779998779296875,20758
"RLAY","Relay Therapeutics, Inc. - Common Stock","2021-06-10 12:30:00-04:00",34.79499816894531,35.08000183105469,34.630001068115234,34.810001373291016,34.810001373291016,41420
"RLAY","Relay Therapeutics, Inc. - Common Stock","2021-06-10 13:30:00-04:00",34.8849983215332,34.8849983215332,34.45000076293945,34.54999923706055,34.54999923706055,26428
"RLAY","Relay Therapeutics, Inc. - Common Stock","2021-06-10 14:30:00-04:00",34.459999084472656,34.5099983215332,34.130001068115234,34.349998474121094,34.349998474121094,41598
"RLAY","Relay Therapeutics, Inc. - Common Stock","2021-06-10 15:30:00-04:00",34.345001220703125,34.345001220703125,34.04999923706055,34.15999984741211,34.15999984741211,79249
"RLAY","Relay Therapeutics, Inc. - Common Stock","2021-06-10 16:00:00-04:00",34.25,35.0,34.25,34.25,34.25,0
"RLAY","Relay Therapeutics, Inc. - Common Stock","2021-06-11 08:00:00-04:00",34.1,34.1,34.1,34.1,34.1,0
"RLAY","Relay Therapeutics, Inc. - Common Stock","2021-06-11 09:30:00-04:00",34.27000045776367,34.27000045776367,33.16999816894531,33.63999938964844,33.63999938964844,36807
"RLAY","Relay Therapeutics, Inc. - Common Stock","2021-06-11 10:30:00-04:00",33.58000183105469,33.9900016784668,33.47999954223633,33.5,33.5,28631
"RLAY","Relay Therapeutics, Inc. - Common Stock","2021-06-11 11:30:00-04:00",33.5,33.709999084472656,33.349998474121094,33.45000076293945,33.45000076293945,20602
"RLAY","Relay Therapeutics, Inc. - Common Stock","2021-06-11 12:30:00-04:00",33.51499938964844,33.939998626708984,33.45000076293945,33.72999954223633,33.72999954223633,22355
"RLAY","Relay Therapeutics, Inc. - Common Stock","2021-06-11 13:30:00-04:00",33.84000015258789,34.119998931884766,33.7599983215332,34.040000915527344,34.040000915527344,60702
"RLAY","Relay Therapeutics, Inc. - Common Stock","2021-06-11 14:30:00-04:00",34.01499938964844,34.09000015258789,33.849998474121094,33.939998626708984,33.939998626708984,74944
"RLAY","Relay Therapeutics, Inc. - Common Stock","2021-06-11 15:30:00-04:00",33.970001220703125,34.22999954223633,33.880001068115234,34.209999084472656,34.209999084472656,89903
"RLAY","Relay Therapeutics, Inc. - Common Stock","2021-06-11 16:00:00-04:00",34.22,34.22,34.22,34.22,34.22,64091
"RLAY","Relay Therapeutics, Inc. - Common Stock","2021-06-14 08:00:00-04:00",34.22,34.22,34.22,34.22,34.22,0
"RLAY","Relay Therapeutics, Inc. - Common Stock","2021-06-14 09:30:00-04:00",34.5,35.0,34.2400016784668,34.55500030517578,34.55500030517578,28509
"RLAY","Relay Therapeutics, Inc. - Common Stock","2021-06-14 10:30:00-04:00",34.529998779296875,34.59000015258789,34.119998931884766,34.33000183105469,34.33000183105469,38251
"RLAY","Relay Therapeutics, Inc. - Common Stock","2021-06-14 11:30:00-04:00",34.36040115356445,34.59000015258789,34.20000076293945,34.525001525878906,34.525001525878906,25027
"RLAY","Relay Therapeutics, Inc. - Common Stock","2021-06-14 12:30:00-04:00",34.4900016784668,34.529998779296875,34.220001220703125,34.220001220703125,34.220001220703125,23452
"RLAY","Relay Therapeutics, Inc. - Common Stock","2021-06-14 13:30:00-04:00",34.310001373291016,34.439998626708984,34.13999938964844,34.290000915527344,34.290000915527344,17700
"RLAY","Relay Therapeutics, Inc. - Common Stock","2021-06-14 14:30:00-04:00",34.31999969482422,34.41999816894531,34.09000015258789,34.150001525878906,34.150001525878906,22736
"RLAY","Relay Therapeutics, Inc. - Common Stock","2021-06-14 15:30:00-04:00",34.15999984741211,34.2599983215332,33.900001525878906,34.2599983215332,34.2599983215332,40581
"RLAY","Relay Therapeutics, Inc. - Common Stock","2021-06-14 16:00:00-04:00",34.18,34.18,34.18,34.18,34.18,0
"RLAY","Relay Therapeutics, Inc. - Common Stock","2021-06-15 09:30:00-04:00",34.36000061035156,34.43000030517578,33.79999923706055,33.79999923706055,33.79999923706055,71703
"RLAY","Relay Therapeutics, Inc. - Common Stock","2021-06-15 10:30:00-04:00",33.79999923706055,34.279998779296875,33.77750015258789,33.869998931884766,33.869998931884766,36450
"RLAY","Relay Therapeutics, Inc. - Common Stock","2021-06-15 11:30:00-04:00",33.880001068115234,34.18000030517578,33.79499816894531,34.16999816894531,34.16999816894531,34981
"RLAY","Relay Therapeutics, Inc. - Common Stock","2021-06-15 12:30:00-04:00",34.150001525878906,34.38999938964844,34.0099983215332,34.33000183105469,34.33000183105469,27825
"RLAY","Relay Therapeutics, Inc. - Common Stock","2021-06-15 13:30:00-04:00",34.31999969482422,34.599998474121094,34.25,34.28499984741211,34.28499984741211,93479
"RLAY","Relay Therapeutics, Inc. - Common Stock","2021-06-15 14:30:00-04:00",34.290000915527344,34.4900016784668,34.25,34.38999938964844,34.38999938964844,47098
"RLAY","Relay Therapeutics, Inc. - Common Stock","2021-06-15 15:30:00-04:00",34.369998931884766,34.5,34.2400016784668,34.2599983215332,34.2599983215332,91528
"RLAY","Relay Therapeutics, Inc. - Common Stock","2021-06-15 16:00:00-04:00",34.26,34.26,34.26,34.26,34.26,0
"RLAY","Relay Therapeutics, Inc. - Common Stock","2021-06-16 09:00:00-04:00",34.26,34.26,34.26,34.26,34.26,0
"RLAY","Relay Therapeutics, Inc. - Common Stock","2021-06-16 09:30:00-04:00",34.29999923706055,34.4900016784668,33.58000183105469,34.0099983215332,34.0099983215332,41097
"RLAY","Relay Therapeutics, Inc. - Common Stock","2021-06-16 10:30:00-04:00",34.0099983215332,34.025001525878906,33.65999984741211,33.834999084472656,33.834999084472656,64830
"RLAY","Relay Therapeutics, Inc. - Common Stock","2021-06-16 11:30:00-04:00",33.86000061035156,33.9900016784668,33.56999969482422,33.619998931884766,33.619998931884766,29407
"RLAY","Relay Therapeutics, Inc. - Common Stock","2021-06-16 12:30:00-04:00",33.56999969482422,33.81999969482422,33.52000045776367,33.630001068115234,33.630001068115234,29686
"RLAY","Relay Therapeutics, Inc. - Common Stock","2021-06-16 13:30:00-04:00",33.64500045776367,33.959999084472656,33.130001068115234,33.540000915527344,33.540000915527344,36672
"RLAY","Relay Therapeutics, Inc. - Common Stock","2021-06-16 14:30:00-04:00",33.52000045776367,33.900001525878906,32.849998474121094,33.84000015258789,33.84000015258789,43870
"RLAY","Relay Therapeutics, Inc. - Common Stock","2021-06-16 15:30:00-04:00",33.869998931884766,33.959999084472656,33.689998626708984,33.79999923706055,33.79999923706055,71473
"RLAY","Relay Therapeutics, Inc. - Common Stock","2021-06-16 16:00:00-04:00",33.84,33.84,33.84,33.84,33.84,0
"RLAY","Relay Therapeutics, Inc. - Common Stock","2021-06-17 08:00:00-04:00",33.84,33.84,33.84,33.84,33.84,0
"RLAY","Relay Therapeutics, Inc. - Common Stock","2021-06-17 09:30:00-04:00",33.709999084472656,34.27000045776367,33.41999816894531,34.220001220703125,34.220001220703125,26854
"RLAY","Relay Therapeutics, Inc. - Common Stock","2021-06-17 10:30:00-04:00",34.18000030517578,34.56999969482422,34.11000061035156,34.51499938964844,34.51499938964844,33320
"RLAY","Relay Therapeutics, Inc. - Common Stock","2021-06-17 11:30:00-04:00",34.505001068115234,34.505001068115234,34.0,34.06999969482422,34.06999969482422,23891
"RLAY","Relay Therapeutics, Inc. - Common Stock","2021-06-17 12:30:00-04:00",34.06999969482422,34.279998779296875,34.0,34.150001525878906,34.150001525878906,23495
"RLAY","Relay Therapeutics, Inc. - Common Stock","2021-06-17 13:30:00-04:00",34.15999984741211,34.54999923706055,34.15999984741211,34.45000076293945,34.45000076293945,25591
"RLAY","Relay Therapeutics, Inc. - Common Stock","2021-06-17 14:30:00-04:00",34.45000076293945,34.779998779296875,34.43000030517578,34.72999954223633,34.72999954223633,42689
"RLAY","Relay Therapeutics, Inc. - Common Stock","2021-06-17 15:30:00-04:00",34.7599983215332,35.34000015258789,34.7599983215332,35.0,35.0,101791
"RLAY","Relay Therapeutics, Inc. - Common Stock","2021-06-17 16:00:00-04:00",35.0,35.0,35.0,35.0,35.0,0
"RLAY","Relay Therapeutics, Inc. - Common Stock","2021-06-18 08:00:00-04:00",35.0,35.0,35.0,35.0,35.0,0
"RLAY","Relay Therapeutics, Inc. - Common Stock","2021-06-18 09:30:00-04:00",34.0,35.0,34.0,34.29999923706055,34.29999923706055,126282
"RLAY","Relay Therapeutics, Inc. - Common Stock","2021-06-18 10:30:00-04:00",34.20000076293945,34.38999938964844,34.029998779296875,34.2400016784668,34.2400016784668,42123
"RLAY","Relay Therapeutics, Inc. - Common Stock","2021-06-18 11:30:00-04:00",34.25,34.599998474121094,34.15999984741211,34.2599983215332,34.2599983215332,34024
"RLAY","Relay Therapeutics, Inc. - Common Stock","2021-06-18 12:30:00-04:00",34.2599983215332,34.2599983215332,33.91999816894531,34.025001525878906,34.025001525878906,84425
"RLAY","Relay Therapeutics, Inc. - Common Stock","2021-06-18 13:30:00-04:00",34.02000045776367,34.310001373291016,33.97999954223633,34.02000045776367,34.02000045776367,143889
"RLAY","Relay Therapeutics, Inc. - Common Stock","2021-06-18 14:30:00-04:00",34.040000915527344,34.15999984741211,33.71120071411133,34.06999969482422,34.06999969482422,78452
"RLAY","Relay Therapeutics, Inc. - Common Stock","2021-06-18 15:30:00-04:00",34.06999969482422,35.61000061035156,33.959999084472656,35.31999969482422,35.31999969482422,350538
"RLAY","Relay Therapeutics, Inc. - Common Stock","2021-06-18 16:00:00-04:00",35.34,35.34,35.34,35.34,35.34,0
"RLAY","Relay Therapeutics, Inc. - Common Stock","2021-06-21 08:00:00-04:00",35.34,35.34,35.34,35.34,35.34,0
"RLAY","Relay Therapeutics, Inc. - Common Stock","2021-06-21 09:30:00-04:00",35.0,35.439998626708984,34.56999969482422,34.744998931884766,34.744998931884766,226272
"RLAY","Relay Therapeutics, Inc. - Common Stock","2021-06-21 10:30:00-04:00",34.70000076293945,35.04499816894531,34.70000076293945,34.90999984741211,34.90999984741211,43030
"RLAY","Relay Therapeutics, Inc. - Common Stock","2021-06-21 11:30:00-04:00",34.93000030517578,35.04999923706055,34.72999954223633,34.97999954223633,34.97999954223633,34848
"RLAY","Relay Therapeutics, Inc. - Common Stock","2021-06-21 12:30:00-04:00",34.994998931884766,35.220001220703125,34.95000076293945,35.16999816894531,35.16999816894531,47886
"RLAY","Relay Therapeutics, Inc. - Common Stock","2021-06-21 13:30:00-04:00",35.18360137939453,35.3650016784668,35.04999923706055,35.34000015258789,35.34000015258789,41529
"RLAY","Relay Therapeutics, Inc. - Common Stock","2021-06-21 14:30:00-04:00",35.3650016784668,35.52000045776367,35.064998626708984,35.310001373291016,35.310001373291016,52892
"RLAY","Relay Therapeutics, Inc. - Common Stock","2021-06-21 15:30:00-04:00",35.2400016784668,35.47999954223633,35.09000015258789,35.29999923706055,35.29999923706055,78458
"RLAY","Relay Therapeutics, Inc. - Common Stock","2021-06-21 16:00:00-04:00",35.33,35.33,35.33,35.33,35.33,0
"RLAY","Relay Therapeutics, Inc. - Common Stock","2021-06-22 08:00:00-04:00",35.33,35.33,35.29,35.29,35.29,0
"RLAY","Relay Therapeutics, Inc. - Common Stock","2021-06-22 09:30:00-04:00",35.11000061035156,35.279998779296875,34.209999084472656,34.275001525878906,34.275001525878906,39534
"RLAY","Relay Therapeutics, Inc. - Common Stock","2021-06-22 10:30:00-04:00",34.220001220703125,34.43000030517578,33.95000076293945,34.31999969482422,34.31999969482422,36836
"RLAY","Relay Therapeutics, Inc. - Common Stock","2021-06-22 11:30:00-04:00",34.25,34.290000915527344,34.040000915527344,34.2400016784668,34.2400016784668,34729
"RLAY","Relay Therapeutics, Inc. - Common Stock","2021-06-22 12:30:00-04:00",34.25,34.439998626708984,34.119998931884766,34.33000183105469,34.33000183105469,34167
"RLAY","Relay Therapeutics, Inc. - Common Stock","2021-06-22 13:30:00-04:00",34.310001373291016,34.31999969482422,34.03499984741211,34.185001373291016,34.185001373291016,53076
"RLAY","Relay Therapeutics, Inc. - Common Stock","2021-06-22 14:30:00-04:00",34.185001373291016,34.56999969482422,34.06999969482422,34.5,34.5,46389
"RLAY","Relay Therapeutics, Inc. - Common Stock","2021-06-22 15:30:00-04:00",34.5,34.650001525878906,34.31999969482422,34.560001373291016,34.560001373291016,68633
"RLAY","Relay Therapeutics, Inc. - Common Stock","2021-06-22 16:00:00-04:00",34.56,34.56,34.559,34.559,34.559,0
"RLAY","Relay Therapeutics, Inc. - Common Stock","2021-06-23 08:00:00-04:00",34.56,34.56,34.56,34.56,34.56,0
"RLAY","Relay Therapeutics, Inc. - Common Stock","2021-06-23 09:30:00-04:00",34.61000061035156,35.0,33.20000076293945,33.56999969482422,33.56999969482422,158746
"RLAY","Relay Therapeutics, Inc. - Common Stock","2021-06-23 10:30:00-04:00",33.68000030517578,33.76499938964844,33.36000061035156,33.76499938964844,33.76499938964844,56113
"RLAY","Relay Therapeutics, Inc. - Common Stock","2021-06-23 11:30:00-04:00",33.7599983215332,34.02000045776367,33.59000015258789,33.90999984741211,33.90999984741211,42659
"RLAY","Relay Therapeutics, Inc. - Common Stock","2021-06-23 12:30:00-04:00",33.9900016784668,33.9900016784668,33.4900016784668,33.5099983215332,33.5099983215332,43343
"RLAY","Relay Therapeutics, Inc. - Common Stock","2021-06-23 13:30:00-04:00",33.5099983215332,34.02000045776367,33.46500015258789,33.904998779296875,33.904998779296875,33148
"RLAY","Relay Therapeutics, Inc. - Common Stock","2021-06-23 14:30:00-04:00",33.90999984741211,34.310001373291016,33.89500045776367,34.25,34.25,53341
"RLAY","Relay Therapeutics, Inc. - Common Stock","2021-06-23 15:30:00-04:00",34.275001525878906,34.34000015258789,34.099998474121094,34.11000061035156,34.11000061035156,77810
"RLAY","Relay Therapeutics, Inc. - Common Stock","2021-06-23 16:00:00-04:00",34.14,34.14,34.14,34.14,34.14,0
"RLAY","Relay Therapeutics, Inc. - Common Stock","2021-06-24 09:30:00-04:00",34.150001525878906,35.189998626708984,34.0,35.13999938964844,35.13999938964844,110219
"RLAY","Relay Therapeutics, Inc. - Common Stock","2021-06-24 10:30:00-04:00",35.060001373291016,35.06999969482422,34.45000076293945,34.68000030517578,34.68000030517578,65914
"RLAY","Relay Therapeutics, Inc. - Common Stock","2021-06-24 11:30:00-04:00",34.755001068115234,35.06999969482422,34.709999084472656,34.9900016784668,34.9900016784668,33651
"RLAY","Relay Therapeutics, Inc. - Common Stock","2021-06-24 12:30:00-04:00",34.96120071411133,34.96120071411133,34.290000915527344,34.619998931884766,34.619998931884766,36437
"RLAY","Relay Therapeutics, Inc. - Common Stock","2021-06-24 13:30:00-04:00",34.63999938964844,34.83000183105469,34.400001525878906,34.79999923706055,34.79999923706055,29059
"RLAY","Relay Therapeutics, Inc. - Common Stock","2021-06-24 14:30:00-04:00",34.79999923706055,34.93000030517578,34.66999816894531,34.7400016784668,34.7400016784668,37988
"RLAY","Relay Therapeutics, Inc. - Common Stock","2021-06-24 15:30:00-04:00",34.75,35.0,34.744998931884766,34.939998626708984,34.939998626708984,89811
"RLAY","Relay Therapeutics, Inc. - Common Stock","2021-06-24 16:00:00-04:00",35.0,35.0,35.0,35.0,35.0,0
"RLAY","Relay Therapeutics, Inc. - Common Stock","2021-06-25 09:30:00-04:00",35.2599983215332,35.66999816894531,34.900001525878906,35.630001068115234,35.630001068115234,41129
"RLAY","Relay Therapeutics, Inc. - Common Stock","2021-06-25 10:30:00-04:00",35.68000030517578,36.11000061035156,35.529998779296875,36.060001373291016,36.060001373291016,53905
"RLAY","Relay Therapeutics, Inc. - Common Stock","2021-06-25 11:30:00-04:00",36.06999969482422,36.34999847412109,35.83000183105469,36.15999984741211,36.15999984741211,233243
"RLAY","Relay Therapeutics, Inc. - Common Stock","2021-06-25 12:30:00-04:00",36.21500015258789,36.33000183105469,35.97999954223633,36.09999847412109,36.09999847412109,153055
"RLAY","Relay Therapeutics, Inc. - Common Stock","2021-06-25 13:30:00-04:00",36.09999847412109,36.16999816894531,35.61000061035156,35.7599983215332,35.7599983215332,50727
"RLAY","Relay Therapeutics, Inc. - Common Stock","2021-06-25 14:30:00-04:00",35.72999954223633,36.220001220703125,35.72999954223633,36.040000915527344,36.040000915527344,67012
"RLAY","Relay Therapeutics, Inc. - Common Stock","2021-06-25 15:30:00-04:00",36.06499862670898,36.18999862670898,35.59000015258789,35.869998931884766,35.869998931884766,223544
"RLAY","Relay Therapeutics, Inc. - Common Stock","2021-06-25 16:00:00-04:00",35.91,35.9125,35.9043,35.91,35.91,0
"RLAY","Relay Therapeutics, Inc. - Common Stock","2021-06-28 08:00:00-04:00",35.91,35.91,35.91,35.91,35.91,0
"RLAY","Relay Therapeutics, Inc. - Common Stock","2021-06-28 09:30:00-04:00",35.810001373291016,36.060001373291016,35.40999984741211,35.69499969482422,35.69499969482422,41144
"RLAY","Relay Therapeutics, Inc. - Common Stock","2021-06-28 10:30:00-04:00",35.63999938964844,36.060001373291016,35.58000183105469,36.02999877929688,36.02999877929688,138049
"RLAY","Relay Therapeutics, Inc. - Common Stock","2021-06-28 11:30:00-04:00",36.06999969482422,36.220001220703125,35.790000915527344,36.18000030517578,36.18000030517578,20874
"RLAY","Relay Therapeutics, Inc. - Common Stock","2021-06-28 12:30:00-04:00",36.15999984741211,36.27000045776367,35.70000076293945,35.83000183105469,35.83000183105469,47981
"RLAY","Relay Therapeutics, Inc. - Common Stock","2021-06-28 13:30:00-04:00",35.84000015258789,36.0099983215332,35.77000045776367,35.880001068115234,35.880001068115234,29361
"RLAY","Relay Therapeutics, Inc. - Common Stock","2021-06-28 14:30:00-04:00",35.84000015258789,35.91999816894531,35.56999969482422,35.790000915527344,35.790000915527344,46314
"RLAY","Relay Therapeutics, Inc. - Common Stock","2021-06-28 15:30:00-04:00",35.790000915527344,36.040000915527344,35.7400016784668,36.02000045776367,36.02000045776367,73031
"RLAY","Relay Therapeutics, Inc. - Common Stock","2021-06-28 16:00:00-04:00",35.95,35.95,35.85,35.85,35.85,0
"RLAY","Relay Therapeutics, Inc. - Common Stock","2021-06-28 18:00:00-04:00",38.28,38.28,36.5,36.5,36.5,0
"RLAY","Relay Therapeutics, Inc. - Common Stock","2021-06-29 09:30:00-04:00",36.54999923706055,37.34000015258789,35.869998931884766,37.15999984741211,37.15999984741211,64657
"RLAY","Relay Therapeutics, Inc. - Common Stock","2021-06-29 10:30:00-04:00",37.15999984741211,37.334999084472656,36.369998931884766,36.5,36.5,43299
"RLAY","Relay Therapeutics, Inc. - Common Stock","2021-06-29 11:30:00-04:00",36.4900016784668,36.54999923706055,36.13999938964844,36.47999954223633,36.47999954223633,27284
"RLAY","Relay Therapeutics, Inc. - Common Stock","2021-06-29 12:30:00-04:00",36.369998931884766,37.38999938964844,36.33000183105469,37.334999084472656,37.334999084472656,65410
"RLAY","Relay Therapeutics, Inc. - Common Stock","2021-06-29 13:30:00-04:00",37.369998931884766,37.470001220703125,37.06499862670898,37.09000015258789,37.09000015258789,31339
"RLAY","Relay Therapeutics, Inc. - Common Stock","2021-06-29 14:30:00-04:00",37.09000015258789,37.125,36.66999816894531,36.709999084472656,36.709999084472656,27344
"RLAY","Relay Therapeutics, Inc. - Common Stock","2021-06-29 15:30:00-04:00",36.70000076293945,37.4900016784668,36.68999862670898,37.28499984741211,37.28499984741211,119215
"RLAY","Relay Therapeutics, Inc. - Common Stock","2021-06-29 16:00:00-04:00",37.3,37.3,37.3,37.3,37.3,0
"RLAY","Relay Therapeutics, Inc. - Common Stock","2021-07-01 09:00:00-04:00",36.59,36.59,36.59,36.59,36.59,0
"RLAY","Relay Therapeutics, Inc. - Common Stock","2021-07-01 09:30:00-04:00",36.79999923706055,37.35499954223633,36.63999938964844,37.15999984741211,37.15999984741211,26911
"RLAY","Relay Therapeutics, Inc. - Common Stock","2021-07-01 10:30:00-04:00",37.19499969482422,37.52999877929688,36.97999954223633,37.5099983215332,37.5099983215332,21387
"RLAY","Relay Therapeutics, Inc. - Common Stock","2021-07-01 11:30:00-04:00",37.5099983215332,38.0,37.41999816894531,37.66999816894531,37.66999816894531,45911
"RLAY","Relay Therapeutics, Inc. - Common Stock","2021-07-01 12:30:00-04:00",37.52999877929688,37.68000030517578,36.97999954223633,37.25,37.25,120462
"RLAY","Relay Therapeutics, Inc. - Common Stock","2021-07-01 13:30:00-04:00",37.18999862670898,37.65999984741211,37.08000183105469,37.6349983215332,37.6349983215332,20610
"RLAY","Relay Therapeutics, Inc. - Common Stock","2021-07-01 14:30:00-04:00",37.709999084472656,37.84999847412109,37.66999816894531,37.75,37.75,14541
"RLAY","Relay Therapeutics, Inc. - Common Stock","2021-07-01 15:30:00-04:00",37.86000061035156,38.0099983215332,37.810001373291016,37.97999954223633,37.97999954223633,74935
"RLAY","Relay Therapeutics, Inc. - Common Stock","2021-07-01 16:00:00-04:00",37.99,39.0,37.99,37.99,37.99,0
"RLAY","Relay Therapeutics, Inc. - Common Stock","2021-07-01 17:00:00-04:00",38.02,38.02,38.02,38.02,38.02,0
"RLAY","Relay Therapeutics, Inc. - Common Stock","2021-07-02 09:30:00-04:00",38.15999984741211,38.60499954223633,37.0,37.59000015258789,37.59000015258789,27478
"RLAY","Relay Therapeutics, Inc. - Common Stock","2021-07-02 10:30:00-04:00",37.30500030517578,37.380001068115234,36.72999954223633,37.380001068115234,37.380001068115234,12439
"RLAY","Relay Therapeutics, Inc. - Common Stock","2021-07-02 11:30:00-04:00",37.2599983215332,37.790000915527344,37.2599983215332,37.77000045776367,37.77000045776367,16151
"RLAY","Relay Therapeutics, Inc. - Common Stock","2021-07-02 12:30:00-04:00",37.79999923706055,38.11000061035156,37.650001525878906,38.084999084472656,38.084999084472656,74354
"RLAY","Relay Therapeutics, Inc. - Common Stock","2021-07-02 13:30:00-04:00",38.060001373291016,38.36000061035156,37.97499847412109,38.13999938964844,38.13999938964844,109333
"RLAY","Relay Therapeutics, Inc. - Common Stock","2021-07-02 14:30:00-04:00",38.150001525878906,38.29999923706055,38.02000045776367,38.130001068115234,38.130001068115234,33758
"RLAY","Relay Therapeutics, Inc. - Common Stock","2021-07-02 15:30:00-04:00",38.14500045776367,38.18999862670898,37.66999816894531,37.66999816894531,37.66999816894531,48558
"RLAY","Relay Therapeutics, Inc. - Common Stock","2021-07-02 16:00:00-04:00",37.67,37.67,37.67,37.67,37.67,0
"RLAY","Relay Therapeutics, Inc. - Common Stock","2021-07-06 08:00:00-04:00",37.67,37.67,37.67,37.67,37.67,0
"RLAY","Relay Therapeutics, Inc. - Common Stock","2021-07-06 09:30:00-04:00",37.43000030517578,37.900001525878906,37.04999923706055,37.900001525878906,37.900001525878906,15901
"RLAY","Relay Therapeutics, Inc. - Common Stock","2021-07-06 10:30:00-04:00",37.459999084472656,37.81999969482422,37.31999969482422,37.46500015258789,37.46500015258789,56488
"RLAY","Relay Therapeutics, Inc. - Common Stock","2021-07-06 11:30:00-04:00",37.43999862670898,37.58000183105469,36.9900016784668,37.19499969482422,37.19499969482422,31906
"RLAY","Relay Therapeutics, Inc. - Common Stock","2021-07-06 12:30:00-04:00",37.119998931884766,37.25,36.93999862670898,37.0099983215332,37.0099983215332,14954
"RLAY","Relay Therapeutics, Inc. - Common Stock","2021-07-06 13:30:00-04:00",36.9900016784668,37.02000045776367,36.83000183105469,36.83000183105469,36.83000183105469,9224
"RLAY","Relay Therapeutics, Inc. - Common Stock","2021-07-06 14:30:00-04:00",36.79999923706055,37.0,36.70000076293945,36.90999984741211,36.90999984741211,19767
"RLAY","Relay Therapeutics, Inc. - Common Stock","2021-07-06 15:30:00-04:00",36.84999847412109,36.959999084472656,36.7400016784668,36.7400016784668,36.7400016784668,35919
"RLAY","Relay Therapeutics, Inc. - Common Stock","2021-07-06 16:00:00-04:00",36.75,37.32,36.75,37.32,37.32,0
"RLAY","Relay Therapeutics, Inc. - Common Stock","2021-07-07 08:00:00-04:00",36.75,36.75,36.75,36.75,36.75,0
"RLAY","Relay Therapeutics, Inc. - Common Stock","2021-07-07 09:30:00-04:00",36.09000015258789,36.650001525878906,32.75,33.11000061035156,33.11000061035156,133865
"RLAY","Relay Therapeutics, Inc. - Common Stock","2021-07-07 10:30:00-04:00",33.05500030517578,33.470001220703125,32.75,33.31999969482422,33.31999969482422,76034
"RLAY","Relay Therapeutics, Inc. - Common Stock","2021-07-07 11:30:00-04:00",33.279998779296875,33.59000015258789,33.0,33.23500061035156,33.23500061035156,76052
"RLAY","Relay Therapeutics, Inc. - Common Stock","2021-07-07 12:30:00-04:00",33.22999954223633,33.779998779296875,33.11000061035156,33.7599983215332,33.7599983215332,69810
"RLAY","Relay Therapeutics, Inc. - Common Stock","2021-07-07 13:30:00-04:00",33.7599983215332,34.20000076293945,33.75,34.0,34.0,80149
"RLAY","Relay Therapeutics, Inc. - Common Stock","2021-07-07 14:30:00-04:00",33.994998931884766,34.5,33.970001220703125,34.47999954223633,34.47999954223633,73459
"RLAY","Relay Therapeutics, Inc. - Common Stock","2021-07-07 15:30:00-04:00",34.470001220703125,34.79999923706055,34.459999084472656,34.790000915527344,34.790000915527344,209624
"RLAY","Relay Therapeutics, Inc. - Common Stock","2021-07-07 16:00:00-04:00",34.8,34.8,34.0,34.65,34.65,0
"RLAY","Relay Therapeutics, Inc. - Common Stock","2021-07-08 09:30:00-04:00",34.02000045776367,35.060001373291016,33.95500183105469,34.88999938964844,34.88999938964844,27781
"RLAY","Relay Therapeutics, Inc. - Common Stock","2021-07-08 10:30:00-04:00",34.88999938964844,35.09000015258789,34.540000915527344,34.630001068115234,34.630001068115234,21233
"RLAY","Relay Therapeutics, Inc. - Common Stock","2021-07-08 11:30:00-04:00",34.56999969482422,35.20000076293945,34.5,35.20000076293945,35.20000076293945,16181
"RLAY","Relay Therapeutics, Inc. - Common Stock","2021-07-08 12:30:00-04:00",35.15999984741211,35.209999084472656,35.0,35.02000045776367,35.02000045776367,10237
"RLAY","Relay Therapeutics, Inc. - Common Stock","2021-07-08 13:30:00-04:00",35.02009963989258,35.125,34.75,34.810001373291016,34.810001373291016,21503
"RLAY","Relay Therapeutics, Inc. - Common Stock","2021-07-08 14:30:00-04:00",34.76499938964844,34.77000045776367,34.52000045776367,34.63999938964844,34.63999938964844,15840
"RLAY","Relay Therapeutics, Inc. - Common Stock","2021-07-08 15:30:00-04:00",34.650001525878906,34.689998626708984,34.41999816894531,34.599998474121094,34.599998474121094,108120
"RLAY","Relay Therapeutics, Inc. - Common Stock","2021-07-08 16:00:00-04:00",34.59,34.6692,34.59,34.6692,34.6692,0
"RLAY","Relay Therapeutics, Inc. - Common Stock","2021-07-09 09:30:00-04:00",34.88999938964844,34.97999954223633,34.099998474121094,34.65999984741211,34.65999984741211,19512
"RLAY","Relay Therapeutics, Inc. - Common Stock","2021-07-09 10:30:00-04:00",34.529998779296875,35.11000061035156,34.290000915527344,35.0,35.0,22124
"RLAY","Relay Therapeutics, Inc. - Common Stock","2021-07-09 11:30:00-04:00",34.95000076293945,35.06999969482422,34.79999923706055,35.04499816894531,35.04499816894531,13887
"RLAY","Relay Therapeutics, Inc. - Common Stock","2021-07-09 12:30:00-04:00",35.06999969482422,35.09000015258789,34.84000015258789,34.84000015258789,34.84000015258789,16309
"RLAY","Relay Therapeutics, Inc. - Common Stock","2021-07-09 13:30:00-04:00",34.93000030517578,35.029998779296875,34.880001068115234,34.939998626708984,34.939998626708984,9159
"RLAY","Relay Therapeutics, Inc. - Common Stock","2021-07-09 14:30:00-04:00",35.0,35.154998779296875,34.90999984741211,35.0099983215332,35.0099983215332,16064
"RLAY","Relay Therapeutics, Inc. - Common Stock","2021-07-09 15:30:00-04:00",35.09000015258789,35.099998474121094,34.529998779296875,34.9900016784668,34.9900016784668,85141
"RLAY","Relay Therapeutics, Inc. - Common Stock","2021-07-09 16:00:00-04:00",34.98,34.98,34.98,34.98,34.98,24222
"RLAY","Relay Therapeutics, Inc. - Common Stock","2021-07-12 09:30:00-04:00",34.97999954223633,35.38999938964844,34.119998931884766,34.34000015258789,34.34000015258789,0
"RLAY","Relay Therapeutics, Inc. - Common Stock","2021-07-12 10:30:00-04:00",34.31999969482422,34.93000030517578,34.27000045776367,34.849998474121094,34.849998474121094,26444
"RLAY","Relay Therapeutics, Inc. - Common Stock","2021-07-12 11:30:00-04:00",34.834999084472656,35.29999923706055,34.834999084472656,35.09000015258789,35.09000015258789,15687
"RLAY","Relay Therapeutics, Inc. - Common Stock","2021-07-12 12:30:00-04:00",35.06999969482422,35.11000061035156,34.474998474121094,34.4900016784668,34.4900016784668,109816
"RLAY","Relay Therapeutics, Inc. - Common Stock","2021-07-12 13:30:00-04:00",34.45000076293945,34.52000045776367,34.290000915527344,34.505001068115234,34.505001068115234,12887
"RLAY","Relay Therapeutics, Inc. - Common Stock","2021-07-12 14:30:00-04:00",34.45500183105469,34.900001525878906,34.45500183105469,34.70000076293945,34.70000076293945,24292
"RLAY","Relay Therapeutics, Inc. - Common Stock","2021-07-12 15:30:00-04:00",34.64500045776367,34.65999984741211,34.380001068115234,34.459999084472656,34.459999084472656,43294
"RLAY","Relay Therapeutics, Inc. - Common Stock","2021-07-12 16:00:00-04:00",34.52,34.52,34.52,34.52,34.52,33213
"RLAY","Relay Therapeutics, Inc. - Common Stock","2021-07-12 19:00:00-04:00",38.49,38.49,35.4,35.4,35.4,0
"RLAY","Relay Therapeutics, Inc. - Common Stock","2021-07-13 09:30:00-04:00",34.45000076293945,34.560001373291016,33.380001068115234,33.61000061035156,33.61000061035156,97014
"RLAY","Relay Therapeutics, Inc. - Common Stock","2021-07-13 10:30:00-04:00",33.814998626708984,33.98500061035156,33.400001525878906,33.98500061035156,33.98500061035156,43206
"RLAY","Relay Therapeutics, Inc. - Common Stock","2021-07-13 11:30:00-04:00",33.98500061035156,34.09000015258789,33.529998779296875,33.61000061035156,33.61000061035156,22838
"RLAY","Relay Therapeutics, Inc. - Common Stock","2021-07-13 12:30:00-04:00",33.61000061035156,33.82500076293945,33.5,33.75,33.75,19813
"RLAY","Relay Therapeutics, Inc. - Common Stock","2021-07-13 13:30:00-04:00",33.724998474121094,33.755001068115234,33.5,33.72999954223633,33.72999954223633,23100
"RLAY","Relay Therapeutics, Inc. - Common Stock","2021-07-13 14:30:00-04:00",33.724998474121094,34.119998931884766,33.619998931884766,33.994998931884766,33.994998931884766,25905
"RLAY","Relay Therapeutics, Inc. - Common Stock","2021-07-13 15:30:00-04:00",33.970001220703125,33.970001220703125,33.75,33.7599983215332,33.7599983215332,35896
"RLAY","Relay Therapeutics, Inc. - Common Stock","2021-07-13 16:00:00-04:00",33.79,33.79,33.79,33.79,33.79,0
"RLAY","Relay Therapeutics, Inc. - Common Stock","2021-07-14 08:00:00-04:00",34.0,34.0,33.75,33.75,33.75,0
"RLAY","Relay Therapeutics, Inc. - Common Stock","2021-07-14 09:30:00-04:00",34.060001373291016,34.209999084472656,33.349998474121094,33.44499969482422,33.44499969482422,41219
"RLAY","Relay Therapeutics, Inc. - Common Stock","2021-07-14 10:30:00-04:00",33.52000045776367,33.709999084472656,33.130001068115234,33.130001068115234,33.130001068115234,89189
"RLAY","Relay Therapeutics, Inc. - Common Stock","2021-07-14 11:30:00-04:00",33.1349983215332,33.709999084472656,33.029998779296875,33.68000030517578,33.68000030517578,32241
"RLAY","Relay Therapeutics, Inc. - Common Stock","2021-07-14 12:30:00-04:00",33.70000076293945,33.790000915527344,33.220001220703125,33.529998779296875,33.529998779296875,61561
"RLAY","Relay Therapeutics, Inc. - Common Stock","2021-07-14 13:30:00-04:00",33.54999923706055,33.81999969482422,33.470001220703125,33.5,33.5,22795
"RLAY","Relay Therapeutics, Inc. - Common Stock","2021-07-14 14:30:00-04:00",33.5,33.55500030517578,33.15999984741211,33.209999084472656,33.209999084472656,40328
"RLAY","Relay Therapeutics, Inc. - Common Stock","2021-07-14 15:30:00-04:00",33.20000076293945,33.400001525878906,33.04999923706055,33.349998474121094,33.349998474121094,111121
"RLAY","Relay Therapeutics, Inc. - Common Stock","2021-07-14 16:00:00-04:00",33.36,33.36,33.36,33.36,33.36,0
"RLAY","Relay Therapeutics, Inc. - Common Stock","2021-07-15 09:30:00-04:00",33.130001068115234,33.76499938964844,32.47999954223633,32.9900016784668,32.9900016784668,121524
"RLAY","Relay Therapeutics, Inc. - Common Stock","2021-07-15 10:30:00-04:00",32.9900016784668,33.20000076293945,32.56999969482422,32.56999969482422,32.56999969482422,62133
"RLAY","Relay Therapeutics, Inc. - Common Stock","2021-07-15 11:30:00-04:00",32.654998779296875,32.939998626708984,32.05500030517578,32.14500045776367,32.14500045776367,48025
"RLAY","Relay Therapeutics, Inc. - Common Stock","2021-07-15 12:30:00-04:00",32.12799835205078,32.20000076293945,31.82999992370605,31.82999992370605,31.82999992370605,65309
"RLAY","Relay Therapeutics, Inc. - Common Stock","2021-07-15 13:30:00-04:00",31.68000030517578,31.729999542236328,31.239999771118164,31.6200008392334,31.6200008392334,38320
"RLAY","Relay Therapeutics, Inc. - Common Stock","2021-07-15 14:30:00-04:00",31.61000061035156,32.10499954223633,31.40999984741211,31.43000030517578,31.43000030517578,50240
"RLAY","Relay Therapeutics, Inc. - Common Stock","2021-07-15 15:30:00-04:00",31.51799964904785,31.989999771118164,31.34000015258789,31.8799991607666,31.8799991607666,72290
"RLAY","Relay Therapeutics, Inc. - Common Stock","2021-07-15 16:00:00-04:00",31.86,31.86,31.86,31.86,31.86,0
"RLAY","Relay Therapeutics, Inc. - Common Stock","2021-07-16 09:30:00-04:00",32.439998626708984,33.9900016784668,32.439998626708984,33.22999954223633,33.22999954223633,101008
"RLAY","Relay Therapeutics, Inc. - Common Stock","2021-07-16 10:30:00-04:00",33.20000076293945,34.380001068115234,33.20000076293945,34.27000045776367,34.27000045776367,47133
"RLAY","Relay Therapeutics, Inc. - Common Stock","2021-07-16 11:30:00-04:00",34.3650016784668,34.84000015258789,34.25,34.470001220703125,34.470001220703125,31551
"RLAY","Relay Therapeutics, Inc. - Common Stock","2021-07-16 12:30:00-04:00",34.59000015258789,34.59000015258789,34.249900817871094,34.279998779296875,34.279998779296875,25263
"RLAY","Relay Therapeutics, Inc. - Common Stock","2021-07-16 13:30:00-04:00",34.290000915527344,34.5,34.06999969482422,34.130001068115234,34.130001068115234,35936
"RLAY","Relay Therapeutics, Inc. - Common Stock","2021-07-16 14:30:00-04:00",34.11000061035156,34.125,33.11000061035156,33.125,33.125,51443
"RLAY","Relay Therapeutics, Inc. - Common Stock","2021-07-16 15:30:00-04:00",33.11000061035156,33.560001373291016,33.029998779296875,33.33000183105469,33.33000183105469,75168
"RLAY","Relay Therapeutics, Inc. - Common Stock","2021-07-16 16:00:00-04:00",33.33,33.33,33.33,33.33,33.33,0
"RLAY","Relay Therapeutics, Inc. - Common Stock","2021-07-19 09:30:00-04:00",32.31999969482422,33.11000061035156,31.687299728393555,32.56999969482422,32.56999969482422,155441
"RLAY","Relay Therapeutics, Inc. - Common Stock","2021-07-19 10:30:00-04:00",32.4900016784668,33.130001068115234,32.2400016784668,33.04999923706055,33.04999923706055,34025
"RLAY","Relay Therapeutics, Inc. - Common Stock","2021-07-19 11:30:00-04:00",33.25,33.54999923706055,32.88999938964844,33.11000061035156,33.11000061035156,27829
"RLAY","Relay Therapeutics, Inc. - Common Stock","2021-07-19 12:30:00-04:00",33.040000915527344,33.06999969482422,32.779998779296875,32.904998779296875,32.904998779296875,37197
"RLAY","Relay Therapeutics, Inc. - Common Stock","2021-07-19 13:30:00-04:00",32.880001068115234,33.34000015258789,32.790000915527344,33.17499923706055,33.17499923706055,29415
"RLAY","Relay Therapeutics, Inc. - Common Stock","2021-07-19 14:30:00-04:00",33.165000915527344,33.220001220703125,32.529998779296875,33.0099983215332,33.0099983215332,72971
"RLAY","Relay Therapeutics, Inc. - Common Stock","2021-07-19 15:30:00-04:00",33.0099983215332,33.119998931884766,32.65999984741211,33.09000015258789,33.09000015258789,80377
"RLAY","Relay Therapeutics, Inc. - Common Stock","2021-07-19 16:00:00-04:00",33.0,33.0,33.0,33.0,33.0,35283
"RLAY","Relay Therapeutics, Inc. - Common Stock","2021-07-20 04:00:00-04:00",33.0,33.0,33.0,33.0,33.0,0
"RLAY","Relay Therapeutics, Inc. - Common Stock","2021-07-20 09:30:00-04:00",33.349998474121094,33.47999954223633,32.88999938964844,33.16999816894531,33.16999816894531,40117
"RLAY","Relay Therapeutics, Inc. - Common Stock","2021-07-20 10:30:00-04:00",33.33000183105469,33.41999816894531,32.970001220703125,33.400001525878906,33.400001525878906,29358
"RLAY","Relay Therapeutics, Inc. - Common Stock","2021-07-20 11:30:00-04:00",33.400001525878906,33.68000030517578,33.150001525878906,33.2400016784668,33.2400016784668,61174
"RLAY","Relay Therapeutics, Inc. - Common Stock","2021-07-20 12:30:00-04:00",33.36000061035156,33.540000915527344,33.0099983215332,33.459999084472656,33.459999084472656,41386
"RLAY","Relay Therapeutics, Inc. - Common Stock","2021-07-20 13:30:00-04:00",33.47999954223633,33.560001373291016,33.34000015258789,33.529998779296875,33.529998779296875,54984
"RLAY","Relay Therapeutics, Inc. - Common Stock","2021-07-20 14:30:00-04:00",33.58000183105469,33.86000061035156,33.58000183105469,33.80500030517578,33.80500030517578,55766
"RLAY","Relay Therapeutics, Inc. - Common Stock","2021-07-20 15:30:00-04:00",33.83000183105469,34.66999816894531,33.78499984741211,34.310001373291016,34.310001373291016,132593
"RLAY","Relay Therapeutics, Inc. - Common Stock","2021-07-20 16:00:00-04:00",34.31,34.31,34.31,34.31,34.31,0
"RLAY","Relay Therapeutics, Inc. - Common Stock","2021-07-21 07:00:00-04:00",35.01,35.01,35.01,35.01,35.01,0
"RLAY","Relay Therapeutics, Inc. - Common Stock","2021-07-21 08:00:00-04:00",35.25,35.25,35.25,35.25,35.25,0
"RLAY","Relay Therapeutics, Inc. - Common Stock","2021-07-21 09:30:00-04:00",35.540000915527344,35.540000915527344,33.81999969482422,34.2400016784668,34.2400016784668,57027
"RLAY","Relay Therapeutics, Inc. - Common Stock","2021-07-21 10:30:00-04:00",34.06999969482422,34.614898681640625,33.970001220703125,34.54499816894531,34.54499816894531,36561
"RLAY","Relay Therapeutics, Inc. - Common Stock","2021-07-21 11:30:00-04:00",34.400001525878906,34.47999954223633,33.959999084472656,34.09000015258789,34.09000015258789,25713
"RLAY","Relay Therapeutics, Inc. - Common Stock","2021-07-21 12:30:00-04:00",34.08000183105469,34.33000183105469,34.0,34.189998626708984,34.189998626708984,19662
"RLAY","Relay Therapeutics, Inc. - Common Stock","2021-07-21 13:30:00-04:00",34.19499969482422,34.41999816894531,34.16999816894531,34.16999816894531,34.16999816894531,16720
"RLAY","Relay Therapeutics, Inc. - Common Stock","2021-07-21 14:30:00-04:00",34.18000030517578,34.380001068115234,34.18000030517578,34.3650016784668,34.3650016784668,23282
"RLAY","Relay Therapeutics, Inc. - Common Stock","2021-07-21 15:30:00-04:00",34.3650016784668,34.59000015258789,34.290000915527344,34.5099983215332,34.5099983215332,58083
"RLAY","Relay Therapeutics, Inc. - Common Stock","2021-07-21 16:00:00-04:00",34.51,34.51,34.51,34.51,34.51,38378
"RLAY","Relay Therapeutics, Inc. - Common Stock","2021-07-22 09:30:00-04:00",34.56999969482422,34.84989929199219,33.69499969482422,34.18000030517578,34.18000030517578,0
"RLAY","Relay Therapeutics, Inc. - Common Stock","2021-07-22 10:30:00-04:00",34.31999969482422,34.66999816894531,34.22999954223633,34.459999084472656,34.459999084472656,20629
"RLAY","Relay Therapeutics, Inc. - Common Stock","2021-07-22 11:30:00-04:00",34.630001068115234,34.86000061035156,34.58000183105469,34.79499816894531,34.79499816894531,34760
"RLAY","Relay Therapeutics, Inc. - Common Stock","2021-07-22 12:30:00-04:00",34.81999969482422,35.10499954223633,34.81999969482422,34.9900016784668,34.9900016784668,93569
"RLAY","Relay Therapeutics, Inc. - Common Stock","2021-07-22 13:30:00-04:00",34.97999954223633,35.029998779296875,34.790000915527344,34.849998474121094,34.849998474121094,13631
"RLAY","Relay Therapeutics, Inc. - Common Stock","2021-07-22 14:30:00-04:00",34.84000015258789,34.91999816894531,34.65999984741211,34.65999984741211,34.65999984741211,18741
"RLAY","Relay Therapeutics, Inc. - Common Stock","2021-07-22 15:30:00-04:00",34.66999816894531,34.66999816894531,33.95000076293945,34.2400016784668,34.2400016784668,85950
"RLAY","Relay Therapeutics, Inc. - Common Stock","2021-07-22 16:00:00-04:00",34.25,34.25,34.25,34.25,34.25,0
"RLAY","Relay Therapeutics, Inc. - Common Stock","2021-07-23 09:30:00-04:00",34.27000045776367,34.27000045776367,33.400001525878906,33.97999954223633,33.97999954223633,25464
"RLAY","Relay Therapeutics, Inc. - Common Stock","2021-07-23 10:30:00-04:00",33.81999969482422,34.20000076293945,33.72999954223633,33.97999954223633,33.97999954223633,24166
"RLAY","Relay Therapeutics, Inc. - Common Stock","2021-07-23 11:30:00-04:00",34.04999923706055,34.209999084472656,33.66999816894531,33.86000061035156,33.86000061035156,14612
"RLAY","Relay Therapeutics, Inc. - Common Stock","2021-07-23 12:30:00-04:00",33.939998626708984,34.349998474121094,33.88090133666992,34.130001068115234,34.130001068115234,22146
"RLAY","Relay Therapeutics, Inc. - Common Stock","2021-07-23 13:30:00-04:00",34.099998474121094,34.790000915527344,34.099998474121094,34.470001220703125,34.470001220703125,20155
"RLAY","Relay Therapeutics, Inc. - Common Stock","2021-07-23 14:30:00-04:00",34.529998779296875,34.540000915527344,34.29999923706055,34.4900016784668,34.4900016784668,13579
"RLAY","Relay Therapeutics, Inc. - Common Stock","2021-07-23 15:30:00-04:00",34.43000030517578,34.439998626708984,34.11000061035156,34.29999923706055,34.29999923706055,38104
"RLAY","Relay Therapeutics, Inc. - Common Stock","2021-07-23 16:00:00-04:00",34.24,35.48,34.24,35.45,35.45,0
"RLAY","Relay Therapeutics, Inc. - Common Stock","2021-07-26 06:00:00-04:00",34.0,34.0,34.0,34.0,34.0,0
"RLAY","Relay Therapeutics, Inc. - Common Stock","2021-07-26 08:00:00-04:00",35.5,35.5,35.5,35.5,35.5,0
"RLAY","Relay Therapeutics, Inc. - Common Stock","2021-07-26 09:30:00-04:00",34.16999816894531,34.209999084472656,33.349998474121094,34.029998779296875,34.029998779296875,23243
"RLAY","Relay Therapeutics, Inc. - Common Stock","2021-07-26 10:30:00-04:00",33.97999954223633,33.97999954223633,33.040000915527344,33.18000030517578,33.18000030517578,28386
"RLAY","Relay Therapeutics, Inc. - Common Stock","2021-07-26 11:30:00-04:00",33.02000045776367,33.63999938964844,32.900001525878906,33.27000045776367,33.27000045776367,21673
"RLAY","Relay Therapeutics, Inc. - Common Stock","2021-07-26 12:30:00-04:00",33.14500045776367,33.29999923706055,32.97999954223633,33.290000915527344,33.290000915527344,24553
"RLAY","Relay Therapeutics, Inc. - Common Stock","2021-07-26 13:30:00-04:00",33.34000015258789,33.404998779296875,33.0,33.099998474121094,33.099998474121094,15737
"RLAY","Relay Therapeutics, Inc. - Common Stock","2021-07-26 14:30:00-04:00",33.064998626708984,33.314998626708984,32.97999954223633,33.2400016784668,33.2400016784668,22955
"RLAY","Relay Therapeutics, Inc. - Common Stock","2021-07-26 15:30:00-04:00",33.16999816894531,33.20000076293945,32.81999969482422,32.880001068115234,32.880001068115234,60174
"RLAY","Relay Therapeutics, Inc. - Common Stock","2021-07-26 16:00:00-04:00",32.91,32.91,32.9085,32.91,32.91,0
"RLAY","Relay Therapeutics, Inc. - Common Stock","2021-07-27 09:30:00-04:00",32.779998779296875,32.81999969482422,31.309999465942383,31.729999542236328,31.729999542236328,59961
"RLAY","Relay Therapeutics, Inc. - Common Stock","2021-07-27 10:30:00-04:00",31.729999542236328,32.209999084472656,31.280000686645508,32.099998474121094,32.099998474121094,55899
"RLAY","Relay Therapeutics, Inc. - Common Stock","2021-07-27 11:30:00-04:00",32.16999816894531,32.70000076293945,31.61000061035156,32.619998931884766,32.619998931884766,30092
"RLAY","Relay Therapeutics, Inc. - Common Stock","2021-07-27 12:30:00-04:00",32.599998474121094,32.61000061035156,31.86000061035156,32.16999816894531,32.16999816894531,21449
"RLAY","Relay Therapeutics, Inc. - Common Stock","2021-07-27 13:30:00-04:00",32.08000183105469,32.45000076293945,32.08000183105469,32.279998779296875,32.279998779296875,29662
"RLAY","Relay Therapeutics, Inc. - Common Stock","2021-07-27 14:30:00-04:00",32.20000076293945,32.369998931884766,32.04999923706055,32.16999816894531,32.16999816894531,17307
"RLAY","Relay Therapeutics, Inc. - Common Stock","2021-07-27 15:30:00-04:00",32.16999816894531,32.220001220703125,31.979999542236328,32.130001068115234,32.130001068115234,29681
"RLAY","Relay Therapeutics, Inc. - Common Stock","2021-07-27 16:00:00-04:00",32.06,32.06,32.06,32.06,32.06,0
"RLAY","Relay Therapeutics, Inc. - Common Stock","2021-07-28 08:00:00-04:00",32.06,32.06,32.06,32.06,32.06,0
"RLAY","Relay Therapeutics, Inc. - Common Stock","2021-07-28 09:00:00-04:00",31.18,31.18,31.18,31.18,31.18,0
"RLAY","Relay Therapeutics, Inc. - Common Stock","2021-07-28 09:30:00-04:00",32.72999954223633,33.150001525878906,31.535600662231445,32.01499938964844,32.01499938964844,51900
"RLAY","Relay Therapeutics, Inc. - Common Stock","2021-07-28 10:30:00-04:00",32.03499984741211,32.64179992675781,31.82999992370605,32.63999938964844,32.63999938964844,18129
"RLAY","Relay Therapeutics, Inc. - Common Stock","2021-07-28 11:30:00-04:00",32.36000061035156,32.45500183105469,31.89999961853028,32.310001373291016,32.310001373291016,20238
"RLAY","Relay Therapeutics, Inc. - Common Stock","2021-07-28 12:30:00-04:00",32.25,32.34000015258789,32.040000915527344,32.154998779296875,32.154998779296875,12863
"RLAY","Relay Therapeutics, Inc. - Common Stock","2021-07-28 13:30:00-04:00",32.11000061035156,32.560001373291016,31.940000534057617,32.470001220703125,32.470001220703125,13664
"RLAY","Relay Therapeutics, Inc. - Common Stock","2021-07-28 14:30:00-04:00",32.4900016784668,33.20000076293945,32.38999938964844,33.20000076293945,33.20000076293945,27540
"RLAY","Relay Therapeutics, Inc. - Common Stock","2021-07-28 15:30:00-04:00",33.14500045776367,33.2400016784668,32.939998626708984,33.08000183105469,33.08000183105469,39497
"RLAY","Relay Therapeutics, Inc. - Common Stock","2021-07-28 16:00:00-04:00",33.08,33.08,33.08,33.08,33.08,0
"RLAY","Relay Therapeutics, Inc. - Common Stock","2021-07-29 08:00:00-04:00",33.08,33.08,33.08,33.08,33.08,0
"RLAY","Relay Therapeutics, Inc. - Common Stock","2021-07-29 09:30:00-04:00",33.310001373291016,34.0,33.040000915527344,33.72999954223633,33.72999954223633,163076
"RLAY","Relay Therapeutics, Inc. - Common Stock","2021-07-29 10:30:00-04:00",33.810001373291016,34.16999816894531,33.38999938964844,33.529998779296875,33.529998779296875,30325
"RLAY","Relay Therapeutics, Inc. - Common Stock","2021-07-29 11:30:00-04:00",33.52000045776367,33.52000045776367,33.119998931884766,33.150001525878906,33.150001525878906,8954
"RLAY","Relay Therapeutics, Inc. - Common Stock","2021-07-29 12:30:00-04:00",33.06999969482422,33.16999816894531,32.90999984741211,33.0,33.0,11839
"RLAY","Relay Therapeutics, Inc. - Common Stock","2021-07-29 13:30:00-04:00",33.040000915527344,33.099998474121094,32.54999923706055,32.7400016784668,32.7400016784668,22396
"RLAY","Relay Therapeutics, Inc. - Common Stock","2021-07-29 14:30:00-04:00",32.650001525878906,33.20000076293945,32.619998931884766,33.11000061035156,33.11000061035156,16004
"RLAY","Relay Therapeutics, Inc. - Common Stock","2021-07-29 15:30:00-04:00",33.02000045776367,33.06999969482422,32.560001373291016,32.68000030517578,32.68000030517578,41371
"RLAY","Relay Therapeutics, Inc. - Common Stock","2021-07-29 16:00:00-04:00",32.66,32.66,32.66,32.66,32.66,0
"RLAY","Relay Therapeutics, Inc. - Common Stock","2021-07-30 09:30:00-04:00",32.68000030517578,33.17499923706055,32.1349983215332,32.85499954223633,32.85499954223633,14869
"RLAY","Relay Therapeutics, Inc. - Common Stock","2021-07-30 10:30:00-04:00",32.7400016784668,32.84000015258789,32.349998474121094,32.349998474121094,32.349998474121094,21001
"RLAY","Relay Therapeutics, Inc. - Common Stock","2021-07-30 11:30:00-04:00",32.38999938964844,32.38999938964844,31.93000030517578,32.02000045776367,32.02000045776367,14124
"RLAY","Relay Therapeutics, Inc. - Common Stock","2021-07-30 12:30:00-04:00",32.11000061035156,32.66999816894531,32.11000061035156,32.415000915527344,32.415000915527344,12468
"RLAY","Relay Therapeutics, Inc. - Common Stock","2021-07-30 13:30:00-04:00",32.42499923706055,32.540000915527344,32.279998779296875,32.400001525878906,32.400001525878906,8918
"RLAY","Relay Therapeutics, Inc. - Common Stock","2021-07-30 14:30:00-04:00",32.375,32.59000015258789,32.2599983215332,32.59000015258789,32.59000015258789,14477
"RLAY","Relay Therapeutics, Inc. - Common Stock","2021-07-30 15:30:00-04:00",32.529998779296875,32.619998931884766,32.36000061035156,32.43000030517578,32.43000030517578,28820
"RLAY","Relay Therapeutics, Inc. - Common Stock","2021-07-30 16:00:00-04:00",32.44,32.44,32.44,32.44,32.44,0
"RLAY","Relay Therapeutics, Inc. - Common Stock","2021-08-02 08:00:00-04:00",32.44,32.44,32.44,32.44,32.44,0
"RLAY","Relay Therapeutics, Inc. - Common Stock","2021-08-02 09:30:00-04:00",32.72999954223633,33.040000915527344,32.714298248291016,32.880001068115234,32.880001068115234,14053
"RLAY","Relay Therapeutics, Inc. - Common Stock","2021-08-02 10:30:00-04:00",32.95000076293945,33.29999923706055,32.939998626708984,33.029998779296875,33.029998779296875,37498
"RLAY","Relay Therapeutics, Inc. - Common Stock","2021-08-02 11:30:00-04:00",33.095001220703125,33.130001068115234,32.900001525878906,33.029998779296875,33.029998779296875,17344
"RLAY","Relay Therapeutics, Inc. - Common Stock","2021-08-02 12:30:00-04:00",33.02000045776367,33.08000183105469,32.939998626708984,32.95500183105469,32.95500183105469,23393
"RLAY","Relay Therapeutics, Inc. - Common Stock","2021-08-02 13:30:00-04:00",33.0,33.040000915527344,32.83000183105469,32.83000183105469,32.83000183105469,21763
"RLAY","Relay Therapeutics, Inc. - Common Stock","2021-08-02 14:30:00-04:00",32.834999084472656,33.04999923706055,32.834999084472656,32.93000030517578,32.93000030517578,27491
"RLAY","Relay Therapeutics, Inc. - Common Stock","2021-08-02 15:30:00-04:00",32.939998626708984,33.040000915527344,32.81999969482422,33.0,33.0,99583
"RLAY","Relay Therapeutics, Inc. - Common Stock","2021-08-02 16:00:00-04:00",33.02,33.02,33.0,33.02,33.02,0
"RLAY","Relay Therapeutics, Inc. - Common Stock","2021-08-03 08:00:00-04:00",33.02,33.02,33.02,33.02,33.02,0
"RLAY","Relay Therapeutics, Inc. - Common Stock","2021-08-03 09:30:00-04:00",33.0,33.11000061035156,32.40999984741211,32.60499954223633,32.60499954223633,79705
"RLAY","Relay Therapeutics, Inc. - Common Stock","2021-08-03 10:30:00-04:00",32.61000061035156,33.09000015258789,32.61000061035156,33.0,33.0,39973
"RLAY","Relay Therapeutics, Inc. - Common Stock","2021-08-03 11:30:00-04:00",33.02000045776367,33.209999084472656,32.689998626708984,32.689998626708984,32.689998626708984,72590
"RLAY","Relay Therapeutics, Inc. - Common Stock","2021-08-03 12:30:00-04:00",32.69499969482422,32.69499969482422,31.82999992370605,32.25,32.25,136705
"RLAY","Relay Therapeutics, Inc. - Common Stock","2021-08-03 13:30:00-04:00",32.2400016784668,32.25,31.725000381469727,31.89999961853028,31.89999961853028,137523
"RLAY","Relay Therapeutics, Inc. - Common Stock","2021-08-03 14:30:00-04:00",32.029998779296875,32.189998626708984,31.5,31.684999465942383,31.684999465942383,63564
"RLAY","Relay Therapeutics, Inc. - Common Stock","2021-08-03 15:30:00-04:00",31.71999931335449,32.15999984741211,31.71999931335449,32.0,32.0,105637
"RLAY","Relay Therapeutics, Inc. - Common Stock","2021-08-03 16:00:00-04:00",32.06,32.06,32.0,32.06,32.06,0
"RLAY","Relay Therapeutics, Inc. - Common Stock","2021-08-04 08:00:00-04:00",32.06,32.06,32.06,32.06,32.06,0
"RLAY","Relay Therapeutics, Inc. - Common Stock","2021-08-04 09:30:00-04:00",32.0,32.880001068115234,32.0,32.70000076293945,32.70000076293945,37014
"RLAY","Relay Therapeutics, Inc. - Common Stock","2021-08-04 10:30:00-04:00",32.630001068115234,32.779998779296875,32.45000076293945,32.72999954223633,32.72999954223633,17272
"RLAY","Relay Therapeutics, Inc. - Common Stock","2021-08-04 11:30:00-04:00",32.71500015258789,32.939998626708984,32.54999923706055,32.72999954223633,32.72999954223633,39371
"RLAY","Relay Therapeutics, Inc. - Common Stock","2021-08-04 12:30:00-04:00",32.68000030517578,32.7400016784668,32.540000915527344,32.63999938964844,32.63999938964844,30683
"RLAY","Relay Therapeutics, Inc. - Common Stock","2021-08-04 13:30:00-04:00",32.6150016784668,33.15999984741211,32.61000061035156,32.7400016784668,32.7400016784668,70281
"RLAY","Relay Therapeutics, Inc. - Common Stock","2021-08-04 14:30:00-04:00",32.755001068115234,32.755001068115234,32.439998626708984,32.47999954223633,32.47999954223633,21947
"RLAY","Relay Therapeutics, Inc. - Common Stock","2021-08-04 15:30:00-04:00",32.5099983215332,32.67499923706055,32.459999084472656,32.540000915527344,32.540000915527344,50529
"RLAY","Relay Therapeutics, Inc. - Common Stock","2021-08-04 16:00:00-04:00",32.59,32.59,32.59,32.59,32.59,0
"RLAY","Relay Therapeutics, Inc. - Common Stock","2021-08-05 08:00:00-04:00",32.59,32.59,32.59,32.59,32.59,0
"RLAY","Relay Therapeutics, Inc. - Common Stock","2021-08-05 09:30:00-04:00",32.56999969482422,32.95000076293945,32.400001525878906,32.875,32.875,15994
"RLAY","Relay Therapeutics, Inc. - Common Stock","2021-08-05 10:30:00-04:00",32.9900016784668,33.119998931884766,32.75,32.8650016784668,32.8650016784668,38996
"RLAY","Relay Therapeutics, Inc. - Common Stock","2021-08-05 11:30:00-04:00",32.900001525878906,32.994998931884766,32.400001525878906,32.790000915527344,32.790000915527344,31405
"RLAY","Relay Therapeutics, Inc. - Common Stock","2021-08-05 12:30:00-04:00",32.82500076293945,33.0,32.63999938964844,32.665000915527344,32.665000915527344,41913
"RLAY","Relay Therapeutics, Inc. - Common Stock","2021-08-05 13:30:00-04:00",32.650001525878906,32.959999084472656,32.47999954223633,32.959999084472656,32.959999084472656,48901
"RLAY","Relay Therapeutics, Inc. - Common Stock","2021-08-05 14:30:00-04:00",32.959999084472656,33.0,32.77000045776367,32.84000015258789,32.84000015258789,32390
"RLAY","Relay Therapeutics, Inc. - Common Stock","2021-08-05 15:30:00-04:00",32.86000061035156,32.959999084472656,32.75,32.939998626708984,32.939998626708984,84617
"RLAY","Relay Therapeutics, Inc. - Common Stock","2021-08-05 16:00:00-04:00",32.94,32.94,32.94,32.94,32.94,0
"RLAY","Relay Therapeutics, Inc. - Common Stock","2021-08-06 09:30:00-04:00",33.0,33.189998626708984,32.40999984741211,32.70000076293945,32.70000076293945,68949
"RLAY","Relay Therapeutics, Inc. - Common Stock","2021-08-06 10:30:00-04:00",32.560001373291016,33.0,32.43000030517578,32.7400016784668,32.7400016784668,29114
"RLAY","Relay Therapeutics, Inc. - Common Stock","2021-08-06 11:30:00-04:00",32.900001525878906,33.0,32.689998626708984,32.86000061035156,32.86000061035156,23769
"RLAY","Relay Therapeutics, Inc. - Common Stock","2021-08-06 12:30:00-04:00",32.93000030517578,32.93000030517578,32.59000015258789,32.90999984741211,32.90999984741211,15748
"RLAY","Relay Therapeutics, Inc. - Common Stock","2021-08-06 13:30:00-04:00",32.81999969482422,32.93000030517578,32.72999954223633,32.900001525878906,32.900001525878906,20383
"RLAY","Relay Therapeutics, Inc. - Common Stock","2021-08-06 14:30:00-04:00",32.92499923706055,33.099998474121094,32.90999984741211,32.94499969482422,32.94499969482422,43418
"RLAY","Relay Therapeutics, Inc. - Common Stock","2021-08-06 15:30:00-04:00",33.0,33.060001373291016,32.79999923706055,32.95000076293945,32.95000076293945,86765
"RLAY","Relay Therapeutics, Inc. - Common Stock","2021-08-06 16:00:00-04:00",32.9,32.9,32.899,32.9,32.9,0
"RLAY","Relay Therapeutics, Inc. - Common Stock","2021-08-06 19:00:00-04:00",33.76,33.76,33.76,33.76,33.76,0
"RLAY","Relay Therapeutics, Inc. - Common Stock","2021-08-09 09:00:00-04:00",32.89,32.89,32.83,32.83,32.83,0
"RLAY","Relay Therapeutics, Inc. - Common Stock","2021-08-09 09:30:00-04:00",32.900001525878906,33.2400016784668,32.275001525878906,32.65999984741211,32.65999984741211,24692
"RLAY","Relay Therapeutics, Inc. - Common Stock","2021-08-09 10:30:00-04:00",32.54499816894531,32.81999969482422,32.34000015258789,32.75,32.75,31425
"RLAY","Relay Therapeutics, Inc. - Common Stock","2021-08-09 11:30:00-04:00",32.75,33.2400016784668,32.650001525878906,32.9900016784668,32.9900016784668,56717
"RLAY","Relay Therapeutics, Inc. - Common Stock","2021-08-09 12:30:00-04:00",33.025001525878906,33.529998779296875,32.880001068115234,33.529998779296875,33.529998779296875,91455
"RLAY","Relay Therapeutics, Inc. - Common Stock","2021-08-09 13:30:00-04:00",33.525001525878906,33.720001220703125,33.2400016784668,33.36000061035156,33.36000061035156,44092
"RLAY","Relay Therapeutics, Inc. - Common Stock","2021-08-09 14:30:00-04:00",33.334999084472656,33.52000045776367,33.32500076293945,33.400001525878906,33.400001525878906,39086
"RLAY","Relay Therapeutics, Inc. - Common Stock","2021-08-09 15:30:00-04:00",33.43000030517578,33.5,33.349998474121094,33.5,33.5,74352
"RLAY","Relay Therapeutics, Inc. - Common Stock","2021-08-09 16:00:00-04:00",33.5,33.5,33.5,33.5,33.5,22105
"RLAY","Relay Therapeutics, Inc. - Common Stock","2021-08-10 09:30:00-04:00",33.790000915527344,34.27000045776367,33.09000015258789,33.439998626708984,33.439998626708984,0
"RLAY","Relay Therapeutics, Inc. - Common Stock","2021-08-10 10:30:00-04:00",33.400001525878906,33.400001525878906,32.560001373291016,32.79499816894531,32.79499816894531,36328
"RLAY","Relay Therapeutics, Inc. - Common Stock","2021-08-10 11:30:00-04:00",32.79999923706055,33.2599983215332,32.76499938964844,33.2599983215332,33.2599983215332,24585
"RLAY","Relay Therapeutics, Inc. - Common Stock","2021-08-10 12:30:00-04:00",33.25,33.529998779296875,33.18000030517578,33.439998626708984,33.439998626708984,51805
"RLAY","Relay Therapeutics, Inc. - Common Stock","2021-08-10 13:30:00-04:00",33.5099983215332,33.54999923706055,33.2599983215332,33.439998626708984,33.439998626708984,25206
"RLAY","Relay Therapeutics, Inc. - Common Stock","2021-08-10 14:30:00-04:00",33.349998474121094,33.459999084472656,32.90999984741211,33.0,33.0,21637
"RLAY","Relay Therapeutics, Inc. - Common Stock","2021-08-10 15:30:00-04:00",33.0,33.17499923706055,32.904998779296875,33.029998779296875,33.029998779296875,123607
"RLAY","Relay Therapeutics, Inc. - Common Stock","2021-08-10 16:00:00-04:00",33.03,33.03,33.03,33.03,33.03,23648
"RLAY","Relay Therapeutics, Inc. - Common Stock","2021-08-11 09:30:00-04:00",33.189998626708984,33.400001525878906,32.209999084472656,32.334999084472656,32.334999084472656,0
"RLAY","Relay Therapeutics, Inc. - Common Stock","2021-08-11 10:30:00-04:00",32.369998931884766,32.45500183105469,31.76499938964844,31.96999931335449,31.96999931335449,40053
"RLAY","Relay Therapeutics, Inc. - Common Stock","2021-08-11 11:30:00-04:00",31.96999931335449,32.20000076293945,31.68000030517578,31.809999465942383,31.809999465942383,29089
"RLAY","Relay Therapeutics, Inc. - Common Stock","2021-08-11 12:30:00-04:00",31.75,31.86000061035156,31.56999969482422,31.78499984741211,31.78499984741211,22696
"RLAY","Relay Therapeutics, Inc. - Common Stock","2021-08-11 13:30:00-04:00",31.850000381469727,32.22999954223633,31.780000686645508,32.040000915527344,32.040000915527344,36549
"RLAY","Relay Therapeutics, Inc. - Common Stock","2021-08-11 14:30:00-04:00",32.099998474121094,32.4900016784668,32.029998779296875,32.439998626708984,32.439998626708984,29113
"RLAY","Relay Therapeutics, Inc. - Common Stock","2021-08-11 15:30:00-04:00",32.45000076293945,32.939998626708984,32.439998626708984,32.72999954223633,32.72999954223633,79076
"RLAY","Relay Therapeutics, Inc. - Common Stock","2021-08-11 16:00:00-04:00",32.71,32.71,32.71,32.71,32.71,0
"RLAY","Relay Therapeutics, Inc. - Common Stock","2021-08-12 09:30:00-04:00",32.880001068115234,33.79999923706055,32.41999816894531,32.810001373291016,32.810001373291016,178296
"RLAY","Relay Therapeutics, Inc. - Common Stock","2021-08-12 10:30:00-04:00",32.875,33.0099983215332,32.7400016784668,32.970001220703125,32.970001220703125,45072
"RLAY","Relay Therapeutics, Inc. - Common Stock","2021-08-12 11:30:00-04:00",32.96500015258789,33.564998626708984,32.96500015258789,33.560001373291016,33.560001373291016,70866
"RLAY","Relay Therapeutics, Inc. - Common Stock","2021-08-12 12:30:00-04:00",33.56999969482422,33.79999923706055,33.29999923706055,33.68000030517578,33.68000030517578,53483
"RLAY","Relay Therapeutics, Inc. - Common Stock","2021-08-12 13:30:00-04:00",33.68000030517578,34.040000915527344,33.56999969482422,34.02000045776367,34.02000045776367,47821
"RLAY","Relay Therapeutics, Inc. - Common Stock","2021-08-12 14:30:00-04:00",33.959999084472656,34.040000915527344,33.599998474121094,33.709999084472656,33.709999084472656,55998
"RLAY","Relay Therapeutics, Inc. - Common Stock","2021-08-12 15:30:00-04:00",33.66999816894531,33.81999969482422,33.400001525878906,33.5099983215332,33.5099983215332,121544
"RLAY","Relay Therapeutics, Inc. - Common Stock","2021-08-12 16:00:00-04:00",33.52,33.52,33.52,33.52,33.52,39806
"RLAY","Relay Therapeutics, Inc. - Common Stock","2021-08-12 17:00:00-04:00",33.4,33.52,32.5,32.5,32.5,0
"RLAY","Relay Therapeutics, Inc. - Common Stock","2021-08-12 19:00:00-04:00",32.19,32.19,32.19,32.19,32.19,0
"RLAY","Relay Therapeutics, Inc. - Common Stock","2021-08-13 08:00:00-04:00",33.52,33.52,33.52,33.52,33.52,0
"RLAY","Relay Therapeutics, Inc. - Common Stock","2021-08-13 09:30:00-04:00",32.099998474121094,32.772499084472656,31.09499931335449,31.950000762939453,31.950000762939453,378730
"RLAY","Relay Therapeutics, Inc. - Common Stock","2021-08-13 10:30:00-04:00",31.9950008392334,33.290000915527344,31.9950008392334,33.16999816894531,33.16999816894531,111545
"RLAY","Relay Therapeutics, Inc. - Common Stock","2021-08-13 11:30:00-04:00",33.220001220703125,33.25,32.98500061035156,33.095001220703125,33.095001220703125,95110
"RLAY","Relay Therapeutics, Inc. - Common Stock","2021-08-13 12:30:00-04:00",33.09000015258789,33.16999816894531,32.650001525878906,32.650001525878906,32.650001525878906,95705
"RLAY","Relay Therapeutics, Inc. - Common Stock","2021-08-13 13:30:00-04:00",32.650001525878906,33.11000061035156,32.599998474121094,32.89500045776367,32.89500045776367,793111
"RLAY","Relay Therapeutics, Inc. - Common Stock","2021-08-13 14:30:00-04:00",32.880001068115234,33.040000915527344,32.25,32.98749923706055,32.98749923706055,141073
"RLAY","Relay Therapeutics, Inc. - Common Stock","2021-08-13 15:30:00-04:00",32.970001220703125,33.20000076293945,32.724998474121094,33.029998779296875,33.029998779296875,148556
"RLAY","Relay Therapeutics, Inc. - Common Stock","2021-08-13 16:00:00-04:00",33.03,33.03,33.03,33.03,33.03,53971
"RLAY","Relay Therapeutics, Inc. - Common Stock","2021-08-16 09:30:00-04:00",33.095001220703125,33.095001220703125,31.155000686645508,31.799999237060547,31.799999237060547,0
"RLAY","Relay Therapeutics, Inc. - Common Stock","2021-08-16 10:30:00-04:00",32.04999923706055,32.08000183105469,31.559999465942383,31.8700008392334,31.8700008392334,79719
"RLAY","Relay Therapeutics, Inc. - Common Stock","2021-08-16 11:30:00-04:00",31.920000076293945,32.290000915527344,31.56999969482422,31.600000381469727,31.600000381469727,27170
"RLAY","Relay Therapeutics, Inc. - Common Stock","2021-08-16 12:30:00-04:00",31.65999984741211,31.88999938964844,31.540000915527344,31.739999771118164,31.739999771118164,30869
"RLAY","Relay Therapeutics, Inc. - Common Stock","2021-08-16 13:30:00-04:00",31.770000457763672,32.04999923706055,31.38999938964844,31.450000762939453,31.450000762939453,35296
"RLAY","Relay Therapeutics, Inc. - Common Stock","2021-08-16 14:30:00-04:00",31.46999931335449,31.86000061035156,31.30010032653809,31.86000061035156,31.86000061035156,52182
"RLAY","Relay Therapeutics, Inc. - Common Stock","2021-08-16 15:30:00-04:00",31.90999984741211,31.90999984741211,31.5,31.63999938964844,31.63999938964844,109050
"RLAY","Relay Therapeutics, Inc. - Common Stock","2021-08-16 16:00:00-04:00",31.57,31.57,31.57,31.57,31.57,41654
"RLAY","Relay Therapeutics, Inc. - Common Stock","2021-08-16 17:00:00-04:00",31.57,31.57,31.57,31.57,31.57,0
"RLAY","Relay Therapeutics, Inc. - Common Stock","2021-08-17 09:30:00-04:00",31.020000457763672,32.560001373291016,30.100000381469727,32.560001373291016,32.560001373291016,74161
"RLAY","Relay Therapeutics, Inc. - Common Stock","2021-08-17 10:30:00-04:00",32.505001068115234,32.7599983215332,32.06999969482422,32.06999969482422,32.06999969482422,14700
"RLAY","Relay Therapeutics, Inc. - Common Stock","2021-08-17 11:30:00-04:00",32.06999969482422,32.150001525878906,31.57999992370605,31.59000015258789,31.59000015258789,31806
"RLAY","Relay Therapeutics, Inc. - Common Stock","2021-08-17 12:30:00-04:00",31.57999992370605,31.68000030517578,31.0,31.4950008392334,31.4950008392334,125882
"RLAY","Relay Therapeutics, Inc. - Common Stock","2021-08-17 13:30:00-04:00",31.43000030517578,32.209999084472656,31.13999938964844,31.64999961853028,31.64999961853028,208900
"RLAY","Relay Therapeutics, Inc. - Common Stock","2021-08-17 14:30:00-04:00",31.940000534057617,32.779998779296875,31.815000534057617,32.75,32.75,39115
"RLAY","Relay Therapeutics, Inc. - Common Stock","2021-08-17 15:30:00-04:00",32.81999969482422,33.0,32.479400634765625,32.72999954223633,32.72999954223633,90229
"RLAY","Relay Therapeutics, Inc. - Common Stock","2021-08-17 16:00:00-04:00",32.79,32.79,32.79,32.79,32.79,0
"RLAY","Relay Therapeutics, Inc. - Common Stock","2021-08-18 09:30:00-04:00",32.939998626708984,33.38999938964844,32.119998931884766,33.29499816894531,33.29499816894531,52443
"RLAY","Relay Therapeutics, Inc. - Common Stock","2021-08-18 10:30:00-04:00",33.369998931884766,34.18000030517578,33.29999923706055,34.025001525878906,34.025001525878906,36689
"RLAY","Relay Therapeutics, Inc. - Common Stock","2021-08-18 11:30:00-04:00",34.029998779296875,34.36000061035156,33.790000915527344,33.94499969482422,33.94499969482422,52752
"RLAY","Relay Therapeutics, Inc. - Common Stock","2021-08-18 12:30:00-04:00",33.92499923706055,34.18000030517578,33.810001373291016,33.880001068115234,33.880001068115234,41164
"RLAY","Relay Therapeutics, Inc. - Common Stock","2021-08-18 13:30:00-04:00",33.849998474121094,33.959999084472656,33.25,33.79999923706055,33.79999923706055,44879
"RLAY","Relay Therapeutics, Inc. - Common Stock","2021-08-18 14:30:00-04:00",33.810001373291016,33.88999938964844,32.880001068115234,32.95000076293945,32.95000076293945,69794
"RLAY","Relay Therapeutics, Inc. - Common Stock","2021-08-18 15:30:00-04:00",33.0,33.09000015258789,32.85499954223633,32.88999938964844,32.88999938964844,107456
"RLAY","Relay Therapeutics, Inc. - Common Stock","2021-08-18 16:00:00-04:00",32.89,32.89,32.89,32.89,32.89,0
"RLAY","Relay Therapeutics, Inc. - Common Stock","2021-08-19 09:30:00-04:00",32.869998931884766,32.869998931884766,31.209999084472656,31.26000022888184,31.26000022888184,65601
"RLAY","Relay Therapeutics, Inc. - Common Stock","2021-08-19 10:30:00-04:00",31.26000022888184,31.86000061035156,31.100000381469727,31.61000061035156,31.61000061035156,54079
"RLAY","Relay Therapeutics, Inc. - Common Stock","2021-08-19 11:30:00-04:00",31.61000061035156,31.850000381469727,31.200000762939453,31.3799991607666,31.3799991607666,62056
"RLAY","Relay Therapeutics, Inc. - Common Stock","2021-08-19 12:30:00-04:00",31.40999984741211,31.420000076293945,31.020000457763672,31.030000686645508,31.030000686645508,68127
"RLAY","Relay Therapeutics, Inc. - Common Stock","2021-08-19 13:30:00-04:00",31.030000686645508,31.34499931335449,30.950000762939453,31.14999961853028,31.14999961853028,68630
"RLAY","Relay Therapeutics, Inc. - Common Stock","2021-08-19 14:30:00-04:00",31.14999961853028,31.520000457763672,30.770000457763672,30.84000015258789,30.84000015258789,92322
"RLAY","Relay Therapeutics, Inc. - Common Stock","2021-08-19 15:30:00-04:00",30.854999542236328,31.0,30.36000061035156,30.549999237060547,30.549999237060547,169183
"RLAY","Relay Therapeutics, Inc. - Common Stock","2021-08-19 16:00:00-04:00",30.55,30.55,30.55,30.55,30.55,0
"RLAY","Relay Therapeutics, Inc. - Common Stock","2021-08-20 08:00:00-04:00",30.55,30.55,30.55,30.55,30.55,0
"RLAY","Relay Therapeutics, Inc. - Common Stock","2021-08-20 09:30:00-04:00",30.290000915527344,31.5,30.25,31.280000686645508,31.280000686645508,38012
"RLAY","Relay Therapeutics, Inc. - Common Stock","2021-08-20 10:30:00-04:00",31.21999931335449,31.690000534057617,31.209999084472656,31.239999771118164,31.239999771118164,36367
"RLAY","Relay Therapeutics, Inc. - Common Stock","2021-08-20 11:30:00-04:00",31.280000686645508,31.38999938964844,31.0,31.31999969482422,31.31999969482422,35634
"RLAY","Relay Therapeutics, Inc. - Common Stock","2021-08-20 12:30:00-04:00",31.38999938964844,31.56999969482422,31.25,31.415000915527344,31.415000915527344,44864
"RLAY","Relay Therapeutics, Inc. - Common Stock","2021-08-20 13:30:00-04:00",31.38999938964844,31.68000030517578,31.350000381469727,31.46500015258789,31.46500015258789,26762
"RLAY","Relay Therapeutics, Inc. - Common Stock","2021-08-20 14:30:00-04:00",31.489999771118164,31.6299991607666,31.25,31.530000686645508,31.530000686645508,38540
"RLAY","Relay Therapeutics, Inc. - Common Stock","2021-08-20 15:30:00-04:00",31.530000686645508,31.6200008392334,31.34000015258789,31.479999542236328,31.479999542236328,56227
"RLAY","Relay Therapeutics, Inc. - Common Stock","2021-08-20 16:00:00-04:00",31.53,31.53,31.53,31.53,31.53,0
"RLAY","Relay Therapeutics, Inc. - Common Stock","2021-08-23 09:30:00-04:00",31.799999237060547,32.5,30.8799991607666,32.33000183105469,32.33000183105469,52893
"RLAY","Relay Therapeutics, Inc. - Common Stock","2021-08-23 10:30:00-04:00",32.415000915527344,32.53499984741211,32.06999969482422,32.275001525878906,32.275001525878906,42263
"RLAY","Relay Therapeutics, Inc. - Common Stock","2021-08-23 11:30:00-04:00",32.27000045776367,32.400001525878906,32.04999923706055,32.224998474121094,32.224998474121094,49994
"RLAY","Relay Therapeutics, Inc. - Common Stock","2021-08-23 12:30:00-04:00",32.27000045776367,32.650001525878906,32.220001220703125,32.52000045776367,32.52000045776367,33059
"RLAY","Relay Therapeutics, Inc. - Common Stock","2021-08-23 13:30:00-04:00",32.540000915527344,32.619998931884766,32.45000076293945,32.58000183105469,32.58000183105469,24160
"RLAY","Relay Therapeutics, Inc. - Common Stock","2021-08-23 14:30:00-04:00",32.54999923706055,32.56999969482422,32.209999084472656,32.2400016784668,32.2400016784668,42149
"RLAY","Relay Therapeutics, Inc. - Common Stock","2021-08-23 15:30:00-04:00",32.27000045776367,32.290000915527344,32.08000183105469,32.189998626708984,32.189998626708984,75430
"RLAY","Relay Therapeutics, Inc. - Common Stock","2021-08-23 16:00:00-04:00",32.2,32.2,30.075,30.075,30.075,0
"RLAY","Relay Therapeutics, Inc. - Common Stock","2021-08-23 17:00:00-04:00",32.2,32.2,32.2,32.2,32.2,0
"RLAY","Relay Therapeutics, Inc. - Common Stock","2021-08-24 09:30:00-04:00",32.029998779296875,32.029998779296875,31.13999938964844,31.475000381469727,31.475000381469727,73933
"RLAY","Relay Therapeutics, Inc. - Common Stock","2021-08-24 10:30:00-04:00",31.5049991607666,31.549999237060547,31.31999969482422,31.43000030517578,31.43000030517578,55738
"RLAY","Relay Therapeutics, Inc. - Common Stock","2021-08-24 11:30:00-04:00",31.43000030517578,31.459999084472656,30.940000534057617,31.01000022888184,31.01000022888184,53036
"RLAY","Relay Therapeutics, Inc. - Common Stock","2021-08-24 12:30:00-04:00",31.02499961853028,31.145000457763672,30.940000534057617,30.950000762939453,30.950000762939453,42132
"RLAY","Relay Therapeutics, Inc. - Common Stock","2021-08-24 13:30:00-04:00",30.94499969482422,31.02499961853028,30.729999542236328,30.89999961853028,30.89999961853028,34310
"RLAY","Relay Therapeutics, Inc. - Common Stock","2021-08-24 14:30:00-04:00",30.920000076293945,31.21999931335449,30.799999237060547,31.184999465942383,31.184999465942383,54640
"RLAY","Relay Therapeutics, Inc. - Common Stock","2021-08-24 15:30:00-04:00",31.25,31.280000686645508,30.88999938964844,31.09000015258789,31.09000015258789,118066
"RLAY","Relay Therapeutics, Inc. - Common Stock","2021-08-24 16:00:00-04:00",31.06,31.5,31.06,31.5,31.5,0
"RLAY","Relay Therapeutics, Inc. - Common Stock","2021-08-25 07:00:00-04:00",31.06,31.06,30.26,30.26,30.26,0
"RLAY","Relay Therapeutics, Inc. - Common Stock","2021-08-25 09:30:00-04:00",31.0,31.0,29.71999931335449,29.920000076293945,29.920000076293945,81872
"RLAY","Relay Therapeutics, Inc. - Common Stock","2021-08-25 10:30:00-04:00",29.950000762939453,30.11000061035156,29.51000022888184,29.989999771118164,29.989999771118164,54957
"RLAY","Relay Therapeutics, Inc. - Common Stock","2021-08-25 11:30:00-04:00",29.940000534057617,30.350000381469727,29.93000030517578,30.290000915527344,30.290000915527344,82644
"RLAY","Relay Therapeutics, Inc. - Common Stock","2021-08-25 12:30:00-04:00",30.25,30.270000457763672,30.100000381469727,30.18000030517578,30.18000030517578,67253
"RLAY","Relay Therapeutics, Inc. - Common Stock","2021-08-25 13:30:00-04:00",30.18000030517578,30.200000762939453,30.0,30.040000915527344,30.040000915527344,86863
"RLAY","Relay Therapeutics, Inc. - Common Stock","2021-08-25 14:30:00-04:00",30.049999237060547,30.170000076293945,29.959999084472656,30.1299991607666,30.1299991607666,67188
"RLAY","Relay Therapeutics, Inc. - Common Stock","2021-08-25 15:30:00-04:00",30.11000061035156,30.15999984741211,29.93000030517578,29.989999771118164,29.989999771118164,126908
"RLAY","Relay Therapeutics, Inc. - Common Stock","2021-08-25 16:00:00-04:00",30.0,30.0,30.0,30.0,30.0,0
"RLAY","Relay Therapeutics, Inc. - Common Stock","2021-08-26 09:30:00-04:00",29.76000022888184,30.89999961853028,29.76000022888184,30.6200008392334,30.6200008392334,47118
"RLAY","Relay Therapeutics, Inc. - Common Stock","2021-08-26 10:30:00-04:00",30.68000030517578,30.7549991607666,30.21999931335449,30.43000030517578,30.43000030517578,34006
"RLAY","Relay Therapeutics, Inc. - Common Stock","2021-08-26 11:30:00-04:00",30.3799991607666,30.450000762939453,30.14999961853028,30.270000457763672,30.270000457763672,27769
"RLAY","Relay Therapeutics, Inc. - Common Stock","2021-08-26 12:30:00-04:00",30.270000457763672,30.36000061035156,30.1200008392334,30.14999961853028,30.14999961853028,25639
"RLAY","Relay Therapeutics, Inc. - Common Stock","2021-08-26 13:30:00-04:00",30.14999961853028,30.190000534057617,29.940000534057617,30.125,30.125,20109
"RLAY","Relay Therapeutics, Inc. - Common Stock","2021-08-26 14:30:00-04:00",30.13999938964844,30.15999984741211,29.82999992370605,29.975000381469727,29.975000381469727,21951
"RLAY","Relay Therapeutics, Inc. - Common Stock","2021-08-26 15:30:00-04:00",29.96999931335449,30.075000762939453,29.670000076293945,29.739999771118164,29.739999771118164,85627
"RLAY","Relay Therapeutics, Inc. - Common Stock","2021-08-26 16:00:00-04:00",29.75,30.0,29.75,29.75,29.75,0
"RLAY","Relay Therapeutics, Inc. - Common Stock","2021-08-27 08:00:00-04:00",29.75,29.75,29.75,29.75,29.75,0
"RLAY","Relay Therapeutics, Inc. - Common Stock","2021-08-27 09:30:00-04:00",29.8700008392334,30.75,29.8700008392334,30.5,30.5,39815
"RLAY","Relay Therapeutics, Inc. - Common Stock","2021-08-27 10:30:00-04:00",30.5,30.729999542236328,30.3799991607666,30.59499931335449,30.59499931335449,62015
"RLAY","Relay Therapeutics, Inc. - Common Stock","2021-08-27 11:30:00-04:00",30.520000457763672,30.7450008392334,30.420000076293945,30.540000915527344,30.540000915527344,82866
"RLAY","Relay Therapeutics, Inc. - Common Stock","2021-08-27 12:30:00-04:00",30.51000022888184,30.600000381469727,30.170000076293945,30.280000686645508,30.280000686645508,35868
"RLAY","Relay Therapeutics, Inc. - Common Stock","2021-08-27 13:30:00-04:00",30.270000457763672,30.32999992370605,30.100000381469727,30.26000022888184,30.26000022888184,33530
"RLAY","Relay Therapeutics, Inc. - Common Stock","2021-08-27 14:30:00-04:00",30.290000915527344,30.51000022888184,30.09000015258789,30.450000762939453,30.450000762939453,60349
"RLAY","Relay Therapeutics, Inc. - Common Stock","2021-08-27 15:30:00-04:00",30.46999931335449,30.51000022888184,29.86000061035156,29.96999931335449,29.96999931335449,194316
"RLAY","Relay Therapeutics, Inc. - Common Stock","2021-08-27 16:00:00-04:00",29.94,30.0,29.86,29.86,29.86,0
"RLAY","Relay Therapeutics, Inc. - Common Stock","2021-08-27 18:00:00-04:00",29.94,29.94,29.94,29.94,29.94,0
"RLAY","Relay Therapeutics, Inc. - Common Stock","2021-08-30 09:00:00-04:00",30.38,30.38,30.38,30.38,30.38,0
"RLAY","Relay Therapeutics, Inc. - Common Stock","2021-08-30 09:30:00-04:00",30.229999542236328,31.46999931335449,30.229999542236328,30.850000381469727,30.850000381469727,193271
"RLAY","Relay Therapeutics, Inc. - Common Stock","2021-08-30 10:30:00-04:00",30.88500022888184,31.229999542236328,30.88500022888184,31.049999237060547,31.049999237060547,33481
"RLAY","Relay Therapeutics, Inc. - Common Stock","2021-08-30 11:30:00-04:00",31.07999992370605,31.114999771118164,30.65999984741211,30.670000076293945,30.670000076293945,32037
"RLAY","Relay Therapeutics, Inc. - Common Stock","2021-08-30 12:30:00-04:00",30.65999984741211,30.780000686645508,30.549999237060547,30.549999237060547,30.549999237060547,30677
"RLAY","Relay Therapeutics, Inc. - Common Stock","2021-08-30 13:30:00-04:00",30.55500030517578,30.559999465942383,30.15999984741211,30.170000076293945,30.170000076293945,29339
"RLAY","Relay Therapeutics, Inc. - Common Stock","2021-08-30 14:30:00-04:00",30.13999938964844,30.40999984741211,29.98500061035156,30.059999465942383,30.059999465942383,91259
"RLAY","Relay Therapeutics, Inc. - Common Stock","2021-08-30 15:30:00-04:00",30.049999237060547,30.09000015258789,29.8799991607666,29.979999542236328,29.979999542236328,98719
"RLAY","Relay Therapeutics, Inc. - Common Stock","2021-08-30 16:00:00-04:00",30.0,31.0,30.0,31.0,31.0,0
"RLAY","Relay Therapeutics, Inc. - Common Stock","2021-09-01 09:30:00-04:00",32.36000061035156,33.06999969482422,32.34000015258789,33.06999969482422,33.06999969482422,0
"RLAY","Relay Therapeutics, Inc. - Common Stock","2021-09-01 10:30:00-04:00",33.09000015258789,33.279998779296875,32.68000030517578,32.70000076293945,32.70000076293945,56608
"RLAY","Relay Therapeutics, Inc. - Common Stock","2021-09-01 11:30:00-04:00",32.724998474121094,33.150001525878906,32.724998474121094,33.06999969482422,33.06999969482422,18060
"RLAY","Relay Therapeutics, Inc. - Common Stock","2021-09-01 12:30:00-04:00",33.099998474121094,33.119998931884766,32.970001220703125,33.029998779296875,33.029998779296875,23020
"RLAY","Relay Therapeutics, Inc. - Common Stock","2021-09-01 13:30:00-04:00",33.029998779296875,33.13999938964844,32.900001525878906,32.94499969482422,32.94499969482422,32589
"RLAY","Relay Therapeutics, Inc. - Common Stock","2021-09-01 14:30:00-04:00",32.91999816894531,32.97999954223633,32.45000076293945,32.45500183105469,32.45500183105469,50650
"RLAY","Relay Therapeutics, Inc. - Common Stock","2021-09-01 15:30:00-04:00",32.459999084472656,32.584999084472656,31.920000076293945,32.0,32.0,225815
"RLAY","Relay Therapeutics, Inc. - Common Stock","2021-09-01 16:00:00-04:00",32.0,32.0,32.0,32.0,32.0,0
"RLAY","Relay Therapeutics, Inc. - Common Stock","2021-09-02 08:00:00-04:00",32.0,32.0,32.0,32.0,32.0,0
"RLAY","Relay Therapeutics, Inc. - Common Stock","2021-09-02 09:30:00-04:00",32.2599983215332,32.869998931884766,31.6299991607666,32.0,32.0,34839
"RLAY","Relay Therapeutics, Inc. - Common Stock","2021-09-02 10:30:00-04:00",32.0,32.65999984741211,31.600000381469727,32.43000030517578,32.43000030517578,269226
"RLAY","Relay Therapeutics, Inc. - Common Stock","2021-09-02 11:30:00-04:00",32.435001373291016,32.939998626708984,32.36000061035156,32.650001525878906,32.650001525878906,53688
"RLAY","Relay Therapeutics, Inc. - Common Stock","2021-09-02 12:30:00-04:00",32.650001525878906,32.880001068115234,32.630001068115234,32.66999816894531,32.66999816894531,61127
"RLAY","Relay Therapeutics, Inc. - Common Stock","2021-09-02 13:30:00-04:00",32.689998626708984,33.029998779296875,32.66999816894531,33.029998779296875,33.029998779296875,33102
"RLAY","Relay Therapeutics, Inc. - Common Stock","2021-09-02 14:30:00-04:00",33.06999969482422,33.2400016784668,32.90999984741211,33.2400016784668,33.2400016784668,53917
"RLAY","Relay Therapeutics, Inc. - Common Stock","2021-09-02 15:30:00-04:00",33.2400016784668,33.5,33.15999984741211,33.470001220703125,33.470001220703125,95415
"RLAY","Relay Therapeutics, Inc. - Common Stock","2021-09-02 16:00:00-04:00",33.48,33.48,33.48,33.48,33.48,54158
"RLAY","Relay Therapeutics, Inc. - Common Stock","2021-09-03 09:00:00-04:00",33.95,34.08,33.95,34.08,34.08,0
"RLAY","Relay Therapeutics, Inc. - Common Stock","2021-09-03 09:30:00-04:00",33.41999816894531,33.65999984741211,32.584999084472656,32.720001220703125,32.720001220703125,48886
"RLAY","Relay Therapeutics, Inc. - Common Stock","2021-09-03 10:30:00-04:00",32.70000076293945,32.900001525878906,32.540000915527344,32.70500183105469,32.70500183105469,25946
"RLAY","Relay Therapeutics, Inc. - Common Stock","2021-09-03 11:30:00-04:00",32.720001220703125,32.810001373291016,32.599998474121094,32.689998626708984,32.689998626708984,29622
"RLAY","Relay Therapeutics, Inc. - Common Stock","2021-09-03 12:30:00-04:00",32.689998626708984,32.81999969482422,32.029998779296875,32.09000015258789,32.09000015258789,34390
"RLAY","Relay Therapeutics, Inc. - Common Stock","2021-09-03 13:30:00-04:00",32.060001373291016,32.084999084472656,31.84000015258789,31.950000762939453,31.950000762939453,36205
"RLAY","Relay Therapeutics, Inc. - Common Stock","2021-09-03 14:30:00-04:00",31.950000762939453,32.0,31.459999084472656,31.51000022888184,31.51000022888184,63965
"RLAY","Relay Therapeutics, Inc. - Common Stock","2021-09-03 15:30:00-04:00",31.56999969482422,31.90999984741211,31.31999969482422,31.51499938964844,31.51499938964844,125841
"RLAY","Relay Therapeutics, Inc. - Common Stock","2021-09-03 16:00:00-04:00",31.47,31.5,31.15,31.5,31.5,0
"RLAY","Relay Therapeutics, Inc. - Common Stock","2021-09-07 09:30:00-04:00",31.71999931335449,34.130001068115234,31.71999931335449,33.9900016784668,33.9900016784668,227684
"RLAY","Relay Therapeutics, Inc. - Common Stock","2021-09-07 10:30:00-04:00",33.97999954223633,34.005001068115234,32.650001525878906,33.08000183105469,33.08000183105469,117363
"RLAY","Relay Therapeutics, Inc. - Common Stock","2021-09-07 11:30:00-04:00",33.0,33.720001220703125,32.88999938964844,33.720001220703125,33.720001220703125,179082
"RLAY","Relay Therapeutics, Inc. - Common Stock","2021-09-07 12:30:00-04:00",33.7400016784668,33.849998474121094,33.45000076293945,33.70000076293945,33.70000076293945,92202
"RLAY","Relay Therapeutics, Inc. - Common Stock","2021-09-07 13:30:00-04:00",33.689998626708984,33.959999084472656,33.66999816894531,33.79999923706055,33.79999923706055,128865
"RLAY","Relay Therapeutics, Inc. - Common Stock","2021-09-07 14:30:00-04:00",33.79999923706055,34.0,33.43000030517578,33.45500183105469,33.45500183105469,110412
"RLAY","Relay Therapeutics, Inc. - Common Stock","2021-09-07 15:30:00-04:00",33.43000030517578,33.95000076293945,33.34000015258789,33.83000183105469,33.83000183105469,183686
"RLAY","Relay Therapeutics, Inc. - Common Stock","2021-09-07 16:00:00-04:00",33.83,33.83,33.83,33.83,33.83,57719
"RLAY","Relay Therapeutics, Inc. - Common Stock","2021-09-07 17:00:00-04:00",33.85,33.85,33.5,33.5,33.5,0
"RLAY","Relay Therapeutics, Inc. - Common Stock","2021-09-08 09:00:00-04:00",34.345,34.78,33.86,33.86,33.86,0
"RLAY","Relay Therapeutics, Inc. - Common Stock","2021-09-08 09:30:00-04:00",33.81999969482422,34.005001068115234,33.04999923706055,33.060001373291016,33.060001373291016,72472
"RLAY","Relay Therapeutics, Inc. - Common Stock","2021-09-08 10:30:00-04:00",33.04999923706055,33.40999984741211,32.970001220703125,33.0,33.0,52560
"RLAY","Relay Therapeutics, Inc. - Common Stock","2021-09-08 11:30:00-04:00",32.959999084472656,33.0,32.439998626708984,33.0,33.0,44538
"RLAY","Relay Therapeutics, Inc. - Common Stock","2021-09-08 12:30:00-04:00",32.95000076293945,33.060001373291016,32.689998626708984,32.78499984741211,32.78499984741211,34418
"RLAY","Relay Therapeutics, Inc. - Common Stock","2021-09-08 13:30:00-04:00",32.7599983215332,32.97249984741211,32.61000061035156,32.689998626708984,32.689998626708984,36172
"RLAY","Relay Therapeutics, Inc. - Common Stock","2021-09-08 14:30:00-04:00",32.71500015258789,32.84000015258789,32.59000015258789,32.79999923706055,32.79999923706055,34865
"RLAY","Relay Therapeutics, Inc. - Common Stock","2021-09-08 15:30:00-04:00",32.79499816894531,32.79499816894531,32.470001220703125,32.630001068115234,32.630001068115234,55598
"RLAY","Relay Therapeutics, Inc. - Common Stock","2021-09-08 16:00:00-04:00",32.54,33.0,32.54,33.0,33.0,0
"RLAY","Relay Therapeutics, Inc. - Common Stock","2021-09-08 17:00:00-04:00",32.54,32.54,32.54,32.54,32.54,0
"RLAY","Relay Therapeutics, Inc. - Common Stock","2021-09-09 08:00:00-04:00",32.0,32.0,32.0,32.0,32.0,0
"RLAY","Relay Therapeutics, Inc. - Common Stock","2021-09-09 09:30:00-04:00",32.27000045776367,34.099998474121094,32.27000045776367,33.70000076293945,33.70000076293945,53527
"RLAY","Relay Therapeutics, Inc. - Common Stock","2021-09-09 10:30:00-04:00",33.630001068115234,33.779998779296875,33.189998626708984,33.2400016784668,33.2400016784668,50030
"RLAY","Relay Therapeutics, Inc. - Common Stock","2021-09-09 11:30:00-04:00",33.20000076293945,33.810001373291016,33.06999969482422,33.369998931884766,33.369998931884766,145063
"RLAY","Relay Therapeutics, Inc. - Common Stock","2021-09-09 12:30:00-04:00",33.369998931884766,33.650001525878906,33.34000015258789,33.439998626708984,33.439998626708984,45391
"RLAY","Relay Therapeutics, Inc. - Common Stock","2021-09-09 13:30:00-04:00",33.470001220703125,33.474998474121094,32.790000915527344,32.97999954223633,32.97999954223633,59115
"RLAY","Relay Therapeutics, Inc. - Common Stock","2021-09-09 14:30:00-04:00",32.97999954223633,33.16999816894531,32.720001220703125,33.05500030517578,33.05500030517578,39894
"RLAY","Relay Therapeutics, Inc. - Common Stock","2021-09-09 15:30:00-04:00",33.064998626708984,33.25,32.7599983215332,32.810001373291016,32.810001373291016,115929
"RLAY","Relay Therapeutics, Inc. - Common Stock","2021-09-09 16:00:00-04:00",32.81,33.25,32.81,32.81,32.81,0
"RLAY","Relay Therapeutics, Inc. - Common Stock","2021-09-10 08:00:00-04:00",32.81,32.81,32.81,32.81,32.81,0
"RLAY","Relay Therapeutics, Inc. - Common Stock","2021-09-10 09:30:00-04:00",32.91999816894531,33.4900016784668,32.18000030517578,32.70000076293945,32.70000076293945,38767
"RLAY","Relay Therapeutics, Inc. - Common Stock","2021-09-10 10:30:00-04:00",32.75,33.20000076293945,32.55500030517578,32.880001068115234,32.880001068115234,66027
"RLAY","Relay Therapeutics, Inc. - Common Stock","2021-09-10 11:30:00-04:00",32.95000076293945,33.0,32.779998779296875,32.81999969482422,32.81999969482422,65989
"RLAY","Relay Therapeutics, Inc. - Common Stock","2021-09-10 12:30:00-04:00",32.849998474121094,32.880001068115234,32.22999954223633,32.22999954223633,32.22999954223633,44106
"RLAY","Relay Therapeutics, Inc. - Common Stock","2021-09-10 13:30:00-04:00",32.244998931884766,32.43000030517578,32.20000076293945,32.29999923706055,32.29999923706055,69840
"RLAY","Relay Therapeutics, Inc. - Common Stock","2021-09-10 14:30:00-04:00",32.26499938964844,32.52000045776367,32.150001525878906,32.41999816894531,32.41999816894531,66142
"RLAY","Relay Therapeutics, Inc. - Common Stock","2021-09-10 15:30:00-04:00",32.459999084472656,32.599998474121094,32.099998474121094,32.150001525878906,32.150001525878906,175259
"RLAY","Relay Therapeutics, Inc. - Common Stock","2021-09-10 16:00:00-04:00",32.15,32.15,32.15,32.15,32.15,0
"RLAY","Relay Therapeutics, Inc. - Common Stock","2021-09-13 08:00:00-04:00",32.0,32.15,32.0,32.0,32.0,0
"RLAY","Relay Therapeutics, Inc. - Common Stock","2021-09-13 09:30:00-04:00",32.189998626708984,32.5099983215332,31.84000015258789,32.369998931884766,32.369998931884766,72615
"RLAY","Relay Therapeutics, Inc. - Common Stock","2021-09-13 10:30:00-04:00",32.38999938964844,34.40999984741211,32.38999938964844,34.40999984741211,34.40999984741211,529156
"RLAY","Relay Therapeutics, Inc. - Common Stock","2021-09-13 11:30:00-04:00",34.29999923706055,35.45000076293945,34.11000061035156,35.290000915527344,35.290000915527344,194427
"RLAY","Relay Therapeutics, Inc. - Common Stock","2021-09-13 12:30:00-04:00",35.29999923706055,35.59000015258789,35.15999984741211,35.290000915527344,35.290000915527344,149426
"RLAY","Relay Therapeutics, Inc. - Common Stock","2021-09-13 13:30:00-04:00",35.31999969482422,35.57099914550781,35.29999923706055,35.5,35.5,58938
"RLAY","Relay Therapeutics, Inc. - Common Stock","2021-09-13 14:30:00-04:00",35.529998779296875,35.76499938964844,35.22999954223633,35.685001373291016,35.685001373291016,112425
"RLAY","Relay Therapeutics, Inc. - Common Stock","2021-09-13 15:30:00-04:00",35.685001373291016,36.060001373291016,35.0099983215332,35.70000076293945,35.70000076293945,219452
"RLAY","Relay Therapeutics, Inc. - Common Stock","2021-09-13 16:00:00-04:00",35.7,35.7,35.7,35.7,35.7,0
"RLAY","Relay Therapeutics, Inc. - Common Stock","2021-09-14 07:00:00-04:00",35.7,35.7,35.7,35.7,35.7,0
"RLAY","Relay Therapeutics, Inc. - Common Stock","2021-09-14 09:30:00-04:00",35.70000076293945,37.400001525878906,35.63999938964844,36.834999084472656,36.834999084472656,138666
"RLAY","Relay Therapeutics, Inc. - Common Stock","2021-09-14 10:30:00-04:00",36.84000015258789,37.005001068115234,36.31999969482422,36.83000183105469,36.83000183105469,86356
"RLAY","Relay Therapeutics, Inc. - Common Stock","2021-09-14 11:30:00-04:00",36.834999084472656,37.02000045776367,36.63999938964844,36.92499923706055,36.92499923706055,52703
"RLAY","Relay Therapeutics, Inc. - Common Stock","2021-09-14 12:30:00-04:00",36.88999938964844,36.915000915527344,36.630001068115234,36.70000076293945,36.70000076293945,42683
"RLAY","Relay Therapeutics, Inc. - Common Stock","2021-09-14 13:30:00-04:00",36.68999862670898,36.79999923706055,35.22999954223633,35.31999969482422,35.31999969482422,100122
"RLAY","Relay Therapeutics, Inc. - Common Stock","2021-09-14 14:30:00-04:00",35.290000915527344,35.45000076293945,34.7599983215332,35.369998931884766,35.369998931884766,52688
"RLAY","Relay Therapeutics, Inc. - Common Stock","2021-09-14 15:30:00-04:00",35.369998931884766,35.58000183105469,35.22999954223633,35.40999984741211,35.40999984741211,107347
"RLAY","Relay Therapeutics, Inc. - Common Stock","2021-09-14 16:00:00-04:00",35.41,35.41,35.41,35.41,35.41,0
"RLAY","Relay Therapeutics, Inc. - Common Stock","2021-09-14 17:00:00-04:00",36.99,36.99,36.99,36.99,36.99,0
"RLAY","Relay Therapeutics, Inc. - Common Stock","2021-09-15 08:00:00-04:00",35.74,35.75,35.72,35.75,35.75,0
"RLAY","Relay Therapeutics, Inc. - Common Stock","2021-09-15 09:30:00-04:00",35.75,36.5,34.959999084472656,36.4900016784668,36.4900016784668,36375
"RLAY","Relay Therapeutics, Inc. - Common Stock","2021-09-15 10:30:00-04:00",36.4900016784668,37.15999984741211,36.470001220703125,37.15999984741211,37.15999984741211,44772
"RLAY","Relay Therapeutics, Inc. - Common Stock","2021-09-15 11:30:00-04:00",37.18000030517578,37.52000045776367,36.83000183105469,37.02000045776367,37.02000045776367,56950
"RLAY","Relay Therapeutics, Inc. - Common Stock","2021-09-15 12:30:00-04:00",36.935001373291016,37.19869995117188,36.61000061035156,36.61000061035156,36.61000061035156,61023
"RLAY","Relay Therapeutics, Inc. - Common Stock","2021-09-15 13:30:00-04:00",36.67499923706055,37.040000915527344,36.650001525878906,36.869998931884766,36.869998931884766,36818
"RLAY","Relay Therapeutics, Inc. - Common Stock","2021-09-15 14:30:00-04:00",37.0,37.0,36.619998931884766,36.77999877929688,36.77999877929688,45966
"RLAY","Relay Therapeutics, Inc. - Common Stock","2021-09-15 15:30:00-04:00",36.790000915527344,36.9900016784668,36.5099983215332,36.9900016784668,36.9900016784668,83278
"RLAY","Relay Therapeutics, Inc. - Common Stock","2021-09-15 16:00:00-04:00",36.93,36.94,36.93,36.93,36.93,0
"RLAY","Relay Therapeutics, Inc. - Common Stock","2021-09-16 09:30:00-04:00",36.97999954223633,37.150001525878906,36.16999816894531,36.790000915527344,36.790000915527344,30792
"RLAY","Relay Therapeutics, Inc. - Common Stock","2021-09-16 10:30:00-04:00",36.810001373291016,37.06499862670898,36.72999954223633,36.88999938964844,36.88999938964844,36774
"RLAY","Relay Therapeutics, Inc. - Common Stock","2021-09-16 11:30:00-04:00",36.75,37.06499862670898,36.75,37.0,37.0,23933
"RLAY","Relay Therapeutics, Inc. - Common Stock","2021-09-16 12:30:00-04:00",36.95000076293945,37.02999877929688,36.75,36.91999816894531,36.91999816894531,37202
"RLAY","Relay Therapeutics, Inc. - Common Stock","2021-09-16 13:30:00-04:00",36.915000915527344,36.95000076293945,36.65999984741211,36.79999923706055,36.79999923706055,26401
"RLAY","Relay Therapeutics, Inc. - Common Stock","2021-09-16 14:30:00-04:00",36.79999923706055,37.060001373291016,36.72999954223633,36.95000076293945,36.95000076293945,35368
"RLAY","Relay Therapeutics, Inc. - Common Stock","2021-09-16 15:30:00-04:00",36.90499877929688,37.02999877929688,36.869998931884766,37.0,37.0,67420
"RLAY","Relay Therapeutics, Inc. - Common Stock","2021-09-16 16:00:00-04:00",37.0,37.0,37.0,37.0,37.0,0
"RLAY","Relay Therapeutics, Inc. - Common Stock","2021-09-16 17:00:00-04:00",37.0,37.0,37.0,37.0,37.0,0
"RLAY","Relay Therapeutics, Inc. - Common Stock","2021-09-17 09:00:00-04:00",36.62,36.62,36.62,36.62,36.62,0
"RLAY","Relay Therapeutics, Inc. - Common Stock","2021-09-17 09:30:00-04:00",36.84999847412109,37.18000030517578,36.00400161743164,37.09999847412109,37.09999847412109,112113
"RLAY","Relay Therapeutics, Inc. - Common Stock","2021-09-17 10:30:00-04:00",37.130001068115234,37.22999954223633,36.880001068115234,37.0099983215332,37.0099983215332,42716
"RLAY","Relay Therapeutics, Inc. - Common Stock","2021-09-17 11:30:00-04:00",37.025001525878906,37.18899917602539,36.81999969482422,37.057498931884766,37.057498931884766,51298
"RLAY","Relay Therapeutics, Inc. - Common Stock","2021-09-17 12:30:00-04:00",37.057498931884766,37.43000030517578,37.040000915527344,37.36000061035156,37.36000061035156,108985
"RLAY","Relay Therapeutics, Inc. - Common Stock","2021-09-17 13:30:00-04:00",37.400001525878906,37.505001068115234,37.220001220703125,37.43000030517578,37.43000030517578,82949
"RLAY","Relay Therapeutics, Inc. - Common Stock","2021-09-17 14:30:00-04:00",37.43000030517578,37.54999923706055,37.060001373291016,37.18999862670898,37.18999862670898,70891
"RLAY","Relay Therapeutics, Inc. - Common Stock","2021-09-17 15:30:00-04:00",37.18999862670898,37.43999862670898,36.650001525878906,37.09000015258789,37.09000015258789,299400
"RLAY","Relay Therapeutics, Inc. - Common Stock","2021-09-17 16:00:00-04:00",37.09,37.09,37.0885,37.09,37.09,0
"RLAY","Relay Therapeutics, Inc. - Common Stock","2021-09-20 08:00:00-04:00",37.09,37.09,37.09,37.09,37.09,0
"RLAY","Relay Therapeutics, Inc. - Common Stock","2021-09-20 09:30:00-04:00",36.150001525878906,37.09999847412109,35.810001373291016,37.06999969482422,37.06999969482422,61991
"RLAY","Relay Therapeutics, Inc. - Common Stock","2021-09-20 10:30:00-04:00",37.060001373291016,37.15999984741211,36.02999877929688,36.09000015258789,36.09000015258789,51801
"RLAY","Relay Therapeutics, Inc. - Common Stock","2021-09-20 11:30:00-04:00",36.04999923706055,36.459999084472656,35.709999084472656,36.400001525878906,36.400001525878906,34931
"RLAY","Relay Therapeutics, Inc. - Common Stock","2021-09-20 12:30:00-04:00",36.38999938964844,36.86000061035156,36.38999938964844,36.7599983215332,36.7599983215332,64226
"RLAY","Relay Therapeutics, Inc. - Common Stock","2021-09-20 13:30:00-04:00",36.77000045776367,36.77999877929688,36.09000015258789,36.13999938964844,36.13999938964844,35759
"RLAY","Relay Therapeutics, Inc. - Common Stock","2021-09-20 14:30:00-04:00",36.15999984741211,36.810001373291016,36.06999969482422,36.59999847412109,36.59999847412109,47824
"RLAY","Relay Therapeutics, Inc. - Common Stock","2021-09-20 15:30:00-04:00",36.60499954223633,36.63999938964844,36.150001525878906,36.220001220703125,36.220001220703125,106831
"RLAY","Relay Therapeutics, Inc. - Common Stock","2021-09-20 16:00:00-04:00",36.22,36.75,36.22,36.22,36.22,0
"RLAY","Relay Therapeutics, Inc. - Common Stock","2021-09-21 08:00:00-04:00",36.22,36.22,36.22,36.22,36.22,0
"RLAY","Relay Therapeutics, Inc. - Common Stock","2021-09-21 09:30:00-04:00",36.27000045776367,36.32109832763672,35.720001220703125,35.75,35.75,28723
"RLAY","Relay Therapeutics, Inc. - Common Stock","2021-09-21 10:30:00-04:00",35.939998626708984,36.45000076293945,35.77000045776367,36.380001068115234,36.380001068115234,26586
"RLAY","Relay Therapeutics, Inc. - Common Stock","2021-09-21 11:30:00-04:00",36.45000076293945,36.650001525878906,36.43999862670898,36.470001220703125,36.470001220703125,18446
"RLAY","Relay Therapeutics, Inc. - Common Stock","2021-09-21 12:30:00-04:00",36.43999862670898,36.95000076293945,36.36000061035156,36.81499862670898,36.81499862670898,33332
"RLAY","Relay Therapeutics, Inc. - Common Stock","2021-09-21 13:30:00-04:00",36.79999923706055,37.36000061035156,36.7599983215332,36.88999938964844,36.88999938964844,37799
"RLAY","Relay Therapeutics, Inc. - Common Stock","2021-09-21 14:30:00-04:00",36.880001068115234,37.2400016784668,36.77000045776367,36.900001525878906,36.900001525878906,99247
"RLAY","Relay Therapeutics, Inc. - Common Stock","2021-09-21 15:30:00-04:00",36.970001220703125,37.04999923706055,36.68999862670898,36.93999862670898,36.93999862670898,61301
"RLAY","Relay Therapeutics, Inc. - Common Stock","2021-09-21 16:00:00-04:00",36.93,36.93,36.93,36.93,36.93,0
"RLAY","Relay Therapeutics, Inc. - Common Stock","2021-09-22 09:30:00-04:00",37.220001220703125,37.220001220703125,36.21009826660156,36.880001068115234,36.880001068115234,14298
"RLAY","Relay Therapeutics, Inc. - Common Stock","2021-09-22 10:30:00-04:00",36.900001525878906,37.20000076293945,36.8650016784668,37.09000015258789,37.09000015258789,34095
"RLAY","Relay Therapeutics, Inc. - Common Stock","2021-09-22 11:30:00-04:00",37.130001068115234,37.29999923706055,37.06999969482422,37.209999084472656,37.209999084472656,34033
"RLAY","Relay Therapeutics, Inc. - Common Stock","2021-09-22 12:30:00-04:00",37.22999954223633,37.31999969482422,36.970001220703125,37.04999923706055,37.04999923706055,35110
"RLAY","Relay Therapeutics, Inc. - Common Stock","2021-09-22 13:30:00-04:00",37.11000061035156,37.43000030517578,36.93000030517578,37.34999847412109,37.34999847412109,27808
"RLAY","Relay Therapeutics, Inc. - Common Stock","2021-09-22 14:30:00-04:00",37.459999084472656,37.459999084472656,37.02000045776367,37.15999984741211,37.15999984741211,48197
"RLAY","Relay Therapeutics, Inc. - Common Stock","2021-09-22 15:30:00-04:00",37.1150016784668,37.2599983215332,37.02999877929688,37.18000030517578,37.18000030517578,46629
"RLAY","Relay Therapeutics, Inc. - Common Stock","2021-09-22 16:00:00-04:00",37.16,37.16,37.16,37.16,37.16,0
"RLAY","Relay Therapeutics, Inc. - Common Stock","2021-09-23 09:00:00-04:00",37.83,37.83,37.2,37.2,37.2,0
"RLAY","Relay Therapeutics, Inc. - Common Stock","2021-09-23 09:30:00-04:00",37.11000061035156,37.43000030517578,36.66999816894531,37.25,37.25,52036
"RLAY","Relay Therapeutics, Inc. - Common Stock","2021-09-23 10:30:00-04:00",37.21500015258789,37.27000045776367,36.81999969482422,37.02999877929688,37.02999877929688,42902
"RLAY","Relay Therapeutics, Inc. - Common Stock","2021-09-23 11:30:00-04:00",37.09999847412109,37.18000030517578,36.880001068115234,37.03570175170898,37.03570175170898,36110
"RLAY","Relay Therapeutics, Inc. - Common Stock","2021-09-23 12:30:00-04:00",37.09000015258789,37.18000030517578,37.0,37.06999969482422,37.06999969482422,32629
"RLAY","Relay Therapeutics, Inc. - Common Stock","2021-09-23 13:30:00-04:00",37.09000015258789,37.150001525878906,36.93000030517578,37.01499938964844,37.01499938964844,40286
"RLAY","Relay Therapeutics, Inc. - Common Stock","2021-09-23 14:30:00-04:00",36.9900016784668,37.06999969482422,36.880001068115234,37.0,37.0,68590
"RLAY","Relay Therapeutics, Inc. - Common Stock","2021-09-23 15:30:00-04:00",37.0,37.11000061035156,36.709999084472656,36.88999938964844,36.88999938964844,156604
"RLAY","Relay Therapeutics, Inc. - Common Stock","2021-09-23 16:00:00-04:00",36.88,37.0,36.88,36.88,36.88,0
"RLAY","Relay Therapeutics, Inc. - Common Stock","2021-09-24 09:30:00-04:00",36.40999984741211,36.9900016784668,36.40999984741211,36.84000015258789,36.84000015258789,27440
"RLAY","Relay Therapeutics, Inc. - Common Stock","2021-09-24 10:30:00-04:00",36.900001525878906,37.11000061035156,36.18000030517578,36.25,36.25,48062
"RLAY","Relay Therapeutics, Inc. - Common Stock","2021-09-24 11:30:00-04:00",36.27000045776367,36.88999938964844,36.27000045776367,36.86000061035156,36.86000061035156,76456
"RLAY","Relay Therapeutics, Inc. - Common Stock","2021-09-24 12:30:00-04:00",36.83000183105469,36.93999862670898,36.61000061035156,36.77000045776367,36.77000045776367,49352
"RLAY","Relay Therapeutics, Inc. - Common Stock","2021-09-24 13:30:00-04:00",36.834999084472656,36.834999084472656,36.459999084472656,36.810001373291016,36.810001373291016,26385
"RLAY","Relay Therapeutics, Inc. - Common Stock","2021-09-24 14:30:00-04:00",36.81999969482422,36.84000015258789,36.44499969482422,36.595001220703125,36.595001220703125,82362
"RLAY","Relay Therapeutics, Inc. - Common Stock","2021-09-24 15:30:00-04:00",36.59000015258789,36.83000183105469,36.5,36.75,36.75,95761
"RLAY","Relay Therapeutics, Inc. - Common Stock","2021-09-24 16:00:00-04:00",36.75,36.75,36.74,36.75,36.75,0
"RLAY","Relay Therapeutics, Inc. - Common Stock","2021-09-27 08:00:00-04:00",36.74,36.74,36.74,36.74,36.74,0
"RLAY","Relay Therapeutics, Inc. - Common Stock","2021-09-27 09:30:00-04:00",36.869998931884766,37.810001373291016,36.400001525878906,37.77999877929688,37.77999877929688,40505
"RLAY","Relay Therapeutics, Inc. - Common Stock","2021-09-27 10:30:00-04:00",37.90999984741211,38.150001525878906,37.5099983215332,37.66999816894531,37.66999816894531,24809
"RLAY","Relay Therapeutics, Inc. - Common Stock","2021-09-27 11:30:00-04:00",37.68960189819336,37.984500885009766,37.595001220703125,37.91999816894531,37.91999816894531,23941
"RLAY","Relay Therapeutics, Inc. - Common Stock","2021-09-27 12:30:00-04:00",37.91999816894531,38.0099983215332,37.27999877929688,37.54999923706055,37.54999923706055,27444
"RLAY","Relay Therapeutics, Inc. - Common Stock","2021-09-27 13:30:00-04:00",37.4900016784668,37.4900016784668,37.09000015258789,37.09000015258789,37.09000015258789,21864
"RLAY","Relay Therapeutics, Inc. - Common Stock","2021-09-27 14:30:00-04:00",37.09999847412109,37.29999923706055,36.97999954223633,37.22999954223633,37.22999954223633,180194
"RLAY","Relay Therapeutics, Inc. - Common Stock","2021-09-27 15:30:00-04:00",37.220001220703125,37.40999984741211,37.060001373291016,37.40999984741211,37.40999984741211,111712
"RLAY","Relay Therapeutics, Inc. - Common Stock","2021-09-27 16:00:00-04:00",37.41,37.41,37.41,37.41,37.41,0
"RLAY","Relay Therapeutics, Inc. - Common Stock","2021-09-28 06:00:00-04:00",37.41,37.41,37.41,37.41,37.41,0
"RLAY","Relay Therapeutics, Inc. - Common Stock","2021-09-28 09:00:00-04:00",37.41,37.41,37.35,37.41,37.41,0
"RLAY","Relay Therapeutics, Inc. - Common Stock","2021-09-28 09:30:00-04:00",37.18999862670898,37.4900016784668,36.875,37.34999847412109,37.34999847412109,47161
"RLAY","Relay Therapeutics, Inc. - Common Stock","2021-09-28 10:30:00-04:00",37.459999084472656,37.525001525878906,37.060001373291016,37.09999847412109,37.09999847412109,34677
"RLAY","Relay Therapeutics, Inc. - Common Stock","2021-09-28 11:30:00-04:00",37.09999847412109,37.275001525878906,36.86000061035156,36.915000915527344,36.915000915527344,20589
"RLAY","Relay Therapeutics, Inc. - Common Stock","2021-09-28 12:30:00-04:00",36.86000061035156,37.125,36.720001220703125,37.04999923706055,37.04999923706055,19526
"RLAY","Relay Therapeutics, Inc. - Common Stock","2021-09-28 13:30:00-04:00",37.04499816894531,37.060001373291016,36.7400016784668,37.0,37.0,27033
"RLAY","Relay Therapeutics, Inc. - Common Stock","2021-09-28 14:30:00-04:00",37.0,37.2400016784668,36.970001220703125,37.0,37.0,72881
"RLAY","Relay Therapeutics, Inc. - Common Stock","2021-09-28 15:30:00-04:00",37.0,37.34999847412109,36.78099822998047,37.0,37.0,92130
"RLAY","Relay Therapeutics, Inc. - Common Stock","2021-09-28 16:00:00-04:00",36.95,36.95,36.95,36.95,36.95,0
"RLAY","Relay Therapeutics, Inc. - Common Stock","2021-09-28 17:00:00-04:00",36.95,36.95,36.93,36.93,36.93,0
"RLAY","Relay Therapeutics, Inc. - Common Stock","2021-09-29 07:00:00-04:00",36.93,36.93,36.93,36.93,36.93,0
"RLAY","Relay Therapeutics, Inc. - Common Stock","2021-09-29 09:30:00-04:00",36.869998931884766,36.869998931884766,35.61000061035156,35.790000915527344,35.790000915527344,29499
"RLAY","Relay Therapeutics, Inc. - Common Stock","2021-09-29 10:30:00-04:00",35.70000076293945,35.790000915527344,35.341400146484375,35.459999084472656,35.459999084472656,55811
"RLAY","Relay Therapeutics, Inc. - Common Stock","2021-09-29 11:30:00-04:00",35.5,35.52000045776367,34.849998474121094,34.849998474121094,34.849998474121094,31434
"RLAY","Relay Therapeutics, Inc. - Common Stock","2021-09-29 12:30:00-04:00",34.86000061035156,35.0099983215332,34.36000061035156,34.56999969482422,34.56999969482422,29225
"RLAY","Relay Therapeutics, Inc. - Common Stock","2021-09-29 13:30:00-04:00",34.68000030517578,34.7599983215332,34.279998779296875,34.34000015258789,34.34000015258789,34748
"RLAY","Relay Therapeutics, Inc. - Common Stock","2021-09-29 14:30:00-04:00",34.40999984741211,34.43000030517578,33.79999923706055,33.80500030517578,33.80500030517578,151503
"RLAY","Relay Therapeutics, Inc. - Common Stock","2021-09-29 15:30:00-04:00",33.810001373291016,33.90999984741211,33.20000076293945,33.439998626708984,33.439998626708984,140115
"RLAY","Relay Therapeutics, Inc. - Common Stock","2021-09-29 16:00:00-04:00",33.39,33.39,33.39,33.39,33.39,40557
"RLAY","Relay Therapeutics, Inc. - Common Stock","2021-10-01 09:30:00-04:00",31.450000762939453,31.450000762939453,29.89999961853028,29.920000076293945,29.920000076293945,0
"RLAY","Relay Therapeutics, Inc. - Common Stock","2021-10-01 10:30:00-04:00",30.040000915527344,30.1299991607666,29.46999931335449,30.01499938964844,30.01499938964844,76803
"RLAY","Relay Therapeutics, Inc. - Common Stock","2021-10-01 11:30:00-04:00",30.01499938964844,30.09499931335449,29.38999938964844,29.40999984741211,29.40999984741211,80432
"RLAY","Relay Therapeutics, Inc. - Common Stock","2021-10-01 12:30:00-04:00",29.405000686645508,29.420000076293945,28.489999771118164,28.989999771118164,28.989999771118164,302301
"RLAY","Relay Therapeutics, Inc. - Common Stock","2021-10-01 13:30:00-04:00",28.920000076293945,29.65999984741211,28.920000076293945,29.59499931335449,29.59499931335449,119465
"RLAY","Relay Therapeutics, Inc. - Common Stock","2021-10-01 14:30:00-04:00",29.584999084472656,30.075000762939453,29.584999084472656,30.0,30.0,86294
"RLAY","Relay Therapeutics, Inc. - Common Stock","2021-10-01 15:30:00-04:00",30.0,30.100000381469727,29.61000061035156,29.75,29.75,103544
"RLAY","Relay Therapeutics, Inc. - Common Stock","2021-10-01 16:00:00-04:00",29.76,29.76,29.7409,29.76,29.76,0
"RLAY","Relay Therapeutics, Inc. - Common Stock","2021-10-04 09:30:00-04:00",29.450000762939453,29.729999542236328,28.799999237060547,29.450000762939453,29.450000762939453,58365
"RLAY","Relay Therapeutics, Inc. - Common Stock","2021-10-04 10:30:00-04:00",29.420000076293945,30.020000457763672,29.420000076293945,29.65999984741211,29.65999984741211,73814
"RLAY","Relay Therapeutics, Inc. - Common Stock","2021-10-04 11:30:00-04:00",29.770000457763672,30.01000022888184,29.56999969482422,29.88999938964844,29.88999938964844,80036
"RLAY","Relay Therapeutics, Inc. - Common Stock","2021-10-04 12:30:00-04:00",29.934999465942383,30.0,29.71999931335449,29.729999542236328,29.729999542236328,37076
"RLAY","Relay Therapeutics, Inc. - Common Stock","2021-10-04 13:30:00-04:00",29.770000457763672,30.225000381469727,29.75,29.959999084472656,29.959999084472656,49273
"RLAY","Relay Therapeutics, Inc. - Common Stock","2021-10-04 14:30:00-04:00",29.959999084472656,30.155000686645508,29.65999984741211,29.73500061035156,29.73500061035156,57712
"RLAY","Relay Therapeutics, Inc. - Common Stock","2021-10-04 15:30:00-04:00",29.790000915527344,30.030000686645508,29.700000762939453,29.979999542236328,29.979999542236328,161135
"RLAY","Relay Therapeutics, Inc. - Common Stock","2021-10-04 16:00:00-04:00",29.94,29.94,29.94,29.94,29.94,0
"RLAY","Relay Therapeutics, Inc. - Common Stock","2021-10-05 09:30:00-04:00",29.89999961853028,30.38999938964844,28.809999465942383,29.01499938964844,29.01499938964844,155125
"RLAY","Relay Therapeutics, Inc. - Common Stock","2021-10-05 10:30:00-04:00",29.059999465942383,29.174999237060547,28.790000915527344,28.8700008392334,28.8700008392334,45240
"RLAY","Relay Therapeutics, Inc. - Common Stock","2021-10-05 11:30:00-04:00",28.875,28.875,28.0,28.0,28.0,46988
"RLAY","Relay Therapeutics, Inc. - Common Stock","2021-10-05 12:30:00-04:00",28.059999465942383,29.00819969177246,27.920000076293945,28.975000381469727,28.975000381469727,86195
"RLAY","Relay Therapeutics, Inc. - Common Stock","2021-10-05 13:30:00-04:00",28.979999542236328,29.667999267578125,28.88999938964844,29.459999084472656,29.459999084472656,49407
"RLAY","Relay Therapeutics, Inc. - Common Stock","2021-10-05 14:30:00-04:00",29.440000534057617,29.84499931335449,29.309999465942383,29.350000381469727,29.350000381469727,44018
"RLAY","Relay Therapeutics, Inc. - Common Stock","2021-10-05 15:30:00-04:00",29.36000061035156,29.520000457763672,29.26000022888184,29.290000915527344,29.290000915527344,57281
"RLAY","Relay Therapeutics, Inc. - Common Stock","2021-10-05 16:00:00-04:00",29.29,29.29,29.29,29.29,29.29,0
"RLAY","Relay Therapeutics, Inc. - Common Stock","2021-10-06 09:30:00-04:00",29.0,29.950000762939453,29.0,29.790000915527344,29.790000915527344,44256
"RLAY","Relay Therapeutics, Inc. - Common Stock","2021-10-06 10:30:00-04:00",29.59499931335449,29.799999237060547,29.39999961853028,29.459999084472656,29.459999084472656,35474
"RLAY","Relay Therapeutics, Inc. - Common Stock","2021-10-06 11:30:00-04:00",29.440000534057617,29.61000061035156,29.200000762939453,29.309999465942383,29.309999465942383,29195
"RLAY","Relay Therapeutics, Inc. - Common Stock","2021-10-06 12:30:00-04:00",29.334999084472656,29.3700008392334,28.98500061035156,29.18000030517578,29.18000030517578,35687
"RLAY","Relay Therapeutics, Inc. - Common Stock","2021-10-06 13:30:00-04:00",29.239999771118164,29.3799991607666,29.1200008392334,29.34499931335449,29.34499931335449,42670
"RLAY","Relay Therapeutics, Inc. - Common Stock","2021-10-06 14:30:00-04:00",29.36000061035156,29.59000015258789,29.14999961853028,29.299999237060547,29.299999237060547,39779
"RLAY","Relay Therapeutics, Inc. - Common Stock","2021-10-06 15:30:00-04:00",29.31049919128418,29.63999938964844,29.299999237060547,29.5,29.5,64535
"RLAY","Relay Therapeutics, Inc. - Common Stock","2021-10-06 16:00:00-04:00",29.5,29.5,29.5,29.5,29.5,0
"RLAY","Relay Therapeutics, Inc. - Common Stock","2021-10-07 09:30:00-04:00",29.68000030517578,30.3799991607666,29.6299991607666,30.0,30.0,157238
"RLAY","Relay Therapeutics, Inc. - Common Stock","2021-10-07 10:30:00-04:00",30.049999237060547,30.5,29.850000381469727,29.89999961853028,29.89999961853028,92041
"RLAY","Relay Therapeutics, Inc. - Common Stock","2021-10-07 11:30:00-04:00",29.979999542236328,30.020000457763672,29.440000534057617,29.440000534057617,29.440000534057617,147813
"RLAY","Relay Therapeutics, Inc. - Common Stock","2021-10-07 12:30:00-04:00",29.39999961853028,29.39999961853028,28.81999969482422,28.89999961853028,28.89999961853028,58118
"RLAY","Relay Therapeutics, Inc. - Common Stock","2021-10-07 13:30:00-04:00",28.89999961853028,28.930099487304688,28.350000381469727,28.39999961853028,28.39999961853028,76825
"RLAY","Relay Therapeutics, Inc. - Common Stock","2021-10-07 14:30:00-04:00",28.39999961853028,28.39999961853028,26.84000015258789,26.9689998626709,26.9689998626709,211554
"RLAY","Relay Therapeutics, Inc. - Common Stock","2021-10-07 15:30:00-04:00",26.9689998626709,27.0,25.770000457763672,25.989999771118164,25.989999771118164,515690
"RLAY","Relay Therapeutics, Inc. - Common Stock","2021-10-07 16:00:00-04:00",26.0,26.01,25.97,25.97,25.97,0
"RLAY","Relay Therapeutics, Inc. - Common Stock","2021-10-07 17:00:00-04:00",25.99,26.0,25.97,26.0,26.0,0
"RLAY","Relay Therapeutics, Inc. - Common Stock","2021-10-08 13:30:00-04:00",26.5,34.0,25.71999931335449,26.32999992370605,26.32999992370605,2264947
"RLAY","Relay Therapeutics, Inc. - Common Stock","2021-10-08 14:30:00-04:00",26.353200912475582,28.850000381469727,26.020000457763672,27.809999465942383,27.809999465942383,943710
"RLAY","Relay Therapeutics, Inc. - Common Stock","2021-10-08 15:30:00-04:00",27.799999237060547,28.420000076293945,27.468799591064453,28.14999961853028,28.14999961853028,413759
"RLAY","Relay Therapeutics, Inc. - Common Stock","2021-10-08 16:00:00-04:00",28.16,28.2,27.1,27.7,27.7,0
"RLAY","Relay Therapeutics, Inc. - Common Stock","2021-10-08 17:00:00-04:00",27.51,28.0,27.51,28.0,28.0,0
"RLAY","Relay Therapeutics, Inc. - Common Stock","2021-10-08 18:00:00-04:00",27.81,28.2,27.5,28.2,28.2,0
"RLAY","Relay Therapeutics, Inc. - Common Stock","2021-10-08 19:00:00-04:00",28.0,28.18,27.5,27.5,27.5,0
"RLAY","Relay Therapeutics, Inc. - Common Stock","2021-10-11 04:00:00-04:00",28.75,28.75,28.3,28.4,28.4,0
"RLAY","Relay Therapeutics, Inc. - Common Stock","2021-10-11 05:00:00-04:00",28.0,28.0,28.0,28.0,28.0,0
"RLAY","Relay Therapeutics, Inc. - Common Stock","2021-10-11 07:00:00-04:00",27.55,28.2,26.36,28.2,28.2,0
"RLAY","Relay Therapeutics, Inc. - Common Stock","2021-10-11 09:00:00-04:00",28.3,28.39,27.77,28.0,28.0,0
"RLAY","Relay Therapeutics, Inc. - Common Stock","2021-10-11 09:30:00-04:00",27.93000030517578,28.309999465942383,27.239999771118164,28.26000022888184,28.26000022888184,124995
"RLAY","Relay Therapeutics, Inc. - Common Stock","2021-10-11 10:30:00-04:00",28.350000381469727,28.96999931335449,28.239999771118164,28.90999984741211,28.90999984741211,77798
"RLAY","Relay Therapeutics, Inc. - Common Stock","2021-10-11 11:30:00-04:00",28.88999938964844,29.350000381469727,28.84000015258789,29.040000915527344,29.040000915527344,208724
"RLAY","Relay Therapeutics, Inc. - Common Stock","2021-10-11 12:30:00-04:00",29.020000457763672,29.059999465942383,28.43000030517578,28.7450008392334,28.7450008392334,107546
"RLAY","Relay Therapeutics, Inc. - Common Stock","2021-10-11 13:30:00-04:00",28.74139976501465,28.989999771118164,28.5,28.95499992370605,28.95499992370605,108301
"RLAY","Relay Therapeutics, Inc. - Common Stock","2021-10-11 14:30:00-04:00",28.950000762939453,29.26000022888184,28.709999084472656,29.21999931335449,29.21999931335449,107593
"RLAY","Relay Therapeutics, Inc. - Common Stock","2021-10-11 15:30:00-04:00",29.21999931335449,29.43000030517578,29.13999938964844,29.304000854492188,29.304000854492188,175677
"RLAY","Relay Therapeutics, Inc. - Common Stock","2021-10-11 16:00:00-04:00",29.3,29.35,25.61,26.69,26.69,0
"RLAY","Relay Therapeutics, Inc. - Common Stock","2021-10-11 17:00:00-04:00",26.7,26.7,26.32,26.5,26.5,0
"RLAY","Relay Therapeutics, Inc. - Common Stock","2021-10-11 18:00:00-04:00",26.02,26.67,26.02,26.4,26.4,0
"RLAY","Relay Therapeutics, Inc. - Common Stock","2021-10-11 19:00:00-04:00",26.6,26.65,26.4,26.59,26.59,0
"RLAY","Relay Therapeutics, Inc. - Common Stock","2021-10-12 07:00:00-04:00",26.35,26.52,26.32,26.32,26.32,0
"RLAY","Relay Therapeutics, Inc. - Common Stock","2021-10-12 08:00:00-04:00",26.01,26.6699,26.01,26.5,26.5,0
"RLAY","Relay Therapeutics, Inc. - Common Stock","2021-10-12 09:00:00-04:00",26.5,26.5,26.25,26.49,26.49,0
"RLAY","Relay Therapeutics, Inc. - Common Stock","2021-10-12 09:30:00-04:00",26.0,28.309999465942383,25.910200119018555,27.3700008392334,27.3700008392334,450851
"RLAY","Relay Therapeutics, Inc. - Common Stock","2021-10-12 10:30:00-04:00",27.34000015258789,28.14999961853028,27.32999992370605,27.559999465942383,27.559999465942383,268395
"RLAY","Relay Therapeutics, Inc. - Common Stock","2021-10-12 11:30:00-04:00",27.520000457763672,27.78039932250977,27.39999961853028,27.600000381469727,27.600000381469727,231028
"RLAY","Relay Therapeutics, Inc. - Common Stock","2021-10-12 12:30:00-04:00",27.600000381469727,27.690000534057617,27.420000076293945,27.530000686645508,27.530000686645508,254141
"RLAY","Relay Therapeutics, Inc. - Common Stock","2021-10-12 13:30:00-04:00",27.55500030517578,27.8799991607666,27.46999931335449,27.78499984741211,27.78499984741211,158115
"RLAY","Relay Therapeutics, Inc. - Common Stock","2021-10-12 14:30:00-04:00",27.77499961853028,28.020000457763672,27.479999542236328,27.600000381469727,27.600000381469727,346407
"RLAY","Relay Therapeutics, Inc. - Common Stock","2021-10-12 15:30:00-04:00",27.600000381469727,27.82999992370605,27.5,27.75,27.75,334097
"RLAY","Relay Therapeutics, Inc. - Common Stock","2021-10-12 16:00:00-04:00",27.76,27.77,27.44,27.44,27.44,0
"RLAY","Relay Therapeutics, Inc. - Common Stock","2021-10-12 18:00:00-04:00",27.74,27.74,27.53,27.53,27.53,0
"RLAY","Relay Therapeutics, Inc. - Common Stock","2021-10-13 04:00:00-04:00",27.37,27.37,27.37,27.37,27.37,0
"RLAY","Relay Therapeutics, Inc. - Common Stock","2021-10-13 05:00:00-04:00",27.37,27.38,27.37,27.37,27.37,0
"RLAY","Relay Therapeutics, Inc. - Common Stock","2021-10-13 06:00:00-04:00",27.5,27.67,27.38,27.67,27.67,0
"RLAY","Relay Therapeutics, Inc. - Common Stock","2021-10-13 07:00:00-04:00",27.55,27.9,27.5,27.89,27.89,0
"RLAY","Relay Therapeutics, Inc. - Common Stock","2021-10-13 08:00:00-04:00",27.85,28.3,27.42,28.25,28.25,0
"RLAY","Relay Therapeutics, Inc. - Common Stock","2021-10-13 09:00:00-04:00",28.17,29.44,28.1,29.1,29.1,0
"RLAY","Relay Therapeutics, Inc. - Common Stock","2021-10-13 09:30:00-04:00",28.8799991607666,29.940000534057617,28.209999084472656,29.23500061035156,29.23500061035156,1627665
"RLAY","Relay Therapeutics, Inc. - Common Stock","2021-10-13 10:30:00-04:00",29.23500061035156,31.059999465942383,28.989999771118164,30.815000534057617,30.815000534057617,860313
"RLAY","Relay Therapeutics, Inc. - Common Stock","2021-10-13 11:30:00-04:00",30.811599731445312,32.08000183105469,30.09000015258789,31.690099716186523,31.690099716186523,729268
"RLAY","Relay Therapeutics, Inc. - Common Stock","2021-10-13 12:30:00-04:00",31.690000534057617,32.56999969482422,31.309999465942383,32.5099983215332,32.5099983215332,509605
"RLAY","Relay Therapeutics, Inc. - Common Stock","2021-10-13 13:30:00-04:00",32.47439956665039,32.5,31.440000534057617,31.93000030517578,31.93000030517578,582795
"RLAY","Relay Therapeutics, Inc. - Common Stock","2021-10-13 14:30:00-04:00",31.93000030517578,32.21390151977539,31.729999542236328,32.07500076293945,32.07500076293945,418270
"RLAY","Relay Therapeutics, Inc. - Common Stock","2021-10-13 15:30:00-04:00",32.06999969482422,33.239898681640625,31.600000381469727,32.69499969482422,32.69499969482422,1020067
"RLAY","Relay Therapeutics, Inc. - Common Stock","2021-10-13 16:00:00-04:00",32.76,32.76,31.41,32.11,32.11,0
"RLAY","Relay Therapeutics, Inc. - Common Stock","2021-10-13 17:00:00-04:00",32.11,32.11,32.11,32.11,32.11,0
"RLAY","Relay Therapeutics, Inc. - Common Stock","2021-10-13 19:00:00-04:00",32.15,32.76,32.15,32.76,32.76,0
"RLAY","Relay Therapeutics, Inc. - Common Stock","2021-10-14 04:00:00-04:00",32.76,32.76,32.76,32.76,32.76,0
"RLAY","Relay Therapeutics, Inc. - Common Stock","2021-10-14 07:00:00-04:00",32.76,32.76,32.76,32.76,32.76,0
"RLAY","Relay Therapeutics, Inc. - Common Stock","2021-10-14 08:00:00-04:00",32.9248,32.9248,32.76,32.76,32.76,0
"RLAY","Relay Therapeutics, Inc. - Common Stock","2021-10-14 09:30:00-04:00",32.79999923706055,35.439998626708984,32.47999954223633,35.22999954223633,35.22999954223633,436776
"RLAY","Relay Therapeutics, Inc. - Common Stock","2021-10-14 10:30:00-04:00",35.20000076293945,37.400001525878906,35.005001068115234,36.375,36.375,797229
"RLAY","Relay Therapeutics, Inc. - Common Stock","2021-10-14 11:30:00-04:00",36.38679885864258,36.97999954223633,35.89500045776367,36.025001525878906,36.025001525878906,296961
"RLAY","Relay Therapeutics, Inc. - Common Stock","2021-10-14 12:30:00-04:00",36.001800537109375,36.20000076293945,35.040000915527344,35.43920135498047,35.43920135498047,323698
"RLAY","Relay Therapeutics, Inc. - Common Stock","2021-10-14 13:30:00-04:00",35.439998626708984,36.8489990234375,35.439998626708984,36.63999938964844,36.63999938964844,243343
"RLAY","Relay Therapeutics, Inc. - Common Stock","2021-10-14 14:30:00-04:00",36.63999938964844,37.66999816894531,36.63999938964844,37.43000030517578,37.43000030517578,432890
"RLAY","Relay Therapeutics, Inc. - Common Stock","2021-10-14 15:30:00-04:00",37.25,37.5,36.5099983215332,36.650001525878906,36.650001525878906,465173
"RLAY","Relay Therapeutics, Inc. - Common Stock","2021-10-14 16:00:00-04:00",36.62,36.75,36.62,36.62,36.62,0
"RLAY","Relay Therapeutics, Inc. - Common Stock","2021-10-14 17:00:00-04:00",36.68,36.98,36.68,36.98,36.98,0
"RLAY","Relay Therapeutics, Inc. - Common Stock","2021-10-14 19:00:00-04:00",36.75,36.8,36.53,36.8,36.8,0
"RLAY","Relay Therapeutics, Inc. - Common Stock","2021-10-15 07:00:00-04:00",36.39,38.5,36.39,38.5,38.5,0
"RLAY","Relay Therapeutics, Inc. - Common Stock","2021-10-15 08:00:00-04:00",37.34,38.6,36.6001,36.62,36.62,0
"RLAY","Relay Therapeutics, Inc. - Common Stock","2021-10-15 09:00:00-04:00",36.5,37.0,36.5,36.525,36.525,0
"RLAY","Relay Therapeutics, Inc. - Common Stock","2021-10-15 09:30:00-04:00",36.72999954223633,36.79999923706055,33.66999816894531,34.005001068115234,34.005001068115234,210801
"RLAY","Relay Therapeutics, Inc. - Common Stock","2021-10-15 10:30:00-04:00",33.939998626708984,34.04999923706055,33.25,33.67499923706055,33.67499923706055,165630
"RLAY","Relay Therapeutics, Inc. - Common Stock","2021-10-15 11:30:00-04:00",33.68000030517578,34.25,33.2599983215332,33.80500030517578,33.80500030517578,102554
"RLAY","Relay Therapeutics, Inc. - Common Stock","2021-10-15 12:30:00-04:00",33.79999923706055,34.66999816894531,33.619998931884766,34.130001068115234,34.130001068115234,88309
"RLAY","Relay Therapeutics, Inc. - Common Stock","2021-10-15 13:30:00-04:00",34.150001525878906,34.4900016784668,33.89120101928711,34.2400016784668,34.2400016784668,52732
"RLAY","Relay Therapeutics, Inc. - Common Stock","2021-10-15 14:30:00-04:00",34.290000915527344,34.459999084472656,33.709999084472656,34.22999954223633,34.22999954223633,83104
"RLAY","Relay Therapeutics, Inc. - Common Stock","2021-10-15 15:30:00-04:00",34.22999954223633,34.40900039672852,33.65999984741211,34.13999938964844,34.13999938964844,307411
"RLAY","Relay Therapeutics, Inc. - Common Stock","2021-10-15 16:00:00-04:00",34.11,34.14,34.11,34.14,34.14,0
"RLAY","Relay Therapeutics, Inc. - Common Stock","2021-10-15 18:00:00-04:00",34.14,34.14,34.14,34.14,34.14,0
"RLAY","Relay Therapeutics, Inc. - Common Stock","2021-10-18 06:00:00-04:00",34.1,34.99,34.1,34.99,34.99,0
"RLAY","Relay Therapeutics, Inc. - Common Stock","2021-10-18 08:00:00-04:00",34.11,34.14,34.11,34.11,34.11,0
"RLAY","Relay Therapeutics, Inc. - Common Stock","2021-10-18 09:00:00-04:00",34.0,34.0,34.0,34.0,34.0,0
"RLAY","Relay Therapeutics, Inc. - Common Stock","2021-10-18 09:30:00-04:00",34.279998779296875,34.279998779296875,33.0,33.2599983215332,33.2599983215332,126810
"RLAY","Relay Therapeutics, Inc. - Common Stock","2021-10-18 10:30:00-04:00",33.189998626708984,33.2599983215332,32.400001525878906,32.4900016784668,32.4900016784668,81162
"RLAY","Relay Therapeutics, Inc. - Common Stock","2021-10-18 11:30:00-04:00",32.459999084472656,32.7400016784668,32.20000076293945,32.560001373291016,32.560001373291016,44048
"RLAY","Relay Therapeutics, Inc. - Common Stock","2021-10-18 12:30:00-04:00",32.619998931884766,32.650001525878906,31.559999465942383,31.76000022888184,31.76000022888184,70342
"RLAY","Relay Therapeutics, Inc. - Common Stock","2021-10-18 13:30:00-04:00",31.76000022888184,32.0,31.57999992370605,31.81999969482422,31.81999969482422,71846
"RLAY","Relay Therapeutics, Inc. - Common Stock","2021-10-18 14:30:00-04:00",31.81999969482422,32.439998626708984,31.57999992370605,32.28499984741211,32.28499984741211,98085
"RLAY","Relay Therapeutics, Inc. - Common Stock","2021-10-18 15:30:00-04:00",32.27000045776367,32.470001220703125,31.940000534057617,32.02000045776367,32.02000045776367,194767
"RLAY","Relay Therapeutics, Inc. - Common Stock","2021-10-18 16:00:00-04:00",32.02,32.02,32.02,32.02,32.02,0
"RLAY","Relay Therapeutics, Inc. - Common Stock","2021-10-18 17:00:00-04:00",32.02,32.02,32.02,32.02,32.02,0
"RLAY","Relay Therapeutics, Inc. - Common Stock","2021-10-19 08:00:00-04:00",32.06,32.9996,32.06,32.9996,32.9996,0
"RLAY","Relay Therapeutics, Inc. - Common Stock","2021-10-19 09:30:00-04:00",32.209999084472656,32.560001373291016,31.670000076293945,32.540000915527344,32.540000915527344,71180
"RLAY","Relay Therapeutics, Inc. - Common Stock","2021-10-19 10:30:00-04:00",32.540000915527344,33.119998931884766,32.52000045776367,33.06999969482422,33.06999969482422,66969
"RLAY","Relay Therapeutics, Inc. - Common Stock","2021-10-19 11:30:00-04:00",33.07500076293945,33.40999984741211,33.060001373291016,33.06999969482422,33.06999969482422,29533
"RLAY","Relay Therapeutics, Inc. - Common Stock","2021-10-19 12:30:00-04:00",33.09000015258789,33.27000045776367,32.84000015258789,33.13999938964844,33.13999938964844,33625
"RLAY","Relay Therapeutics, Inc. - Common Stock","2021-10-19 13:30:00-04:00",33.08000183105469,33.095001220703125,32.36000061035156,32.529998779296875,32.529998779296875,43866
"RLAY","Relay Therapeutics, Inc. - Common Stock","2021-10-19 14:30:00-04:00",32.47999954223633,32.599998474121094,32.2599983215332,32.474998474121094,32.474998474121094,45300
"RLAY","Relay Therapeutics, Inc. - Common Stock","2021-10-19 15:30:00-04:00",32.474998474121094,32.79999923706055,32.459999084472656,32.66999816894531,32.66999816894531,72608
"RLAY","Relay Therapeutics, Inc. - Common Stock","2021-10-19 16:00:00-04:00",32.61,32.61,32.61,32.61,32.61,0
"RLAY","Relay Therapeutics, Inc. - Common Stock","2021-10-20 09:30:00-04:00",32.560001373291016,33.20000076293945,32.38999938964844,33.04999923706055,33.04999923706055,57268
"RLAY","Relay Therapeutics, Inc. - Common Stock","2021-10-20 10:30:00-04:00",33.01499938964844,33.18000030517578,32.599998474121094,32.599998474121094,32.599998474121094,107252
"RLAY","Relay Therapeutics, Inc. - Common Stock","2021-10-20 11:30:00-04:00",32.5,32.59000015258789,31.8700008392334,32.0099983215332,32.0099983215332,26069
"RLAY","Relay Therapeutics, Inc. - Common Stock","2021-10-20 12:30:00-04:00",31.93000030517578,31.989999771118164,31.6299991607666,31.65999984741211,31.65999984741211,31939
"RLAY","Relay Therapeutics, Inc. - Common Stock","2021-10-20 13:30:00-04:00",31.65999984741211,31.749900817871094,31.104999542236328,31.34000015258789,31.34000015258789,48154
"RLAY","Relay Therapeutics, Inc. - Common Stock","2021-10-20 14:30:00-04:00",31.280000686645508,31.34000015258789,30.729999542236328,31.075000762939453,31.075000762939453,59535
"RLAY","Relay Therapeutics, Inc. - Common Stock","2021-10-20 15:30:00-04:00",31.100000381469727,31.3700008392334,31.020000457763672,31.21999931335449,31.21999931335449,74656
"RLAY","Relay Therapeutics, Inc. - Common Stock","2021-10-20 16:00:00-04:00",31.22,31.22,31.22,31.22,31.22,0
"RLAY","Relay Therapeutics, Inc. - Common Stock","2021-10-21 09:30:00-04:00",31.32999992370605,32.099998474121094,31.1200008392334,31.46500015258789,31.46500015258789,93008
"RLAY","Relay Therapeutics, Inc. - Common Stock","2021-10-21 10:30:00-04:00",31.475000381469727,32.04999923706055,31.38999938964844,31.88999938964844,31.88999938964844,84137
"RLAY","Relay Therapeutics, Inc. - Common Stock","2021-10-21 11:30:00-04:00",31.88999938964844,31.88999938964844,31.15999984741211,31.32999992370605,31.32999992370605,15689
"RLAY","Relay Therapeutics, Inc. - Common Stock","2021-10-21 12:30:00-04:00",31.36000061035156,31.520000457763672,31.239999771118164,31.239999771118164,31.239999771118164,10697
"RLAY","Relay Therapeutics, Inc. - Common Stock","2021-10-21 13:30:00-04:00",31.31999969482422,31.334999084472656,31.1299991607666,31.26000022888184,31.26000022888184,16702
"RLAY","Relay Therapeutics, Inc. - Common Stock","2021-10-21 14:30:00-04:00",31.229999542236328,31.350000381469727,31.143199920654297,31.270000457763672,31.270000457763672,22536
"RLAY","Relay Therapeutics, Inc. - Common Stock","2021-10-21 15:30:00-04:00",31.32999992370605,31.34000015258789,31.14999961853028,31.270000457763672,31.270000457763672,38241
"RLAY","Relay Therapeutics, Inc. - Common Stock","2021-10-21 16:00:00-04:00",31.25,31.25,31.25,31.25,31.25,0
"RLAY","Relay Therapeutics, Inc. - Common Stock","2021-10-22 08:00:00-04:00",31.25,31.25,31.25,31.25,31.25,0
"RLAY","Relay Therapeutics, Inc. - Common Stock","2021-10-22 09:00:00-04:00",31.25,31.25,31.25,31.25,31.25,0
"RLAY","Relay Therapeutics, Inc. - Common Stock","2021-10-22 09:30:00-04:00",31.200000762939453,31.90999984741211,30.5,31.34000015258789,31.34000015258789,33706
"RLAY","Relay Therapeutics, Inc. - Common Stock","2021-10-22 10:30:00-04:00",31.48500061035156,31.545000076293945,31.040000915527344,31.040000915527344,31.040000915527344,46136
"RLAY","Relay Therapeutics, Inc. - Common Stock","2021-10-22 11:30:00-04:00",31.13500022888184,31.584999084472656,31.040000915527344,31.39999961853028,31.39999961853028,27665
"RLAY","Relay Therapeutics, Inc. - Common Stock","2021-10-22 12:30:00-04:00",31.39999961853028,31.540000915527344,31.14999961853028,31.440000534057617,31.440000534057617,16031
"RLAY","Relay Therapeutics, Inc. - Common Stock","2021-10-22 13:30:00-04:00",31.450000762939453,31.8700008392334,31.38999938964844,31.51000022888184,31.51000022888184,27520
"RLAY","Relay Therapeutics, Inc. - Common Stock","2021-10-22 14:30:00-04:00",31.520000457763672,31.850000381469727,31.520000457763672,31.84000015258789,31.84000015258789,31437
"RLAY","Relay Therapeutics, Inc. - Common Stock","2021-10-22 15:30:00-04:00",31.82999992370605,32.18000030517578,31.809999465942383,32.02000045776367,32.02000045776367,52834
"RLAY","Relay Therapeutics, Inc. - Common Stock","2021-10-22 16:00:00-04:00",32.05,32.05,32.05,32.05,32.05,0
"RLAY","Relay Therapeutics, Inc. - Common Stock","2021-10-25 09:30:00-04:00",32.20000076293945,32.470001220703125,31.01000022888184,31.940000534057617,31.940000534057617,114968
"RLAY","Relay Therapeutics, Inc. - Common Stock","2021-10-25 10:30:00-04:00",31.999500274658203,32.20000076293945,31.565000534057617,31.57999992370605,31.57999992370605,24195
"RLAY","Relay Therapeutics, Inc. - Common Stock","2021-10-25 11:30:00-04:00",31.57999992370605,31.600000381469727,30.959999084472656,31.040000915527344,31.040000915527344,31784
"RLAY","Relay Therapeutics, Inc. - Common Stock","2021-10-25 12:30:00-04:00",31.13999938964844,31.489999771118164,31.09000015258789,31.46999931335449,31.46999931335449,34697
"RLAY","Relay Therapeutics, Inc. - Common Stock","2021-10-25 13:30:00-04:00",31.468700408935547,31.468700408935547,31.040000915527344,31.190000534057617,31.190000534057617,24745
"RLAY","Relay Therapeutics, Inc. - Common Stock","2021-10-25 14:30:00-04:00",31.15999984741211,31.43050003051757,31.14999961853028,31.270000457763672,31.270000457763672,37312
"RLAY","Relay Therapeutics, Inc. - Common Stock","2021-10-25 15:30:00-04:00",31.25,31.309999465942383,30.86000061035156,30.940000534057617,30.940000534057617,55850
"RLAY","Relay Therapeutics, Inc. - Common Stock","2021-10-25 16:00:00-04:00",30.94,30.94,30.94,30.94,30.94,33850
"RLAY","Relay Therapeutics, Inc. - Common Stock","2021-10-26 09:00:00-04:00",30.94,30.94,30.94,30.94,30.94,0
"RLAY","Relay Therapeutics, Inc. - Common Stock","2021-10-26 09:30:00-04:00",31.09000015258789,31.93000030517578,30.61000061035156,31.93000030517578,31.93000030517578,62040
"RLAY","Relay Therapeutics, Inc. - Common Stock","2021-10-26 10:30:00-04:00",32.0,32.0,31.520000457763672,31.850000381469727,31.850000381469727,39391
"RLAY","Relay Therapeutics, Inc. - Common Stock","2021-10-26 11:30:00-04:00",31.84000015258789,31.979999542236328,31.6299991607666,31.690000534057617,31.690000534057617,29354
"RLAY","Relay Therapeutics, Inc. - Common Stock","2021-10-26 12:30:00-04:00",31.73500061035156,31.73500061035156,31.309999465942383,31.46999931335449,31.46999931335449,18279
"RLAY","Relay Therapeutics, Inc. - Common Stock","2021-10-26 13:30:00-04:00",31.46999931335449,31.78499984741211,31.39999961853028,31.71999931335449,31.71999931335449,23723
"RLAY","Relay Therapeutics, Inc. - Common Stock","2021-10-26 14:30:00-04:00",31.770000457763672,31.90999984741211,31.36000061035156,31.36000061035156,31.36000061035156,22309
"RLAY","Relay Therapeutics, Inc. - Common Stock","2021-10-26 15:30:00-04:00",31.3799991607666,31.40999984741211,30.920000076293945,31.100000381469727,31.100000381469727,46474
"RLAY","Relay Therapeutics, Inc. - Common Stock","2021-10-26 16:00:00-04:00",31.14,31.14,31.14,31.14,31.14,74398
"RLAY","Relay Therapeutics, Inc. - Common Stock","2021-10-27 09:30:00-04:00",31.57999992370605,31.57999992370605,30.14999961853028,30.209999084472656,30.209999084472656,0
"RLAY","Relay Therapeutics, Inc. - Common Stock","2021-10-27 10:30:00-04:00",30.18000030517578,30.450000762939453,28.979999542236328,29.1200008392334,29.1200008392334,104116
"RLAY","Relay Therapeutics, Inc. - Common Stock","2021-10-27 11:30:00-04:00",29.21500015258789,30.0,28.8799991607666,29.67300033569336,29.67300033569336,113151
"RLAY","Relay Therapeutics, Inc. - Common Stock","2021-10-27 12:30:00-04:00",29.604999542236328,30.440000534057617,29.420000076293945,30.25,30.25,47650
"RLAY","Relay Therapeutics, Inc. - Common Stock","2021-10-27 13:30:00-04:00",30.280000686645508,30.52899932861328,30.100000381469727,30.13999938964844,30.13999938964844,26125
"RLAY","Relay Therapeutics, Inc. - Common Stock","2021-10-27 14:30:00-04:00",30.1299991607666,30.530000686645508,30.020000457763672,30.475000381469727,30.475000381469727,36812
"RLAY","Relay Therapeutics, Inc. - Common Stock","2021-10-27 15:30:00-04:00",30.440000534057617,30.59000015258789,30.200000762939453,30.280000686645508,30.280000686645508,78850
"RLAY","Relay Therapeutics, Inc. - Common Stock","2021-10-27 16:00:00-04:00",30.25,30.26,30.25,30.25,30.25,33102
"RLAY","Relay Therapeutics, Inc. - Common Stock","2021-10-27 17:00:00-04:00",31.0,33.2,31.0,31.13,31.13,0
"RLAY","Relay Therapeutics, Inc. - Common Stock","2021-10-27 18:00:00-04:00",31.0,31.0,31.0,31.0,31.0,0
"RLAY","Relay Therapeutics, Inc. - Common Stock","2021-10-28 07:00:00-04:00",31.0,31.0,31.0,31.0,31.0,0
"RLAY","Relay Therapeutics, Inc. - Common Stock","2021-10-28 09:00:00-04:00",30.89,31.0,30.89,30.9,30.9,0
"RLAY","Relay Therapeutics, Inc. - Common Stock","2021-10-28 09:30:00-04:00",30.559999465942383,31.56999969482422,30.020000457763672,31.420000076293945,31.420000076293945,80177
"RLAY","Relay Therapeutics, Inc. - Common Stock","2021-10-28 10:30:00-04:00",31.489999771118164,32.36000061035156,31.26499938964844,32.224998474121094,32.224998474121094,48713
"RLAY","Relay Therapeutics, Inc. - Common Stock","2021-10-28 11:30:00-04:00",32.14500045776367,33.029998779296875,32.040000915527344,32.665000915527344,32.665000915527344,61390
"RLAY","Relay Therapeutics, Inc. - Common Stock","2021-10-28 12:30:00-04:00",32.7599983215332,33.189998626708984,32.650001525878906,32.83000183105469,32.83000183105469,52814
"RLAY","Relay Therapeutics, Inc. - Common Stock","2021-10-28 13:30:00-04:00",32.900001525878906,33.060001373291016,32.31999969482422,32.650001525878906,32.650001525878906,62086
"RLAY","Relay Therapeutics, Inc. - Common Stock","2021-10-28 14:30:00-04:00",32.650001525878906,32.86000061035156,32.470001220703125,32.790000915527344,32.790000915527344,56752
"RLAY","Relay Therapeutics, Inc. - Common Stock","2021-10-28 15:30:00-04:00",32.849998474121094,33.099998474121094,32.77000045776367,32.97999954223633,32.97999954223633,135480
"RLAY","Relay Therapeutics, Inc. - Common Stock","2021-10-28 16:00:00-04:00",32.99,33.0,32.99,33.0,33.0,0
"RLAY","Relay Therapeutics, Inc. - Common Stock","2021-10-28 17:00:00-04:00",32.75,32.75,32.73,32.73,32.73,0
"RLAY","Relay Therapeutics, Inc. - Common Stock","2021-10-29 07:00:00-04:00",32.99,32.99,32.99,32.99,32.99,0
"RLAY","Relay Therapeutics, Inc. - Common Stock","2021-10-29 08:00:00-04:00",33.25,33.25,33.0,33.0,33.0,0
"RLAY","Relay Therapeutics, Inc. - Common Stock","2021-10-29 09:30:00-04:00",32.880001068115234,33.86000061035156,32.15999984741211,33.45000076293945,33.45000076293945,51364
"RLAY","Relay Therapeutics, Inc. - Common Stock","2021-10-29 10:30:00-04:00",33.372501373291016,33.869998931884766,33.2400016784668,33.310001373291016,33.310001373291016,54684
"RLAY","Relay Therapeutics, Inc. - Common Stock","2021-10-29 11:30:00-04:00",33.380001068115234,33.5,32.869998931884766,32.869998931884766,32.869998931884766,22122
"RLAY","Relay Therapeutics, Inc. - Common Stock","2021-10-29 12:30:00-04:00",32.869998931884766,33.38999938964844,32.869998931884766,33.279998779296875,33.279998779296875,32322
"RLAY","Relay Therapeutics, Inc. - Common Stock","2021-10-29 13:30:00-04:00",33.279998779296875,33.40999984741211,33.0099983215332,33.130001068115234,33.130001068115234,32310
"RLAY","Relay Therapeutics, Inc. - Common Stock","2021-10-29 14:30:00-04:00",33.09000015258789,33.224998474121094,32.88999938964844,33.16999816894531,33.16999816894531,50052
"RLAY","Relay Therapeutics, Inc. - Common Stock","2021-10-29 15:30:00-04:00",33.16999816894531,33.349998474121094,33.04999923706055,33.33000183105469,33.33000183105469,96263
"RLAY","Relay Therapeutics, Inc. - Common Stock","2021-10-29 16:00:00-04:00",33.25,33.25,33.25,33.25,33.25,0
"RLAY","Relay Therapeutics, Inc. - Common Stock","2021-11-01 07:00:00-04:00",33.25,33.25,33.22,33.22,33.22,0
"RLAY","Relay Therapeutics, Inc. - Common Stock","2021-11-01 08:00:00-04:00",33.99,33.99,33.99,33.99,33.99,0
"RLAY","Relay Therapeutics, Inc. - Common Stock","2021-11-01 09:00:00-04:00",33.5,33.5,33.2,33.2,33.2,0
"RLAY","Relay Therapeutics, Inc. - Common Stock","2021-11-01 09:30:00-04:00",32.97999954223633,34.2599983215332,32.779998779296875,34.20000076293945,34.20000076293945,104229
"RLAY","Relay Therapeutics, Inc. - Common Stock","2021-11-01 10:30:00-04:00",34.189998626708984,34.209999084472656,33.650001525878906,33.79999923706055,33.79999923706055,57879
"RLAY","Relay Therapeutics, Inc. - Common Stock","2021-11-01 11:30:00-04:00",33.72999954223633,33.880001068115234,33.560001373291016,33.61000061035156,33.61000061035156,51535
"RLAY","Relay Therapeutics, Inc. - Common Stock","2021-11-01 12:30:00-04:00",33.630001068115234,34.099998474121094,33.6150016784668,33.95000076293945,33.95000076293945,27404
"RLAY","Relay Therapeutics, Inc. - Common Stock","2021-11-01 13:30:00-04:00",33.91999816894531,34.07500076293945,33.63999938964844,34.07500076293945,34.07500076293945,35708
"RLAY","Relay Therapeutics, Inc. - Common Stock","2021-11-01 14:30:00-04:00",34.040000915527344,34.29999923706055,33.9900016784668,34.255001068115234,34.255001068115234,49088
"RLAY","Relay Therapeutics, Inc. - Common Stock","2021-11-01 15:30:00-04:00",34.279998779296875,34.849998474121094,34.279998779296875,34.77000045776367,34.77000045776367,89950
"RLAY","Relay Therapeutics, Inc. - Common Stock","2021-11-01 16:00:00-04:00",34.77,35.0,34.76,34.78,34.78,0
"RLAY","Relay Therapeutics, Inc. - Common Stock","2021-11-01 17:00:00-04:00",34.0,34.0,34.0,34.0,34.0,0
"RLAY","Relay Therapeutics, Inc. - Common Stock","2021-11-02 07:00:00-04:00",35.17,35.27,34.78,34.78,34.78,0
"RLAY","Relay Therapeutics, Inc. - Common Stock","2021-11-02 08:00:00-04:00",34.99,34.99,34.8,34.8,34.8,0
"RLAY","Relay Therapeutics, Inc. - Common Stock","2021-11-02 09:30:00-04:00",34.810001373291016,35.099998474121094,33.529998779296875,34.66999816894531,34.66999816894531,132654
"RLAY","Relay Therapeutics, Inc. - Common Stock","2021-11-02 10:30:00-04:00",34.59000015258789,34.79999923706055,34.18000030517578,34.5,34.5,31482
"RLAY","Relay Therapeutics, Inc. - Common Stock","2021-11-02 11:30:00-04:00",34.630001068115234,35.029998779296875,34.59000015258789,34.84000015258789,34.84000015258789,31179
"RLAY","Relay Therapeutics, Inc. - Common Stock","2021-11-02 12:30:00-04:00",34.880001068115234,35.290000915527344,34.71500015258789,34.75,34.75,78909
"RLAY","Relay Therapeutics, Inc. - Common Stock","2021-11-02 13:30:00-04:00",34.77000045776367,34.88999938964844,34.4900016784668,34.619998931884766,34.619998931884766,24242
"RLAY","Relay Therapeutics, Inc. - Common Stock","2021-11-02 14:30:00-04:00",34.59000015258789,35.029998779296875,34.59000015258789,34.77000045776367,34.77000045776367,100321
"RLAY","Relay Therapeutics, Inc. - Common Stock","2021-11-02 15:30:00-04:00",34.76499938964844,35.04999923706055,34.595001220703125,34.9900016784668,34.9900016784668,101836
"RLAY","Relay Therapeutics, Inc. - Common Stock","2021-11-02 16:00:00-04:00",34.97,35.0,34.955,34.97,34.97,0
"RLAY","Relay Therapeutics, Inc. - Common Stock","2021-11-03 09:30:00-04:00",34.54999923706055,37.220001220703125,34.54999923706055,36.935001373291016,36.935001373291016,159178
"RLAY","Relay Therapeutics, Inc. - Common Stock","2021-11-03 10:30:00-04:00",37.08000183105469,37.25,36.06999969482422,36.5,36.5,58177
"RLAY","Relay Therapeutics, Inc. - Common Stock","2021-11-03 11:30:00-04:00",36.52999877929688,37.0,35.92499923706055,36.27000045776367,36.27000045776367,104903
"RLAY","Relay Therapeutics, Inc. - Common Stock","2021-11-03 12:30:00-04:00",36.21500015258789,36.4900016784668,35.939998626708984,36.060001373291016,36.060001373291016,74889
"RLAY","Relay Therapeutics, Inc. - Common Stock","2021-11-03 13:30:00-04:00",36.0099983215332,36.869998931884766,35.915000915527344,36.84999847412109,36.84999847412109,76186
"RLAY","Relay Therapeutics, Inc. - Common Stock","2021-11-03 14:30:00-04:00",36.84999847412109,37.34000015258789,36.47999954223633,36.709999084472656,36.709999084472656,107218
"RLAY","Relay Therapeutics, Inc. - Common Stock","2021-11-03 15:30:00-04:00",36.71500015258789,37.25,36.71020126342773,37.040000915527344,37.040000915527344,98075
"RLAY","Relay Therapeutics, Inc. - Common Stock","2021-11-03 16:00:00-04:00",37.03,37.03,36.61,37.03,37.03,0
"RLAY","Relay Therapeutics, Inc. - Common Stock","2021-11-03 17:00:00-04:00",36.7,36.7,36.7,36.7,36.7,0
"RLAY","Relay Therapeutics, Inc. - Common Stock","2021-11-03 18:00:00-04:00",37.0,37.0,37.0,37.0,37.0,0
"RLAY","Relay Therapeutics, Inc. - Common Stock","2021-11-04 09:00:00-04:00",37.02,37.67,37.02,37.5,37.5,0
"RLAY","Relay Therapeutics, Inc. - Common Stock","2021-11-04 09:30:00-04:00",37.09999847412109,37.52000045776367,36.34000015258789,36.459999084472656,36.459999084472656,133587
"RLAY","Relay Therapeutics, Inc. - Common Stock","2021-11-04 10:30:00-04:00",36.560001373291016,36.69900131225586,35.994998931884766,36.18999862670898,36.18999862670898,53058
"RLAY","Relay Therapeutics, Inc. - Common Stock","2021-11-04 11:30:00-04:00",36.06999969482422,36.59999847412109,36.0099983215332,36.5,36.5,167543
"RLAY","Relay Therapeutics, Inc. - Common Stock","2021-11-04 12:30:00-04:00",36.5,36.56499862670898,36.34999847412109,36.45000076293945,36.45000076293945,45821
"RLAY","Relay Therapeutics, Inc. - Common Stock","2021-11-04 13:30:00-04:00",36.47999954223633,36.505001068115234,35.939998626708984,35.95500183105469,35.95500183105469,44971
"RLAY","Relay Therapeutics, Inc. - Common Stock","2021-11-04 14:30:00-04:00",35.93000030517578,36.255001068115234,35.900001525878906,36.15999984741211,36.15999984741211,89071
"RLAY","Relay Therapeutics, Inc. - Common Stock","2021-11-04 15:30:00-04:00",36.220001220703125,36.470001220703125,36.09000015258789,36.38999938964844,36.38999938964844,107435
"RLAY","Relay Therapeutics, Inc. - Common Stock","2021-11-04 16:00:00-04:00",36.39,36.39,36.38,36.38,36.38,0
"RLAY","Relay Therapeutics, Inc. - Common Stock","2021-11-05 09:00:00-04:00",37.06,37.06,36.5,36.5,36.5,0
"RLAY","Relay Therapeutics, Inc. - Common Stock","2021-11-05 09:30:00-04:00",36.38999938964844,36.58000183105469,35.369998931884766,36.0099983215332,36.0099983215332,49751
"RLAY","Relay Therapeutics, Inc. - Common Stock","2021-11-05 10:30:00-04:00",35.84749984741211,36.150001525878906,35.5,36.11000061035156,36.11000061035156,52973
"RLAY","Relay Therapeutics, Inc. - Common Stock","2021-11-05 11:30:00-04:00",35.9900016784668,36.52000045776367,35.7599983215332,35.7599983215332,35.7599983215332,91306
"RLAY","Relay Therapeutics, Inc. - Common Stock","2021-11-05 12:30:00-04:00",35.790000915527344,36.20000076293945,35.43000030517578,35.54499816894531,35.54499816894531,61108
"RLAY","Relay Therapeutics, Inc. - Common Stock","2021-11-05 13:30:00-04:00",35.540000915527344,36.40999984741211,35.5,36.28499984741211,36.28499984741211,233260
"RLAY","Relay Therapeutics, Inc. - Common Stock","2021-11-05 14:30:00-04:00",36.32500076293945,36.880001068115234,35.45000076293945,35.81999969482422,35.81999969482422,199152
"RLAY","Relay Therapeutics, Inc. - Common Stock","2021-11-05 15:30:00-04:00",35.814998626708984,36.02000045776367,35.41999816894531,35.540000915527344,35.540000915527344,116382
"RLAY","Relay Therapeutics, Inc. - Common Stock","2021-11-05 16:00:00-04:00",35.52,36.0,35.52,35.52,35.52,0
"RLAY","Relay Therapeutics, Inc. - Common Stock","2021-11-08 07:00:00-05:00",35.0,35.0,35.0,35.0,35.0,0
"RLAY","Relay Therapeutics, Inc. - Common Stock","2021-11-08 09:30:00-05:00",35.54999923706055,35.959999084472656,34.875,35.375,35.375,75841
"RLAY","Relay Therapeutics, Inc. - Common Stock","2021-11-08 10:30:00-05:00",35.375,35.709999084472656,35.099998474121094,35.15999984741211,35.15999984741211,22476
"RLAY","Relay Therapeutics, Inc. - Common Stock","2021-11-08 11:30:00-05:00",35.16999816894531,35.369998931884766,34.7400016784668,34.84000015258789,34.84000015258789,20479
"RLAY","Relay Therapeutics, Inc. - Common Stock","2021-11-08 12:30:00-05:00",34.900001525878906,35.11000061035156,34.72999954223633,34.72999954223633,34.72999954223633,23669
"RLAY","Relay Therapeutics, Inc. - Common Stock","2021-11-08 13:30:00-05:00",34.7599983215332,35.06999969482422,34.54499816894531,34.630001068115234,34.630001068115234,23918
"RLAY","Relay Therapeutics, Inc. - Common Stock","2021-11-08 14:30:00-05:00",34.56999969482422,35.650001525878906,34.56999969482422,35.560001373291016,35.560001373291016,57994
"RLAY","Relay Therapeutics, Inc. - Common Stock","2021-11-08 15:30:00-05:00",35.560001373291016,35.900001525878906,35.314998626708984,35.599998474121094,35.599998474121094,170413
"RLAY","Relay Therapeutics, Inc. - Common Stock","2021-11-08 16:00:00-05:00",35.53,35.53,35.53,35.53,35.53,0
"RLAY","Relay Therapeutics, Inc. - Common Stock","2021-11-09 08:00:00-05:00",35.83,35.83,35.83,35.83,35.83,0
"RLAY","Relay Therapeutics, Inc. - Common Stock","2021-11-09 09:30:00-05:00",35.65999984741211,36.20000076293945,35.168399810791016,35.52000045776367,35.52000045776367,33228
"RLAY","Relay Therapeutics, Inc. - Common Stock","2021-11-09 10:30:00-05:00",35.64500045776367,35.79999923706055,35.2599983215332,35.61000061035156,35.61000061035156,35923
"RLAY","Relay Therapeutics, Inc. - Common Stock","2021-11-09 11:30:00-05:00",35.650001525878906,35.724998474121094,35.290000915527344,35.400001525878906,35.400001525878906,56728
"RLAY","Relay Therapeutics, Inc. - Common Stock","2021-11-09 12:30:00-05:00",35.529998779296875,35.54999923706055,35.310001373291016,35.39500045776367,35.39500045776367,28663
"RLAY","Relay Therapeutics, Inc. - Common Stock","2021-11-09 13:30:00-05:00",35.350101470947266,35.470001220703125,35.16999816894531,35.275001525878906,35.275001525878906,41841
"RLAY","Relay Therapeutics, Inc. - Common Stock","2021-11-09 14:30:00-05:00",35.310001373291016,35.45000076293945,35.02000045776367,35.18000030517578,35.18000030517578,30364
"RLAY","Relay Therapeutics, Inc. - Common Stock","2021-11-09 15:30:00-05:00",35.18000030517578,35.400001525878906,34.959999084472656,35.09000015258789,35.09000015258789,85900
"RLAY","Relay Therapeutics, Inc. - Common Stock","2021-11-09 16:00:00-05:00",35.1,35.4,35.1,35.1,35.1,0
"RLAY","Relay Therapeutics, Inc. - Common Stock","2021-11-09 17:00:00-05:00",34.0,34.0,34.0,34.0,34.0,0
"RLAY","Relay Therapeutics, Inc. - Common Stock","2021-11-09 18:00:00-05:00",35.1,35.1,35.1,35.1,35.1,0
"RLAY","Relay Therapeutics, Inc. - Common Stock","2021-11-10 09:30:00-05:00",35.09000015258789,35.650001525878906,34.5099983215332,35.180999755859375,35.180999755859375,46456
"RLAY","Relay Therapeutics, Inc. - Common Stock","2021-11-10 10:30:00-05:00",35.189998626708984,35.38999938964844,34.5,34.75,34.75,29952
"RLAY","Relay Therapeutics, Inc. - Common Stock","2021-11-10 11:30:00-05:00",34.68000030517578,34.834999084472656,34.560001373291016,34.76499938964844,34.76499938964844,26591
"RLAY","Relay Therapeutics, Inc. - Common Stock","2021-11-10 12:30:00-05:00",34.720001220703125,34.75,34.36000061035156,34.54999923706055,34.54999923706055,23067
"RLAY","Relay Therapeutics, Inc. - Common Stock","2021-11-10 13:30:00-05:00",34.43000030517578,34.58000183105469,33.96500015258789,34.02000045776367,34.02000045776367,96138
"RLAY","Relay Therapeutics, Inc. - Common Stock","2021-11-10 14:30:00-05:00",34.025001525878906,34.220001220703125,33.40999984741211,33.68000030517578,33.68000030517578,52168
"RLAY","Relay Therapeutics, Inc. - Common Stock","2021-11-10 15:30:00-05:00",33.72999954223633,33.93000030517578,33.65999984741211,33.81999969482422,33.81999969482422,90604
"RLAY","Relay Therapeutics, Inc. - Common Stock","2021-11-10 16:00:00-05:00",33.74,33.74,33.74,33.74,33.74,0
"RLAY","Relay Therapeutics, Inc. - Common Stock","2021-11-11 09:00:00-05:00",34.78,34.78,34.78,34.78,34.78,0
"RLAY","Relay Therapeutics, Inc. - Common Stock","2021-11-11 09:30:00-05:00",34.75,34.75,33.38999938964844,33.959999084472656,33.959999084472656,67697
"RLAY","Relay Therapeutics, Inc. - Common Stock","2021-11-11 10:30:00-05:00",33.970001220703125,35.7599983215332,33.90999984741211,35.709999084472656,35.709999084472656,243357
"RLAY","Relay Therapeutics, Inc. - Common Stock","2021-11-11 11:30:00-05:00",35.709999084472656,36.02000045776367,35.709999084472656,35.97999954223633,35.97999954223633,103108
"RLAY","Relay Therapeutics, Inc. - Common Stock","2021-11-11 12:30:00-05:00",35.97999954223633,36.630001068115234,35.86000061035156,35.96500015258789,35.96500015258789,70514
"RLAY","Relay Therapeutics, Inc. - Common Stock","2021-11-11 13:30:00-05:00",36.0,36.03499984741211,35.529998779296875,35.900001525878906,35.900001525878906,45967
"RLAY","Relay Therapeutics, Inc. - Common Stock","2021-11-11 14:30:00-05:00",35.83000183105469,35.84000015258789,35.290000915527344,35.5,35.5,42228
"RLAY","Relay Therapeutics, Inc. - Common Stock","2021-11-11 15:30:00-05:00",35.5,35.994998931884766,35.470001220703125,35.689998626708984,35.689998626708984,116158
"RLAY","Relay Therapeutics, Inc. - Common Stock","2021-11-11 16:00:00-05:00",35.7,35.7,35.7,35.7,35.7,47568
"RLAY","Relay Therapeutics, Inc. - Common Stock","2021-11-12 09:00:00-05:00",36.0,36.0,36.0,36.0,36.0,0
"RLAY","Relay Therapeutics, Inc. - Common Stock","2021-11-12 09:30:00-05:00",35.7400016784668,35.7400016784668,34.880001068115234,35.470001220703125,35.470001220703125,28083
"RLAY","Relay Therapeutics, Inc. - Common Stock","2021-11-12 10:30:00-05:00",35.400001525878906,35.880001068115234,35.279998779296875,35.880001068115234,35.880001068115234,20163
"RLAY","Relay Therapeutics, Inc. - Common Stock","2021-11-12 11:30:00-05:00",35.87300109863281,35.88999938964844,35.29499816894531,35.33000183105469,35.33000183105469,45241
"RLAY","Relay Therapeutics, Inc. - Common Stock","2021-11-12 12:30:00-05:00",35.22999954223633,35.31999969482422,34.900001525878906,35.29999923706055,35.29999923706055,18842
"RLAY","Relay Therapeutics, Inc. - Common Stock","2021-11-12 13:30:00-05:00",35.279998779296875,35.29999923706055,35.029998779296875,35.029998779296875,35.029998779296875,14951
"RLAY","Relay Therapeutics, Inc. - Common Stock","2021-11-12 14:30:00-05:00",34.970001220703125,35.279998779296875,34.970001220703125,35.279998779296875,35.279998779296875,16926
"RLAY","Relay Therapeutics, Inc. - Common Stock","2021-11-12 15:30:00-05:00",35.279998779296875,35.29999923706055,35.11000061035156,35.130001068115234,35.130001068115234,64576
"RLAY","Relay Therapeutics, Inc. - Common Stock","2021-11-12 16:00:00-05:00",35.21,35.21,35.21,35.21,35.21,0
"RLAY","Relay Therapeutics, Inc. - Common Stock","2021-11-12 17:00:00-05:00",35.21,35.21,35.21,35.21,35.21,0
"RLAY","Relay Therapeutics, Inc. - Common Stock","2021-11-15 09:30:00-05:00",35.029998779296875,35.81999969482422,34.04999923706055,35.470001220703125,35.470001220703125,33482
"RLAY","Relay Therapeutics, Inc. - Common Stock","2021-11-15 10:30:00-05:00",35.380001068115234,35.869998931884766,35.36000061035156,35.61000061035156,35.61000061035156,32717
"RLAY","Relay Therapeutics, Inc. - Common Stock","2021-11-15 11:30:00-05:00",35.61000061035156,35.900001525878906,35.060001373291016,35.09000015258789,35.09000015258789,21987
"RLAY","Relay Therapeutics, Inc. - Common Stock","2021-11-15 12:30:00-05:00",34.959999084472656,35.36000061035156,34.95500183105469,35.220001220703125,35.220001220703125,14137
"RLAY","Relay Therapeutics, Inc. - Common Stock","2021-11-15 13:30:00-05:00",35.23500061035156,35.61000061035156,35.23500061035156,35.595001220703125,35.595001220703125,17738
"RLAY","Relay Therapeutics, Inc. - Common Stock","2021-11-15 14:30:00-05:00",35.58000183105469,35.64500045776367,35.119998931884766,35.540000915527344,35.540000915527344,34328
"RLAY","Relay Therapeutics, Inc. - Common Stock","2021-11-15 15:30:00-05:00",35.5,35.5099983215332,35.14680099487305,35.31999969482422,35.31999969482422,57356
"RLAY","Relay Therapeutics, Inc. - Common Stock","2021-11-15 16:00:00-05:00",35.32,35.32,35.32,35.32,35.32,0
"RLAY","Relay Therapeutics, Inc. - Common Stock","2021-11-16 08:00:00-05:00",35.2,35.2,35.2,35.2,35.2,0
"RLAY","Relay Therapeutics, Inc. - Common Stock","2021-11-16 09:00:00-05:00",36.24,36.25,35.72,35.72,35.72,0
"RLAY","Relay Therapeutics, Inc. - Common Stock","2021-11-16 09:30:00-05:00",35.650001525878906,35.97999954223633,35.0,35.06999969482422,35.06999969482422,48612
"RLAY","Relay Therapeutics, Inc. - Common Stock","2021-11-16 10:30:00-05:00",35.08000183105469,35.400001525878906,34.970001220703125,35.29999923706055,35.29999923706055,68557
"RLAY","Relay Therapeutics, Inc. - Common Stock","2021-11-16 11:30:00-05:00",35.40999984741211,35.5099983215332,35.20000076293945,35.459999084472656,35.459999084472656,38043
"RLAY","Relay Therapeutics, Inc. - Common Stock","2021-11-16 12:30:00-05:00",35.54499816894531,35.54499816894531,35.22100067138672,35.22999954223633,35.22999954223633,28247
"RLAY","Relay Therapeutics, Inc. - Common Stock","2021-11-16 13:30:00-05:00",35.22999954223633,35.41999816894531,35.11000061035156,35.380001068115234,35.380001068115234,26536
"RLAY","Relay Therapeutics, Inc. - Common Stock","2021-11-16 14:30:00-05:00",35.3849983215332,35.41999816894531,35.13999938964844,35.28499984741211,35.28499984741211,48122
"RLAY","Relay Therapeutics, Inc. - Common Stock","2021-11-16 15:30:00-05:00",35.26499938964844,35.459999084472656,35.119998931884766,35.34000015258789,35.34000015258789,95242
"RLAY","Relay Therapeutics, Inc. - Common Stock","2021-11-16 16:00:00-05:00",35.39,35.39,35.39,35.39,35.39,0
"RLAY","Relay Therapeutics, Inc. - Common Stock","2021-11-17 09:30:00-05:00",35.08000183105469,36.220001220703125,34.68000030517578,35.529998779296875,35.529998779296875,57811
"RLAY","Relay Therapeutics, Inc. - Common Stock","2021-11-17 10:30:00-05:00",35.54999923706055,35.72999954223633,35.08000183105469,35.66999816894531,35.66999816894531,20058
"RLAY","Relay Therapeutics, Inc. - Common Stock","2021-11-17 11:30:00-05:00",35.70000076293945,35.862998962402344,35.650001525878906,35.779998779296875,35.779998779296875,22658
"RLAY","Relay Therapeutics, Inc. - Common Stock","2021-11-17 12:30:00-05:00",35.84000015258789,35.970001220703125,35.77000045776367,35.939998626708984,35.939998626708984,21172
"RLAY","Relay Therapeutics, Inc. - Common Stock","2021-11-17 13:30:00-05:00",35.959999084472656,36.040000915527344,35.599998474121094,35.775001525878906,35.775001525878906,42788
"RLAY","Relay Therapeutics, Inc. - Common Stock","2021-11-17 14:30:00-05:00",35.76499938964844,36.02999877929688,35.76499938964844,35.974998474121094,35.974998474121094,53809
"RLAY","Relay Therapeutics, Inc. - Common Stock","2021-11-17 15:30:00-05:00",35.97999954223633,36.0099983215332,35.82500076293945,35.88999938964844,35.88999938964844,114115
"RLAY","Relay Therapeutics, Inc. - Common Stock","2021-11-17 16:00:00-05:00",35.94,35.94,35.94,35.94,35.94,0
"RLAY","Relay Therapeutics, Inc. - Common Stock","2021-11-18 09:00:00-05:00",35.93,35.99,35.93,35.99,35.99,0
"RLAY","Relay Therapeutics, Inc. - Common Stock","2021-11-18 09:30:00-05:00",36.0,36.46500015258789,35.23500061035156,35.63999938964844,35.63999938964844,48776
"RLAY","Relay Therapeutics, Inc. - Common Stock","2021-11-18 10:30:00-05:00",35.470001220703125,36.0,35.38999938964844,35.9900016784668,35.9900016784668,33556
"RLAY","Relay Therapeutics, Inc. - Common Stock","2021-11-18 11:30:00-05:00",36.0,36.59000015258789,35.959999084472656,36.02000045776367,36.02000045776367,31141
"RLAY","Relay Therapeutics, Inc. - Common Stock","2021-11-18 12:30:00-05:00",35.92499923706055,36.02999877929688,35.650001525878906,35.755001068115234,35.755001068115234,29387
"RLAY","Relay Therapeutics, Inc. - Common Stock","2021-11-18 13:30:00-05:00",35.7599983215332,35.790000915527344,35.369998931884766,35.415000915527344,35.415000915527344,52197
"RLAY","Relay Therapeutics, Inc. - Common Stock","2021-11-18 14:30:00-05:00",35.369998931884766,35.40999984741211,34.880001068115234,34.88999938964844,34.88999938964844,82321
"RLAY","Relay Therapeutics, Inc. - Common Stock","2021-11-18 15:30:00-05:00",34.880001068115234,35.16999816894531,34.79999923706055,34.9900016784668,34.9900016784668,123563
"RLAY","Relay Therapeutics, Inc. - Common Stock","2021-11-18 16:00:00-05:00",35.04,35.04,34.96,35.04,35.04,0
"RLAY","Relay Therapeutics, Inc. - Common Stock","2021-11-19 09:30:00-05:00",35.060001373291016,35.470001220703125,34.7400016784668,35.04999923706055,35.04999923706055,29181
"RLAY","Relay Therapeutics, Inc. - Common Stock","2021-11-19 10:30:00-05:00",35.150001525878906,35.369998931884766,34.81999969482422,35.0,35.0,47372
"RLAY","Relay Therapeutics, Inc. - Common Stock","2021-11-19 11:30:00-05:00",35.08000183105469,35.2400016784668,34.4900016784668,34.68000030517578,34.68000030517578,49578
"RLAY","Relay Therapeutics, Inc. - Common Stock","2021-11-19 12:30:00-05:00",34.65999984741211,34.70000076293945,34.29999923706055,34.529998779296875,34.529998779296875,59996
"RLAY","Relay Therapeutics, Inc. - Common Stock","2021-11-19 13:30:00-05:00",34.55500030517578,34.61000061035156,34.38999938964844,34.439998626708984,34.439998626708984,25336
"RLAY","Relay Therapeutics, Inc. - Common Stock","2021-11-19 14:30:00-05:00",34.474998474121094,34.4900016784668,34.22999954223633,34.45000076293945,34.45000076293945,28228
"RLAY","Relay Therapeutics, Inc. - Common Stock","2021-11-19 15:30:00-05:00",34.439998626708984,34.56999969482422,34.2400016784668,34.5099983215332,34.5099983215332,59676
"RLAY","Relay Therapeutics, Inc. - Common Stock","2021-11-19 16:00:00-05:00",34.49,34.49,34.49,34.49,34.49,0
"RLAY","Relay Therapeutics, Inc. - Common Stock","2021-11-22 09:00:00-05:00",36.1,36.1,36.1,36.1,36.1,0
"RLAY","Relay Therapeutics, Inc. - Common Stock","2021-11-22 09:30:00-05:00",34.36000061035156,35.7599983215332,34.220001220703125,35.290000915527344,35.290000915527344,64167
"RLAY","Relay Therapeutics, Inc. - Common Stock","2021-11-22 10:30:00-05:00",35.36000061035156,35.60499954223633,35.06999969482422,35.06999969482422,35.06999969482422,25741
"RLAY","Relay Therapeutics, Inc. - Common Stock","2021-11-22 11:30:00-05:00",35.09000015258789,35.19499969482422,34.63999938964844,34.68000030517578,34.68000030517578,29538
"RLAY","Relay Therapeutics, Inc. - Common Stock","2021-11-22 12:30:00-05:00",34.68000030517578,34.81999969482422,34.65999984741211,34.720001220703125,34.720001220703125,42243
"RLAY","Relay Therapeutics, Inc. - Common Stock","2021-11-22 13:30:00-05:00",34.70000076293945,34.81999969482422,34.61000061035156,34.630001068115234,34.630001068115234,24895
"RLAY","Relay Therapeutics, Inc. - Common Stock","2021-11-22 14:30:00-05:00",34.630001068115234,34.974998474121094,34.494998931884766,34.75,34.75,39925
"RLAY","Relay Therapeutics, Inc. - Common Stock","2021-11-22 15:30:00-05:00",34.75,34.790000915527344,34.18000030517578,34.209999084472656,34.209999084472656,69225
"RLAY","Relay Therapeutics, Inc. - Common Stock","2021-11-22 16:00:00-05:00",34.28,34.28,34.28,34.28,34.28,0
"RLAY","Relay Therapeutics, Inc. - Common Stock","2021-11-23 07:00:00-05:00",34.1,34.9,34.1,34.1,34.1,0
"RLAY","Relay Therapeutics, Inc. - Common Stock","2021-11-23 09:00:00-05:00",34.0,34.0,34.0,34.0,34.0,0
"RLAY","Relay Therapeutics, Inc. - Common Stock","2021-11-23 09:30:00-05:00",34.29999923706055,34.459999084472656,28.600000381469727,28.799999237060547,28.799999237060547,144037
"RLAY","Relay Therapeutics, Inc. - Common Stock","2021-11-23 10:30:00-05:00",28.947399139404297,30.63999938964844,28.799999237060547,30.56999969482422,30.56999969482422,191172
"RLAY","Relay Therapeutics, Inc. - Common Stock","2021-11-23 11:30:00-05:00",30.6299991607666,30.959999084472656,30.049999237060547,30.43000030517578,30.43000030517578,88524
"RLAY","Relay Therapeutics, Inc. - Common Stock","2021-11-23 12:30:00-05:00",30.44499969482422,30.90999984741211,30.44499969482422,30.799999237060547,30.799999237060547,133233
"RLAY","Relay Therapeutics, Inc. - Common Stock","2021-11-23 13:30:00-05:00",30.81999969482422,30.89999961853028,30.459999084472656,30.6299991607666,30.6299991607666,91267
"RLAY","Relay Therapeutics, Inc. - Common Stock","2021-11-23 14:30:00-05:00",30.670000076293945,31.15999984741211,30.56999969482422,31.059999465942383,31.059999465942383,85214
"RLAY","Relay Therapeutics, Inc. - Common Stock","2021-11-23 15:30:00-05:00",31.05500030517578,31.75,31.05500030517578,31.65999984741211,31.65999984741211,128216
"RLAY","Relay Therapeutics, Inc. - Common Stock","2021-11-23 16:00:00-05:00",31.61,31.61,31.61,31.61,31.61,68204
"RLAY","Relay Therapeutics, Inc. - Common Stock","2021-11-24 09:30:00-05:00",31.26000022888184,32.189998626708984,30.739999771118164,31.65999984741211,31.65999984741211,0
"RLAY","Relay Therapeutics, Inc. - Common Stock","2021-11-24 10:30:00-05:00",31.61000061035156,31.655000686645508,30.59000015258789,31.06999969482422,31.06999969482422,68827
"RLAY","Relay Therapeutics, Inc. - Common Stock","2021-11-24 11:30:00-05:00",31.21999931335449,31.38999938964844,30.84000015258789,31.065000534057617,31.065000534057617,45870
"RLAY","Relay Therapeutics, Inc. - Common Stock","2021-11-24 12:30:00-05:00",31.07999992370605,31.46999931335449,30.75,31.46999931335449,31.46999931335449,41876
"RLAY","Relay Therapeutics, Inc. - Common Stock","2021-11-24 13:30:00-05:00",31.450000762939453,31.450000762939453,30.88999938964844,30.93000030517578,30.93000030517578,44758
"RLAY","Relay Therapeutics, Inc. - Common Stock","2021-11-24 14:30:00-05:00",30.93000030517578,31.46999931335449,30.924999237060547,31.3700008392334,31.3700008392334,47505
"RLAY","Relay Therapeutics, Inc. - Common Stock","2021-11-24 15:30:00-05:00",31.38999938964844,31.61000061035156,31.280000686645508,31.36000061035156,31.36000061035156,94617
"RLAY","Relay Therapeutics, Inc. - Common Stock","2021-11-26 09:30:00-05:00",30.89999961853028,31.21999931335449,30.128400802612305,30.229999542236328,30.229999542236328,0
"RLAY","Relay Therapeutics, Inc. - Common Stock","2021-11-26 10:30:00-05:00",30.21999931335449,30.600000381469727,28.530000686645508,28.61000061035156,28.61000061035156,176756
"RLAY","Relay Therapeutics, Inc. - Common Stock","2021-11-26 11:30:00-05:00",28.670000076293945,29.89999961853028,28.59000015258789,29.89999961853028,29.89999961853028,138034
"RLAY","Relay Therapeutics, Inc. - Common Stock","2021-11-26 13:00:00-05:00",29.90800094604492,30.15999984741211,29.68000030517578,29.809999465942383,29.809999465942383,0
"RLAY","Relay Therapeutics, Inc. - Common Stock","2021-11-29 08:00:00-05:00",29.81,29.81,29.81,29.81,29.81,0
"RLAY","Relay Therapeutics, Inc. - Common Stock","2021-11-29 09:00:00-05:00",30.36,30.36,30.36,30.36,30.36,0
"RLAY","Relay Therapeutics, Inc. - Common Stock","2021-11-29 09:30:00-05:00",30.440000534057617,31.88999938964844,29.989999771118164,30.299999237060547,30.299999237060547,76499
"RLAY","Relay Therapeutics, Inc. - Common Stock","2021-11-29 10:30:00-05:00",30.420000076293945,30.86000061035156,29.489999771118164,30.65999984741211,30.65999984741211,101244
"RLAY","Relay Therapeutics, Inc. - Common Stock","2021-11-29 11:30:00-05:00",30.670000076293945,30.76000022888184,30.229999542236328,30.76000022888184,30.76000022888184,27515
"RLAY","Relay Therapeutics, Inc. - Common Stock","2021-11-29 12:30:00-05:00",30.790000915527344,31.190000534057617,30.549999237060547,30.86000061035156,30.86000061035156,31875
"RLAY","Relay Therapeutics, Inc. - Common Stock","2021-11-29 13:30:00-05:00",30.90999984741211,30.91959953308105,30.364999771118164,30.48500061035156,30.48500061035156,34464
"RLAY","Relay Therapeutics, Inc. - Common Stock","2021-11-29 14:30:00-05:00",30.51499938964844,30.709999084472656,29.01000022888184,29.55500030517578,29.55500030517578,168857
"RLAY","Relay Therapeutics, Inc. - Common Stock","2021-11-29 15:30:00-05:00",29.52499961853028,29.790000915527344,28.57999992370605,28.94499969482422,28.94499969482422,179833
"RLAY","Relay Therapeutics, Inc. - Common Stock","2021-11-29 16:00:00-05:00",28.94,28.94,28.94,28.94,28.94,0
"RLAY","Relay Therapeutics, Inc. - Common Stock","2021-11-29 17:00:00-05:00",28.94,28.94,28.94,28.94,28.94,0
"RLAY","Relay Therapeutics, Inc. - Common Stock","2021-12-01 09:00:00-05:00",30.0,30.0,30.0,30.0,30.0,0
"RLAY","Relay Therapeutics, Inc. - Common Stock","2021-12-01 09:30:00-05:00",29.75,30.459999084472656,29.239999771118164,30.1200008392334,30.1200008392334,35363
"RLAY","Relay Therapeutics, Inc. - Common Stock","2021-12-01 10:30:00-05:00",30.18000030517578,30.690000534057617,30.065000534057617,30.39999961853028,30.39999961853028,56220
"RLAY","Relay Therapeutics, Inc. - Common Stock","2021-12-01 11:30:00-05:00",30.440000534057617,30.61000061035156,30.36000061035156,30.43000030517578,30.43000030517578,64491
"RLAY","Relay Therapeutics, Inc. - Common Stock","2021-12-01 12:30:00-05:00",30.375,30.5,29.809999465942383,30.06999969482422,30.06999969482422,50098
"RLAY","Relay Therapeutics, Inc. - Common Stock","2021-12-01 13:30:00-05:00",30.06999969482422,30.100000381469727,29.489999771118164,29.75,29.75,137134
"RLAY","Relay Therapeutics, Inc. - Common Stock","2021-12-01 14:30:00-05:00",29.76000022888184,29.940000534057617,29.09000015258789,29.200000762939453,29.200000762939453,59529
"RLAY","Relay Therapeutics, Inc. - Common Stock","2021-12-01 15:30:00-05:00",29.19499969482422,29.46999931335449,28.65999984741211,28.670000076293945,28.670000076293945,127929
"RLAY","Relay Therapeutics, Inc. - Common Stock","2021-12-01 16:00:00-05:00",28.66,28.66,28.66,28.66,28.66,110801
"RLAY","Relay Therapeutics, Inc. - Common Stock","2021-12-02 09:00:00-05:00",28.17,28.28,28.04,28.16,28.16,0
"RLAY","Relay Therapeutics, Inc. - Common Stock","2021-12-02 09:30:00-05:00",28.40999984741211,29.950000762939453,27.959999084472656,29.38500022888184,29.38500022888184,42173
"RLAY","Relay Therapeutics, Inc. - Common Stock","2021-12-02 10:30:00-05:00",29.530000686645508,29.64999961853028,29.09000015258789,29.5,29.5,59866
"RLAY","Relay Therapeutics, Inc. - Common Stock","2021-12-02 11:30:00-05:00",29.5,29.540000915527344,29.229999542236328,29.46500015258789,29.46500015258789,22363
"RLAY","Relay Therapeutics, Inc. - Common Stock","2021-12-02 12:30:00-05:00",29.549999237060547,29.549999237060547,29.21999931335449,29.229999542236328,29.229999542236328,21888
"RLAY","Relay Therapeutics, Inc. - Common Stock","2021-12-02 13:30:00-05:00",29.280000686645508,29.76000022888184,29.239999771118164,29.700000762939453,29.700000762939453,43134
"RLAY","Relay Therapeutics, Inc. - Common Stock","2021-12-02 14:30:00-05:00",29.71999931335449,29.780000686645508,29.38500022888184,29.565000534057617,29.565000534057617,46459
"RLAY","Relay Therapeutics, Inc. - Common Stock","2021-12-02 15:30:00-05:00",29.559999465942383,29.71500015258789,29.34000015258789,29.420000076293945,29.420000076293945,81664
"RLAY","Relay Therapeutics, Inc. - Common Stock","2021-12-02 16:00:00-05:00",29.44,29.44,29.44,29.44,29.44,0
"RLAY","Relay Therapeutics, Inc. - Common Stock","2021-12-03 09:30:00-05:00",29.6299991607666,29.6299991607666,28.39999961853028,28.61000061035156,28.61000061035156,108318
"RLAY","Relay Therapeutics, Inc. - Common Stock","2021-12-03 10:30:00-05:00",28.530000686645508,28.530000686645508,27.73500061035156,28.174999237060547,28.174999237060547,77096
"RLAY","Relay Therapeutics, Inc. - Common Stock","2021-12-03 11:30:00-05:00",28.21999931335449,28.530000686645508,28.030000686645508,28.11000061035156,28.11000061035156,105763
"RLAY","Relay Therapeutics, Inc. - Common Stock","2021-12-03 12:30:00-05:00",28.13999938964844,28.75,28.040000915527344,28.549999237060547,28.549999237060547,52020
"RLAY","Relay Therapeutics, Inc. - Common Stock","2021-12-03 13:30:00-05:00",28.44499969482422,28.479999542236328,27.82999992370605,28.125,28.125,28762
"RLAY","Relay Therapeutics, Inc. - Common Stock","2021-12-03 14:30:00-05:00",28.049999237060547,28.18000030517578,27.84499931335449,28.07999992370605,28.07999992370605,39430
"RLAY","Relay Therapeutics, Inc. - Common Stock","2021-12-03 15:30:00-05:00",28.059999465942383,28.309999465942383,27.90999984741211,28.18000030517578,28.18000030517578,102510
"RLAY","Relay Therapeutics, Inc. - Common Stock","2021-12-03 16:00:00-05:00",28.18,28.18,28.18,28.18,28.18,0
"RLAY","Relay Therapeutics, Inc. - Common Stock","2021-12-03 18:00:00-05:00",28.18,28.18,28.18,28.18,28.18,0
"RLAY","Relay Therapeutics, Inc. - Common Stock","2021-12-06 07:00:00-05:00",28.0,28.0,28.0,28.0,28.0,0
"RLAY","Relay Therapeutics, Inc. - Common Stock","2021-12-06 09:30:00-05:00",28.1200008392334,28.549999237060547,27.209999084472656,27.815000534057617,27.815000534057617,81794
"RLAY","Relay Therapeutics, Inc. - Common Stock","2021-12-06 10:30:00-05:00",27.8700008392334,27.88999938964844,27.420000076293945,27.6200008392334,27.6200008392334,71121
"RLAY","Relay Therapeutics, Inc. - Common Stock","2021-12-06 11:30:00-05:00",27.709999084472656,27.834999084472656,27.5,27.690000534057617,27.690000534057617,23908
"RLAY","Relay Therapeutics, Inc. - Common Stock","2021-12-06 12:30:00-05:00",27.739999771118164,28.21999931335449,27.700000762939453,28.200000762939453,28.200000762939453,46853
"RLAY","Relay Therapeutics, Inc. - Common Stock","2021-12-06 13:30:00-05:00",28.200000762939453,28.790000915527344,28.13999938964844,28.739999771118164,28.739999771118164,46986
"RLAY","Relay Therapeutics, Inc. - Common Stock","2021-12-06 14:30:00-05:00",28.71500015258789,28.71500015258789,27.57999992370605,27.915000915527344,27.915000915527344,79341
"RLAY","Relay Therapeutics, Inc. - Common Stock","2021-12-06 15:30:00-05:00",27.950000762939453,28.114999771118164,27.739999771118164,27.920000076293945,27.920000076293945,74262
"RLAY","Relay Therapeutics, Inc. - Common Stock","2021-12-06 16:00:00-05:00",27.96,27.96,27.96,27.96,27.96,0
"RLAY","Relay Therapeutics, Inc. - Common Stock","2021-12-07 09:30:00-05:00",29.43000030517578,29.645000457763672,28.6299991607666,29.530000686645508,29.530000686645508,28340
"RLAY","Relay Therapeutics, Inc. - Common Stock","2021-12-07 10:30:00-05:00",29.459999084472656,30.350000381469727,29.459999084472656,30.07999992370605,30.07999992370605,34477
"RLAY","Relay Therapeutics, Inc. - Common Stock","2021-12-07 11:30:00-05:00",30.065000534057617,30.39999961853028,30.01000022888184,30.229999542236328,30.229999542236328,39590
"RLAY","Relay Therapeutics, Inc. - Common Stock","2021-12-07 12:30:00-05:00",30.25,30.475000381469727,30.040000915527344,30.045000076293945,30.045000076293945,42639
"RLAY","Relay Therapeutics, Inc. - Common Stock","2021-12-07 13:30:00-05:00",30.049999237060547,30.26000022888184,29.920000076293945,30.14999961853028,30.14999961853028,38325
"RLAY","Relay Therapeutics, Inc. - Common Stock","2021-12-07 14:30:00-05:00",30.21999931335449,30.239999771118164,29.90999984741211,29.94499969482422,29.94499969482422,59026
"RLAY","Relay Therapeutics, Inc. - Common Stock","2021-12-07 15:30:00-05:00",29.94499969482422,29.94499969482422,29.299999237060547,29.450000762939453,29.450000762939453,92117
"RLAY","Relay Therapeutics, Inc. - Common Stock","2021-12-07 16:00:00-05:00",29.5,29.5,29.5,29.5,29.5,0
"RLAY","Relay Therapeutics, Inc. - Common Stock","2021-12-08 08:00:00-05:00",29.5,29.5,29.5,29.5,29.5,0
"RLAY","Relay Therapeutics, Inc. - Common Stock","2021-12-08 09:30:00-05:00",29.450000762939453,29.790000915527344,29.040000915527344,29.790000915527344,29.790000915527344,27730
"RLAY","Relay Therapeutics, Inc. - Common Stock","2021-12-08 10:30:00-05:00",29.799999237060547,30.239999771118164,29.540000915527344,30.13999938964844,30.13999938964844,21103
"RLAY","Relay Therapeutics, Inc. - Common Stock","2021-12-08 11:30:00-05:00",30.11000061035156,30.45499992370605,30.09000015258789,30.38999938964844,30.38999938964844,16596
"RLAY","Relay Therapeutics, Inc. - Common Stock","2021-12-08 12:30:00-05:00",30.395000457763672,30.51000022888184,30.059999465942383,30.489999771118164,30.489999771118164,26631
"RLAY","Relay Therapeutics, Inc. - Common Stock","2021-12-08 13:30:00-05:00",30.5,30.709999084472656,30.459999084472656,30.61000061035156,30.61000061035156,21220
"RLAY","Relay Therapeutics, Inc. - Common Stock","2021-12-08 14:30:00-05:00",30.68000030517578,30.8700008392334,30.559999465942383,30.68000030517578,30.68000030517578,34824
"RLAY","Relay Therapeutics, Inc. - Common Stock","2021-12-08 15:30:00-05:00",30.690000534057617,30.979999542236328,30.2509994506836,30.850000381469727,30.850000381469727,111417
"RLAY","Relay Therapeutics, Inc. - Common Stock","2021-12-08 16:00:00-05:00",30.8,30.85,30.8,30.85,30.85,0
"RLAY","Relay Therapeutics, Inc. - Common Stock","2021-12-08 17:00:00-05:00",30.85,31.0,30.85,30.85,30.85,0
"RLAY","Relay Therapeutics, Inc. - Common Stock","2021-12-09 09:30:00-05:00",30.959999084472656,30.959999084472656,30.5,30.6200008392334,30.6200008392334,38087
"RLAY","Relay Therapeutics, Inc. - Common Stock","2021-12-09 10:30:00-05:00",30.55500030517578,30.65999984741211,30.100000381469727,30.475000381469727,30.475000381469727,23897
"RLAY","Relay Therapeutics, Inc. - Common Stock","2021-12-09 11:30:00-05:00",30.46999931335449,30.51000022888184,30.09000015258789,30.25,30.25,32686
"RLAY","Relay Therapeutics, Inc. - Common Stock","2021-12-09 12:30:00-05:00",30.26000022888184,30.31999969482422,29.920000076293945,29.940000534057617,29.940000534057617,22530
"RLAY","Relay Therapeutics, Inc. - Common Stock","2021-12-09 13:30:00-05:00",29.959999084472656,30.0,29.299999237060547,29.309999465942383,29.309999465942383,49297
"RLAY","Relay Therapeutics, Inc. - Common Stock","2021-12-09 14:30:00-05:00",29.375,29.530000686645508,29.229999542236328,29.350000381469727,29.350000381469727,30328
"RLAY","Relay Therapeutics, Inc. - Common Stock","2021-12-09 15:30:00-05:00",29.3700008392334,29.5,29.049999237060547,29.09000015258789,29.09000015258789,82404
"RLAY","Relay Therapeutics, Inc. - Common Stock","2021-12-09 16:00:00-05:00",29.08,29.08,29.08,29.08,29.08,0
"RLAY","Relay Therapeutics, Inc. - Common Stock","2021-12-10 09:30:00-05:00",29.38999938964844,29.530000686645508,28.36000061035156,28.989999771118164,28.989999771118164,31900
"RLAY","Relay Therapeutics, Inc. - Common Stock","2021-12-10 10:30:00-05:00",28.989999771118164,28.989999771118164,28.270000457763672,28.350000381469727,28.350000381469727,26803
"RLAY","Relay Therapeutics, Inc. - Common Stock","2021-12-10 11:30:00-05:00",28.32999992370605,28.670000076293945,28.170000076293945,28.584999084472656,28.584999084472656,23518
"RLAY","Relay Therapeutics, Inc. - Common Stock","2021-12-10 12:30:00-05:00",28.549999237060547,28.665000915527344,28.450000762939453,28.549999237060547,28.549999237060547,24654
"RLAY","Relay Therapeutics, Inc. - Common Stock","2021-12-10 13:30:00-05:00",28.51000022888184,28.51000022888184,28.26000022888184,28.26000022888184,28.26000022888184,27823
"RLAY","Relay Therapeutics, Inc. - Common Stock","2021-12-10 14:30:00-05:00",28.290000915527344,28.39999961853028,28.059999465942383,28.200000762939453,28.200000762939453,34267
"RLAY","Relay Therapeutics, Inc. - Common Stock","2021-12-10 15:30:00-05:00",28.200000762939453,28.280000686645508,28.020000457763672,28.25,28.25,69580
"RLAY","Relay Therapeutics, Inc. - Common Stock","2021-12-10 16:00:00-05:00",28.22,28.22,28.22,28.22,28.22,55682
"RLAY","Relay Therapeutics, Inc. - Common Stock","2021-12-10 17:00:00-05:00",28.22,28.22,28.22,28.22,28.22,0
"RLAY","Relay Therapeutics, Inc. - Common Stock","2021-12-13 09:30:00-05:00",28.11000061035156,28.73500061035156,28.040000915527344,28.32999992370605,28.32999992370605,54927
"RLAY","Relay Therapeutics, Inc. - Common Stock","2021-12-13 10:30:00-05:00",28.270000457763672,28.31999969482422,27.850000381469727,27.979999542236328,27.979999542236328,58332
"RLAY","Relay Therapeutics, Inc. - Common Stock","2021-12-13 11:30:00-05:00",27.93000030517578,28.09000015258789,27.790000915527344,27.989999771118164,27.989999771118164,42030
"RLAY","Relay Therapeutics, Inc. - Common Stock","2021-12-13 12:30:00-05:00",27.979999542236328,28.14999961853028,27.88999938964844,28.11000061035156,28.11000061035156,26210
"RLAY","Relay Therapeutics, Inc. - Common Stock","2021-12-13 13:30:00-05:00",28.06999969482422,28.36000061035156,27.57999992370605,27.71999931335449,27.71999931335449,90335
"RLAY","Relay Therapeutics, Inc. - Common Stock","2021-12-13 14:30:00-05:00",27.729999542236328,28.13500022888184,27.61000061035156,27.959999084472656,27.959999084472656,76062
"RLAY","Relay Therapeutics, Inc. - Common Stock","2021-12-13 15:30:00-05:00",27.89999961853028,28.059999465942383,27.8700008392334,27.940000534057617,27.940000534057617,69743
"RLAY","Relay Therapeutics, Inc. - Common Stock","2021-12-13 16:00:00-05:00",27.93,27.93,27.93,27.93,27.93,0
"RLAY","Relay Therapeutics, Inc. - Common Stock","2021-12-13 17:00:00-05:00",27.93,27.93,27.93,27.93,27.93,0
"RLAY","Relay Therapeutics, Inc. - Common Stock","2021-12-14 09:30:00-05:00",27.420000076293945,28.76000022888184,27.26000022888184,28.38500022888184,28.38500022888184,54960
"RLAY","Relay Therapeutics, Inc. - Common Stock","2021-12-14 10:30:00-05:00",28.38999938964844,28.450000762939453,27.700000762939453,27.7450008392334,27.7450008392334,28106
"RLAY","Relay Therapeutics, Inc. - Common Stock","2021-12-14 11:30:00-05:00",27.729999542236328,27.9950008392334,27.57999992370605,27.989999771118164,27.989999771118164,30433
"RLAY","Relay Therapeutics, Inc. - Common Stock","2021-12-14 12:30:00-05:00",27.989999771118164,28.18000030517578,27.770000457763672,28.049999237060547,28.049999237060547,25728
"RLAY","Relay Therapeutics, Inc. - Common Stock","2021-12-14 13:30:00-05:00",28.0,28.0,27.75,27.84000015258789,27.84000015258789,63662
"RLAY","Relay Therapeutics, Inc. - Common Stock","2021-12-14 14:30:00-05:00",27.92989921569824,28.604999542236328,27.799999237060547,28.604999542236328,28.604999542236328,44113
"RLAY","Relay Therapeutics, Inc. - Common Stock","2021-12-14 15:30:00-05:00",28.549999237060547,28.56999969482422,27.739999771118164,27.89999961853028,27.89999961853028,132743
"RLAY","Relay Therapeutics, Inc. - Common Stock","2021-12-14 16:00:00-05:00",27.91,27.91,27.91,27.91,27.91,0
"RLAY","Relay Therapeutics, Inc. - Common Stock","2021-12-14 17:00:00-05:00",27.91,27.91,27.91,27.91,27.91,0
"RLAY","Relay Therapeutics, Inc. - Common Stock","2021-12-15 09:30:00-05:00",27.940000534057617,28.385400772094727,27.5,28.18000030517578,28.18000030517578,66016
"RLAY","Relay Therapeutics, Inc. - Common Stock","2021-12-15 10:30:00-05:00",28.34499931335449,28.43000030517578,27.8700008392334,28.239999771118164,28.239999771118164,47971
"RLAY","Relay Therapeutics, Inc. - Common Stock","2021-12-15 11:30:00-05:00",28.229999542236328,28.43000030517578,28.13999938964844,28.38500022888184,28.38500022888184,123987
"RLAY","Relay Therapeutics, Inc. - Common Stock","2021-12-15 12:30:00-05:00",28.36000061035156,28.799999237060547,28.200000762939453,28.420000076293945,28.420000076293945,46672
"RLAY","Relay Therapeutics, Inc. - Common Stock","2021-12-15 13:30:00-05:00",28.420000076293945,29.012500762939453,28.26000022888184,28.459999084472656,28.459999084472656,96612
"RLAY","Relay Therapeutics, Inc. - Common Stock","2021-12-15 14:30:00-05:00",28.45499992370605,29.01499938964844,28.26000022888184,28.729999542236328,28.729999542236328,119619
"RLAY","Relay Therapeutics, Inc. - Common Stock","2021-12-15 15:30:00-05:00",28.84000015258789,29.059999465942383,28.479999542236328,29.059999465942383,29.059999465942383,178112
"RLAY","Relay Therapeutics, Inc. - Common Stock","2021-12-15 16:00:00-05:00",29.06,29.06,29.06,29.06,29.06,0
"RLAY","Relay Therapeutics, Inc. - Common Stock","2021-12-15 18:00:00-05:00",29.0,29.0,29.0,29.0,29.0,0
"RLAY","Relay Therapeutics, Inc. - Common Stock","2021-12-16 09:30:00-05:00",29.309999465942383,29.850000381469727,29.15999984741211,29.530000686645508,29.530000686645508,54335
"RLAY","Relay Therapeutics, Inc. - Common Stock","2021-12-16 10:30:00-05:00",29.790000915527344,29.96999931335449,29.26000022888184,29.26000022888184,29.26000022888184,36723
"RLAY","Relay Therapeutics, Inc. - Common Stock","2021-12-16 11:30:00-05:00",29.25,29.309999465942383,28.475000381469727,28.700000762939453,28.700000762939453,52816
"RLAY","Relay Therapeutics, Inc. - Common Stock","2021-12-16 12:30:00-05:00",28.684999465942383,28.690000534057617,28.34000015258789,28.645000457763672,28.645000457763672,48311
"RLAY","Relay Therapeutics, Inc. - Common Stock","2021-12-16 13:30:00-05:00",28.6200008392334,28.924999237060547,28.239999771118164,28.299999237060547,28.299999237060547,41963
"RLAY","Relay Therapeutics, Inc. - Common Stock","2021-12-16 14:30:00-05:00",28.239999771118164,28.31999969482422,28.020000457763672,28.26499938964844,28.26499938964844,60760
"RLAY","Relay Therapeutics, Inc. - Common Stock","2021-12-16 15:30:00-05:00",28.290000915527344,28.39999961853028,28.06999969482422,28.13999938964844,28.13999938964844,106754
"RLAY","Relay Therapeutics, Inc. - Common Stock","2021-12-16 16:00:00-05:00",28.14,28.14,28.14,28.14,28.14,0
"RLAY","Relay Therapeutics, Inc. - Common Stock","2021-12-17 09:30:00-05:00",27.89999961853028,29.100000381469727,27.450000762939453,28.940000534057617,28.940000534057617,112381
"RLAY","Relay Therapeutics, Inc. - Common Stock","2021-12-17 10:30:00-05:00",28.950000762939453,29.75,28.940000534057617,29.364999771118164,29.364999771118164,34414
"RLAY","Relay Therapeutics, Inc. - Common Stock","2021-12-17 11:30:00-05:00",29.364999771118164,29.850000381469727,29.25,29.614999771118164,29.614999771118164,37586
"RLAY","Relay Therapeutics, Inc. - Common Stock","2021-12-17 12:30:00-05:00",29.540000915527344,29.920000076293945,29.229999542236328,29.31999969482422,29.31999969482422,68005
"RLAY","Relay Therapeutics, Inc. - Common Stock","2021-12-17 13:30:00-05:00",29.31999969482422,29.36000061035156,28.989999771118164,29.049999237060547,29.049999237060547,76743
"RLAY","Relay Therapeutics, Inc. - Common Stock","2021-12-17 14:30:00-05:00",29.06999969482422,29.270000457763672,28.790000915527344,29.13500022888184,29.13500022888184,71028
"RLAY","Relay Therapeutics, Inc. - Common Stock","2021-12-17 15:30:00-05:00",29.13500022888184,29.299999237060547,28.299999237060547,29.26000022888184,29.26000022888184,201493
"RLAY","Relay Therapeutics, Inc. - Common Stock","2021-12-17 16:00:00-05:00",29.21,29.21,29.209,29.21,29.21,0
"RLAY","Relay Therapeutics, Inc. - Common Stock","2021-12-17 17:00:00-05:00",29.21,29.8,29.21,29.8,29.8,0
"RLAY","Relay Therapeutics, Inc. - Common Stock","2021-12-17 18:00:00-05:00",29.21,29.21,29.21,29.21,29.21,0
"RLAY","Relay Therapeutics, Inc. - Common Stock","2021-12-20 07:00:00-05:00",29.21,29.21,29.21,29.21,29.21,0
"RLAY","Relay Therapeutics, Inc. - Common Stock","2021-12-20 09:00:00-05:00",29.21,29.21,29.21,29.21,29.21,0
"RLAY","Relay Therapeutics, Inc. - Common Stock","2021-12-20 09:30:00-05:00",28.780000686645508,29.520000457763672,28.36000061035156,29.31999969482422,29.31999969482422,62206
"RLAY","Relay Therapeutics, Inc. - Common Stock","2021-12-20 10:30:00-05:00",29.39999961853028,29.59000015258789,29.06999969482422,29.450000762939453,29.450000762939453,60197
"RLAY","Relay Therapeutics, Inc. - Common Stock","2021-12-20 11:30:00-05:00",29.375,29.540000915527344,29.1299991607666,29.200000762939453,29.200000762939453,39252
"RLAY","Relay Therapeutics, Inc. - Common Stock","2021-12-20 12:30:00-05:00",29.209999084472656,29.5,29.18000030517578,29.450000762939453,29.450000762939453,26505
"RLAY","Relay Therapeutics, Inc. - Common Stock","2021-12-20 13:30:00-05:00",29.350000381469727,30.059999465942383,29.270000457763672,29.809999465942383,29.809999465942383,47138
"RLAY","Relay Therapeutics, Inc. - Common Stock","2021-12-20 14:30:00-05:00",29.86000061035156,30.38999938964844,29.73500061035156,30.309999465942383,30.309999465942383,54664
"RLAY","Relay Therapeutics, Inc. - Common Stock","2021-12-20 15:30:00-05:00",30.26000022888184,30.3799991607666,29.940000534057617,30.1299991607666,30.1299991607666,91787
"RLAY","Relay Therapeutics, Inc. - Common Stock","2021-12-20 16:00:00-05:00",30.14,30.14,29.4054,29.4054,29.4054,0
"RLAY","Relay Therapeutics, Inc. - Common Stock","2021-12-20 17:00:00-05:00",30.14,30.14,30.14,30.14,30.14,0
"RLAY","Relay Therapeutics, Inc. - Common Stock","2021-12-20 18:00:00-05:00",30.14,30.14,30.14,30.14,30.14,0
"RLAY","Relay Therapeutics, Inc. - Common Stock","2021-12-21 09:30:00-05:00",30.14999961853028,30.56999969482422,29.690000534057617,30.174999237060547,30.174999237060547,37588
"RLAY","Relay Therapeutics, Inc. - Common Stock","2021-12-21 10:30:00-05:00",30.2091007232666,30.799999237060547,30.174999237060547,30.655000686645508,30.655000686645508,41331
"RLAY","Relay Therapeutics, Inc. - Common Stock","2021-12-21 11:30:00-05:00",30.700000762939453,31.0,30.549999237060547,30.790000915527344,30.790000915527344,48041
"RLAY","Relay Therapeutics, Inc. - Common Stock","2021-12-21 12:30:00-05:00",30.77499961853028,30.80500030517578,30.229999542236328,30.46999931335449,30.46999931335449,74856
"RLAY","Relay Therapeutics, Inc. - Common Stock","2021-12-21 13:30:00-05:00",30.549999237060547,30.920000076293945,30.545000076293945,30.864999771118164,30.864999771118164,48235
"RLAY","Relay Therapeutics, Inc. - Common Stock","2021-12-21 14:30:00-05:00",30.834999084472656,31.06999969482422,30.479999542236328,30.56999969482422,30.56999969482422,45043
"RLAY","Relay Therapeutics, Inc. - Common Stock","2021-12-21 15:30:00-05:00",30.61000061035156,31.100000381469727,30.61000061035156,31.06999969482422,31.06999969482422,96122
"RLAY","Relay Therapeutics, Inc. - Common Stock","2021-12-21 16:00:00-05:00",31.07,31.07,31.07,31.07,31.07,0
"RLAY","Relay Therapeutics, Inc. - Common Stock","2021-12-22 09:30:00-05:00",31.049999237060547,31.100000381469727,29.96999931335449,30.299999237060547,30.299999237060547,91544
"RLAY","Relay Therapeutics, Inc. - Common Stock","2021-12-22 10:30:00-05:00",30.28499984741211,31.07999992370605,30.28499984741211,30.770000457763672,30.770000457763672,73205
"RLAY","Relay Therapeutics, Inc. - Common Stock","2021-12-22 11:30:00-05:00",30.770000457763672,31.280000686645508,30.665000915527344,30.86000061035156,30.86000061035156,36637
"RLAY","Relay Therapeutics, Inc. - Common Stock","2021-12-22 12:30:00-05:00",30.959999084472656,31.530000686645508,30.95499992370605,31.190000534057617,31.190000534057617,41661
"RLAY","Relay Therapeutics, Inc. - Common Stock","2021-12-22 13:30:00-05:00",31.21999931335449,31.3799991607666,31.14999961853028,31.18000030517578,31.18000030517578,34251
"RLAY","Relay Therapeutics, Inc. - Common Stock","2021-12-22 14:30:00-05:00",31.13999938964844,31.52499961853028,31.13999938964844,31.299999237060547,31.299999237060547,29991
"RLAY","Relay Therapeutics, Inc. - Common Stock","2021-12-22 15:30:00-05:00",31.30500030517578,31.59000015258789,31.290000915527344,31.559999465942383,31.559999465942383,58662
"RLAY","Relay Therapeutics, Inc. - Common Stock","2021-12-22 16:00:00-05:00",31.56,31.56,31.56,31.56,31.56,0
"RLAY","Relay Therapeutics, Inc. - Common Stock","2021-12-22 17:00:00-05:00",31.56,31.56,31.56,31.56,31.56,0
"RLAY","Relay Therapeutics, Inc. - Common Stock","2021-12-23 09:30:00-05:00",31.709999084472656,32.33000183105469,31.38999938964844,32.33000183105469,32.33000183105469,20621
"RLAY","Relay Therapeutics, Inc. - Common Stock","2021-12-23 10:30:00-05:00",32.345001220703125,33.15999984741211,32.345001220703125,33.0,33.0,29930
"RLAY","Relay Therapeutics, Inc. - Common Stock","2021-12-23 11:30:00-05:00",32.98500061035156,33.16999816894531,32.7599983215332,33.099998474121094,33.099998474121094,21811
"RLAY","Relay Therapeutics, Inc. - Common Stock","2021-12-23 12:30:00-05:00",33.11000061035156,33.494998931884766,32.869998931884766,33.400001525878906,33.400001525878906,36872
"RLAY","Relay Therapeutics, Inc. - Common Stock","2021-12-23 13:30:00-05:00",33.38999938964844,33.560001373291016,33.209999084472656,33.2599983215332,33.2599983215332,25123
"RLAY","Relay Therapeutics, Inc. - Common Stock","2021-12-23 14:30:00-05:00",33.27000045776367,33.38999938964844,32.915000915527344,33.290000915527344,33.290000915527344,26745
"RLAY","Relay Therapeutics, Inc. - Common Stock","2021-12-23 15:30:00-05:00",33.2400016784668,33.4900016784668,33.084999084472656,33.470001220703125,33.470001220703125,74381
"RLAY","Relay Therapeutics, Inc. - Common Stock","2021-12-23 16:00:00-05:00",33.4,33.4,33.4,33.4,33.4,0
"RLAY","Relay Therapeutics, Inc. - Common Stock","2021-12-23 17:00:00-05:00",33.4,33.4,33.4,33.4,33.4,0
"RLAY","Relay Therapeutics, Inc. - Common Stock","2021-12-27 09:30:00-05:00",33.099998474121094,33.57500076293945,31.670000076293945,32.20500183105469,32.20500183105469,43270
"RLAY","Relay Therapeutics, Inc. - Common Stock","2021-12-27 10:30:00-05:00",32.20500183105469,32.849998474121094,31.950000762939453,32.505001068115234,32.505001068115234,33038
"RLAY","Relay Therapeutics, Inc. - Common Stock","2021-12-27 11:30:00-05:00",32.4900016784668,32.54999923706055,32.279998779296875,32.5,32.5,38850
"RLAY","Relay Therapeutics, Inc. - Common Stock","2021-12-27 12:30:00-05:00",32.5099983215332,32.5099983215332,32.21500015258789,32.25,32.25,21371
"RLAY","Relay Therapeutics, Inc. - Common Stock","2021-12-27 13:30:00-05:00",32.25,32.40999984741211,31.934999465942383,32.34000015258789,32.34000015258789,31679
"RLAY","Relay Therapeutics, Inc. - Common Stock","2021-12-27 14:30:00-05:00",32.35499954223633,32.5099983215332,32.22999954223633,32.40999984741211,32.40999984741211,33760
"RLAY","Relay Therapeutics, Inc. - Common Stock","2021-12-27 15:30:00-05:00",32.404998779296875,32.43000030517578,32.08000183105469,32.150001525878906,32.150001525878906,106659
"RLAY","Relay Therapeutics, Inc. - Common Stock","2021-12-27 16:00:00-05:00",32.15,32.15,32.15,32.15,32.15,0
"RLAY","Relay Therapeutics, Inc. - Common Stock","2021-12-27 17:00:00-05:00",32.15,32.15,32.15,32.15,32.15,0
"RLAY","Relay Therapeutics, Inc. - Common Stock","2021-12-28 09:30:00-05:00",31.81999969482422,32.66999816894531,31.26000022888184,32.505001068115234,32.505001068115234,32415
"RLAY","Relay Therapeutics, Inc. - Common Stock","2021-12-28 10:30:00-05:00",32.54999923706055,32.54999923706055,31.540000915527344,31.540000915527344,31.540000915527344,18657
"RLAY","Relay Therapeutics, Inc. - Common Stock","2021-12-28 11:30:00-05:00",31.450000762939453,31.51000022888184,31.030000686645508,31.13999938964844,31.13999938964844,33250
"RLAY","Relay Therapeutics, Inc. - Common Stock","2021-12-28 12:30:00-05:00",31.13999938964844,31.15999984741211,30.87700080871582,31.049999237060547,31.049999237060547,18895
"RLAY","Relay Therapeutics, Inc. - Common Stock","2021-12-28 13:30:00-05:00",31.030000686645508,31.56999969482422,30.94300079345703,31.46500015258789,31.46500015258789,39970
"RLAY","Relay Therapeutics, Inc. - Common Stock","2021-12-28 14:30:00-05:00",31.51000022888184,31.575000762939453,31.11000061035156,31.3799991607666,31.3799991607666,53165
"RLAY","Relay Therapeutics, Inc. - Common Stock","2021-12-28 15:30:00-05:00",31.36000061035156,31.459999084472656,31.07999992370605,31.14999961853028,31.14999961853028,71275
"RLAY","Relay Therapeutics, Inc. - Common Stock","2021-12-28 16:00:00-05:00",31.16,31.16,31.16,31.16,31.16,64107
"RLAY","Relay Therapeutics, Inc. - Common Stock","2021-12-29 09:30:00-05:00",31.11000061035156,31.11000061035156,30.325000762939453,30.520000457763672,30.520000457763672,0
"RLAY","Relay Therapeutics, Inc. - Common Stock","2021-12-29 10:30:00-05:00",30.46999931335449,30.63999938964844,30.270000457763672,30.5,30.5,16684
"RLAY","Relay Therapeutics, Inc. - Common Stock","2021-12-29 11:30:00-05:00",30.3799991607666,30.440000534057617,30.09000015258789,30.25,30.25,17801
"RLAY","Relay Therapeutics, Inc. - Common Stock","2021-12-29 12:30:00-05:00",30.190000534057617,30.190000534057617,29.76000022888184,29.80500030517578,29.80500030517578,15763
"RLAY","Relay Therapeutics, Inc. - Common Stock","2021-12-29 13:30:00-05:00",29.80500030517578,30.36000061035156,29.80500030517578,30.36000061035156,30.36000061035156,22287
"RLAY","Relay Therapeutics, Inc. - Common Stock","2021-12-29 14:30:00-05:00",30.420000076293945,30.5,29.864999771118164,29.88999938964844,29.88999938964844,26846
"RLAY","Relay Therapeutics, Inc. - Common Stock","2021-12-29 15:30:00-05:00",29.88999938964844,30.209999084472656,29.78499984741211,30.18000030517578,30.18000030517578,53394
"RLAY","Relay Therapeutics, Inc. - Common Stock","2021-12-29 16:00:00-05:00",30.19,30.19,30.19,30.19,30.19,0
"RLAY","Relay Therapeutics, Inc. - Common Stock","2021-12-30 06:00:00-05:00",29.75,29.75,29.75,29.75,29.75,0
"RLAY","Relay Therapeutics, Inc. - Common Stock","2021-12-30 09:30:00-05:00",30.18000030517578,30.88999938964844,29.709999084472656,30.700000762939453,30.700000762939453,39442
"RLAY","Relay Therapeutics, Inc. - Common Stock","2021-12-30 10:30:00-05:00",30.63999938964844,31.540000915527344,30.6299991607666,31.5,31.5,29296
"RLAY","Relay Therapeutics, Inc. - Common Stock","2021-12-30 11:30:00-05:00",31.559999465942383,31.64999961853028,31.25,31.31999969482422,31.31999969482422,21617
"RLAY","Relay Therapeutics, Inc. - Common Stock","2021-12-30 12:30:00-05:00",31.31999969482422,31.915000915527344,31.299999237060547,31.89999961853028,31.89999961853028,13569
"RLAY","Relay Therapeutics, Inc. - Common Stock","2021-12-30 13:30:00-05:00",31.959999084472656,32.099998474121094,31.6299991607666,32.040000915527344,32.040000915527344,27178
"RLAY","Relay Therapeutics, Inc. - Common Stock","2021-12-30 14:30:00-05:00",31.959999084472656,32.119998931884766,31.64999961853028,31.770000457763672,31.770000457763672,39249
"RLAY","Relay Therapeutics, Inc. - Common Stock","2021-12-30 15:30:00-05:00",31.770000457763672,31.850000381469727,31.29010009765625,31.43000030517578,31.43000030517578,60449
"RLAY","Relay Therapeutics, Inc. - Common Stock","2021-12-30 16:00:00-05:00",31.47,31.47,31.47,31.47,31.47,0
